10
Cu        -1.72278            -0.971689           1.83166             
Cu        -0.178149           -2.48738            0.378986            
Au        0.36173             -0.112984           0.817282            
Au        -1.82367            1.28604             0.702199            
Cu        2.2111              -1.52462            -0.0185707          
Cu        0.484177            2.30572             0.354808            
Au        -1.89733            -0.952739           -0.625082           
Au        1.9281              0.758707            -1.06238            
Cu        -0.551429           0.990522            -1.45402            
Au        0.459923            -1.28406            -1.73377            
