10
0         -1.72278            -0.971689           1.83166             
0         -0.178149           -2.48738            0.378986            
1         0.36173             -0.112984           0.817282            
1         -1.82367            1.28604             0.702199            
0         2.2111              -1.52462            -0.0185707          
0         0.484177            2.30572             0.354808            
1         -1.89733            -0.952739           -0.625082           
1         1.9281              0.758707            -1.06238            
0         -0.551429           0.990522            -1.45402            
1         0.459923            -1.28406            -1.73377            
