38
Au        -0.567589           0.760747            -0.258081           
Cu        1.87026             0.632508            0.474379            
Cu        -1.45982            -2.14411            -7.17253            
Cu        0.763587            -0.968188           -6.49823            
Cu        0.742072            1.6278              -6.15332            
Cu        -1.25959            -1.1997             -4.83828            
Cu        -1.25852            1.38917             -4.47978            
Cu        2.36386             2.13012             -4.14001            
Cu        3.3086              -0.199403           -3.32519            
Cu        0.387301            -2.28077            -3.17336            
Cu        -0.972744           -0.228879           -2.57502            
Cu        0.374743            1.89105             -2.46866            
Cu        1.34389             -0.427424           -1.69178            
Cu        -2.80354            -0.437982           -1.02959            
Au        -1.39527            0.381393            -6.86872            
Au        -1.41322            3.02719             -6.53085            
Au        -3.50147            -1.07368            -6.05974            
Au        2.93425             0.296829            -5.85317            
Au        -3.51895            1.61313             -5.68941            
Au        0.133082            -3.27283            -5.54487            
Au        -2.49984            -3.42487            -5.21099            
Au        2.43911             -2.10254            -4.87292            
Au        0.227319            3.52563             -4.48339            
Au        0.927906            0.0437254           -4.19174            
Au        -2.46583            3.61092             -4.11366            
Au        -3.3211             -0.0453089          -3.5832             
Au        -0.819942           -4.50977            -3.39049            
Au        -2.31041            -2.40913            -2.73476            
Au        1.87625             4.06283             -2.44908            
Au        2.79776             -2.51228            -2.23938            
Au        -0.769676           4.1436              -2.01582            
Au        -2.25565            1.9117              -2.03485            
Au        2.82214             1.71212             -1.64955            
Au        0.796832            -3.99237            -1.31053            
Au        3.79409             -0.556796           -0.763635           
Au        -0.666068           -1.89224            -0.663411           
Au        0.915413            2.95742             -0.206966           
Au        1.83369             -1.99985            0.251455            
