38
1         -0.567589           0.760747            -0.258081           
0         1.87026             0.632508            0.474379            
0         -1.45982            -2.14411            -7.17253            
0         0.763587            -0.968188           -6.49823            
0         0.742072            1.6278              -6.15332            
0         -1.25959            -1.1997             -4.83828            
0         -1.25852            1.38917             -4.47978            
0         2.36386             2.13012             -4.14001            
0         3.3086              -0.199403           -3.32519            
0         0.387301            -2.28077            -3.17336            
0         -0.972744           -0.228879           -2.57502            
0         0.374743            1.89105             -2.46866            
0         1.34389             -0.427424           -1.69178            
0         -2.80354            -0.437982           -1.02959            
1         -1.39527            0.381393            -6.86872            
1         -1.41322            3.02719             -6.53085            
1         -3.50147            -1.07368            -6.05974            
1         2.93425             0.296829            -5.85317            
1         -3.51895            1.61313             -5.68941            
1         0.133082            -3.27283            -5.54487            
1         -2.49984            -3.42487            -5.21099            
1         2.43911             -2.10254            -4.87292            
1         0.227319            3.52563             -4.48339            
1         0.927906            0.0437254           -4.19174            
1         -2.46583            3.61092             -4.11366            
1         -3.3211             -0.0453089          -3.5832             
1         -0.819942           -4.50977            -3.39049            
1         -2.31041            -2.40913            -2.73476            
1         1.87625             4.06283             -2.44908            
1         2.79776             -2.51228            -2.23938            
1         -0.769676           4.1436              -2.01582            
1         -2.25565            1.9117              -2.03485            
1         2.82214             1.71212             -1.64955            
1         0.796832            -3.99237            -1.31053            
1         3.79409             -0.556796           -0.763635           
1         -0.666068           -1.89224            -0.663411           
1         0.915413            2.95742             -0.206966           
1         1.83369             -1.99985            0.251455            
