15
Au        -0.649828           -1.23093            0.45898             
Au        1.62854             -2.67689            0.642255            
Au        -0.253419           1.4847              0.761218            
Cu        -0.180356           0.320751            -1.55301            
Au        -0.223081           -0.728598           -3.92214            
Au        -2.20969            0.893956            -3.10228            
Au        0.273737            1.88827             -3.573              
Au        3.2872              -1.90598            -1.2451             
Au        2.12222             0.0573794           -2.69536            
Au        -1.94797            -1.53023            -1.95933            
Au        -1.17249            2.73928             -1.43716            
Au        0.696347            -2.14862            -1.79113            
Au        -2.49918            0.599597            -0.417671           
Au        1.85279             -0.0910441          0.0655752           
Au        1.47151             2.28634             -1.20158            
