16
Au        0.355395            -0.418139           3.98215             
Au        -1.47651            1.42352             3.35809             
Au        1.14425             2.01954             3.04993             
Cu        -1.76122            -1.05501            2.63087             
Au        2.37172             -0.224816           2.2287              
Au        -0.632741           2.73484             1.13356             
Au        0.506684            -2.18163            1.95011             
Cu        -0.0271342          0.306116            1.57313             
Au        -2.46746            0.835561            0.984591            
Au        1.74164             1.69675             0.385339            
Au        0.513927            -3.15238            -0.527525           
Cu        -0.519049           0.931663            -0.774583           
Cu        1.41542             -0.839444           -0.093825           
Au        0.0244092           -1.18376            -2.19139            
Au        1.66175             0.774172            -2.03638            
Au        -1.30649            -1.38664            0.103146            
