16
1         0.355395            -0.418139           3.98215             
1         -1.47651            1.42352             3.35809             
1         1.14425             2.01954             3.04993             
0         -1.76122            -1.05501            2.63087             
1         2.37172             -0.224816           2.2287              
1         -0.632741           2.73484             1.13356             
1         0.506684            -2.18163            1.95011             
0         -0.0271342          0.306116            1.57313             
1         -2.46746            0.835561            0.984591            
1         1.74164             1.69675             0.385339            
1         0.513927            -3.15238            -0.527525           
0         -0.519049           0.931663            -0.774583           
0         1.41542             -0.839444           -0.093825           
1         0.0244092           -1.18376            -2.19139            
1         1.66175             0.774172            -2.03638            
1         -1.30649            -1.38664            0.103146            
