15
1         -1.58946            2.14417             -1.36408            
1         -2.29793            -0.459143           -1.53017            
1         1.09432             2.27713             -1.06513            
1         -0.648773           0.727507            3.04856             
1         -1.88298            2.21962             1.24068             
1         -0.452355           -1.79921            2.4071              
1         1.74301             -0.158309           1.87981             
1         1.20953             -2.3549             0.40173             
1         -0.297797           0.135806            0.159707            
1         -2.62766            -0.374494           1.39301             
1         2.07271             -0.242676           -1.0433             
1         0.0393939           -1.92519            -1.95159            
1         0.800803            2.35232             1.53963             
1         0.00680843          0.559521            -2.76372            
1         -1.57118            -2.49252            0.0920336           
