10
1         1.62153             -0.143622           3.71124             
1         -0.424898           -1.74559            3.26706             
0         -2.56443            -0.569689           2.56346             
1         -0.468619           0.740426            2.38782             
0         1.23017             -1.11381            1.44722             
1         1.96218             1.31628             1.54234             
1         -1.15711            -1.45676            0.75265             
0         -0.099768           2.59168             0.782685            
0         -2.0341             0.879684            0.468346            
1         0.311228            0.426647            -0.308253           
