38
1         0.670853            1.47733             4.55294             
1         0.761033            -1.21829            4.21273             
1         -1.40298            0.242567            3.24798             
1         2.31012             2.6944              2.758               
1         2.99414             0.271371            3.78335             
1         -1.62523            -2.43795            3.76157             
1         -0.442597           2.66831             2.34609             
1         0.70041             -3.64513            2.9912              
0         0.293421            1.71542             -1.79616            
0         -1.2042             -2.06723            -0.38977            
0         1.22797             2.10296             0.417906            
0         -0.229501           -1.57831            1.7866              
0         0.981987            0.483931            2.21236             
1         -0.613897           -1.41017            -4.58146            
1         -0.715212           1.34587             -4.26208            
1         1.67723             2.53858             -3.76768            
1         -2.98881            -0.177403           -3.7948             
1         1.52967             -0.147961           -3.28385            
1         -0.656926           3.75017             -2.99451            
1         -2.30331            -2.66525            -2.77074            
1         0.533913            -2.66296            -2.3488             
1         -0.906291           -0.382895           -2.12985            
1         2.85805             1.47629             -1.51476            
1         -2.38035            1.88162             -1.9887             
1         1.5737              3.96074             -1.44954            
1         -1.10695            -4.49359            -1.15311            
1         -3.37607            -0.633366           -1.05363            
1         1.23357             -0.553696           -0.310576           
1         -3.44108            -3.28199            -0.379934           
1         -0.905924           3.43004             -0.26797            
1         0.949769            -3.34363            0.277265            
1         3.47038             3.35129             0.389951            
1         -1.12424            0.670173            0.470439            
1         3.33178             0.709151            1.09584             
1         1.14474             4.55845             1.16031             
1         -1.52797            -3.87343            1.46321             
1         2.37139             -1.7166             1.99771             
1         -2.8142             -1.38984            1.52407             
