15
Au        -1.26904            0.172141            -1.82347            
Au        0.228042            -2.06626            -1.47799            
Au        -2.6224             0.600258            0.469812            
Cu        1.52032             0.894458            1.29846             
Au        -0.384558           2.01072             -0.042699           
Au        1.3688              0.397398            -1.24233            
Au        -0.239708           -2.98968            1.06586             
Cu        -0.312398           -0.500031           0.461909            
Cu        -1.95062            -1.28792            2.12725             
Au        2.02171             -1.53275            0.455032            
Au        -0.842766           1.08288             2.43483             
Au        0.742809            -1.07879            2.78145             
Au        -2.24856            -1.90736            -0.39313            
Au        -1.24805            -0.582161           4.45325             
Au        -0.864089           -2.99357            3.64654             
