15
1         -1.26904            0.172141            -1.82347            
1         0.228042            -2.06626            -1.47799            
1         -2.6224             0.600258            0.469812            
0         1.52032             0.894458            1.29846             
1         -0.384558           2.01072             -0.042699           
1         1.3688              0.397398            -1.24233            
1         -0.239708           -2.98968            1.06586             
0         -0.312398           -0.500031           0.461909            
0         -1.95062            -1.28792            2.12725             
1         2.02171             -1.53275            0.455032            
1         -0.842766           1.08288             2.43483             
1         0.742809            -1.07879            2.78145             
1         -2.24856            -1.90736            -0.39313            
1         -1.24805            -0.582161           4.45325             
1         -0.864089           -2.99357            3.64654             
