38
Au        0.955544            0.624867            5.56998             
Au        1.48742             2.61342             3.67754             
Au        -0.953205           2.32016             4.9234              
Au        2.60901             0.142893            3.45644             
Au        -1.56115            -0.382293           4.91282             
Au        0.697648            -1.73399            4.22288             
Au        3.08809             -2.52023            3.20074             
Cu        -0.00552749         0.624009            3.17784             
Au        -3.76925            -1.11991            3.60256             
Au        0.797873            -3.79493            2.35774             
Au        -0.911464           3.18772             2.35286             
Au        3.14582             1.82927             1.40029             
Au        -2.76478            1.39829             3.1439              
Au        1.13172             -1.24236            1.45033             
Au        -1.60354            -2.8388             3.30178             
Au        3.81718             -0.829095           1.15598             
Au        -4.23672            0.0987322           1.24217             
Au        -1.64378            -0.630533           1.72083             
Au        2.9081              -3.34438            0.717614            
Au        1.52259             4.08058             1.45718             
Au        0.521387            1.46333             0.853385            
Au        -3.57559            -2.66648            1.4493              
Au        -0.982942           -2.97297            0.41804             
Cu        0.115947            1.61636             -1.69711            
Cu        -0.422001           -0.573181           -0.595868           
Au        -0.299538           1.73271             -4.27316            
Au        0.556377            3.86157             -2.90036            
Au        -1.95167            2.94053             -2.47462            
Au        2.18233             1.69167             -3.25823            
Au        -1.89644            0.246492            -2.67467            
Au        0.68691             -0.557743           -3.0635             
Au        1.2755              -2.43832            -1.14001            
Au        2.23334             0.172856            -0.878852           
Au        -1.14755            -2.40517            -2.30022            
Au        -2.98033            -1.2374             -0.721561           
Au        2.20029             2.99863             -0.908716           
Au        -2.10523            1.45848             -0.105244           
Au        -0.494415           3.78073             -0.357012           
