-21.2887
-15.222
-24.6592
-8.26287
10.0449
-20.9473
8.52624
21.7754
-6.30908
38.7467
-9.90819
-25.6261
-10.4638
-4.28983
-13.144
5.72164
-10.1578
1.76616
1.087
0.736928
11.9363
-23.2226
56.9244
-17.6371
-6.859
-7.06427
1.35269
22.8128
-0.228882
4.5662
3.41085
-2.3457
-9.89075
-1.36049
-10.1042
20.2938
-22.4538
50.1261
-10.481
6.3335
-4.51973
9.55101
-9.33407
0.891988
-0.911119
1.86041
1.15291
-3.55218
1.64943
21.9453
-1.56013
16.9011
7.36026
-1.92905
-12.1125
-9.17709
-8.60005
3.62747
8.25659
-11.7865
30.2749
-9.22797
15.4591
-7.17489
-16.657
-6.58231
3.32135
-6.13237
-10.4207
-19.3072
-14.647
2.72819
-10.5785
-3.24811
9.95262
-0.673044
-3.29477
14.4296
9.83843
14.2264
-7.27208
-9.7864
1.75917
-13.9729
2.52422
-4.63629
-13.6721
-19.9576
18.7534
-7.84724
-1.28137
6.96162
24.0497
-15.9466
6.2216
-1.39863
15.619
-9.44692
-0.499157
-0.833814
-0.331899
-21.7495
-6.9688
-6.57753
24.0876
5.48284
-6.43552
-2.81093
-13.8628
26.7337
34.3171
-19.461
4.45524
8.90132
-2.64283
-9.30708
9.7337
-8.9217
-1.35683
29.0924
-14.9152
-2.98883
-8.00975
-5.85219
-11.2187
0.644946
-11.0216
31.9929
-9.30155
-7.61703
-4.35253
6.31305
8.18642
12.5236
-11.1191
-11.4742
2.018
5.73412
-25.1995
-12.0765
-5.02867
-10.2912
-7.42532
7.41352
4.52941
6.28294
-4.3434
7.2209
-9.16988
-8.60876
22.5147
-16.9915
-11.1284
-1.08227
-8.94301
-1.40028
7.71863
0.00511879
-19.306
-7.84812
52.7769
-0.507612
-21.02
21.1249
-10.0258
-17.2042
28.2793
-7.5843
-5.549
1.23021
-6.81098
-10.9965
-7.55216
2.66883
0.845692
3.60429
-6.91181
25.0985
13.2436
0.609568
-17.038
-9.09194
7.46749
8.8147
-5.80381
14.7591
-27.0509
15.4174
13.8993
17.559
-18.6384
5.12434
-2.30673
-18.8812
-9.44262
27.2161
30.0757
7.77168
-14.1588
0.455384
2.39075
4.38097
-2.29323
-0.229499
-11.5356
2.26446
6.70813
0.43223
13.7677
-4.56017
-6.21891
-6.85885
-19.6619
-18.8839
6.52574
0.662819
-4.75845
-17.3345
20.2208
-2.29601
-12.0231
-4.51131
-9.2161
-0.753747
10.2613
22.7251
20.5123
-22.5851
-8.6295
0.124892
8.67387
-5.70085
7.04029
-5.65741
-3.88777
-8.07356
10.06
-2.32228
-1.18435
-0.59132
23.2403
-17.3711
3.63886
17.4399
-22.5573
-13.9026
20.5602
-8.56077
-20.2693
-7.20978
-18.1696
-15.0508
0.907548
-11.4633
1.92113
16.0998
1.54218
13.4485
-2.78496
1.48651
-12.0783
-3.54936
-14.812
3.86952
11.6583
-3.30469
-11.8616
-13.8247
1.30045
0.359266
23.3384
-11.6167
-4.21174
-3.1364
1.00719
28.736
-13.4436
-9.9038
-8.12541
-13.1548
-11.6823
7.60066
-19.9017
-13.6385
-0.625936
-8.06558
45.6991
-3.30251
11.7282
17.3003
-5.84561
3.8938
-13.8812
5.9638
55.2017
19.9752
50.092
9.02932
-10.7435
-7.06316
-7.06851
-8.62545
-0.570416
10.1865
-4.81932
-19.2321
3.72704
-9.42329
0.0198514
-12.1404
-10.2454
-3.97062
-11.8106
20.2766
20.7041
-0.772293
9.51651
2.37094
20.443
-3.44064
27.7906
-2.26447
-1.34943
-8.26774
-4.4691
1.71028
13.6117
4.12599
-4.13972
-6.6024
11.4123
-13.1994
-3.28602
7.75578
-9.08414
-14.0696
10.1577
12.2889
-10.3623
-8.26932
-0.145063
11.3771
9.35905
3.13205
5.13891
3.49298
-13.9742
8.08062
-5.37063
-7.43349
-12.1879
6.71006
-9.31075
-19.7654
-1.96289
0.0862825
5.9205
-13.5481
-2.93703
-8.68837
9.34648
-3.28416
-15.4961
-3.89419
6.69608
-0.899354
3.84734
-8.64946
5.60932
-0.0968066
3.70549
-8.62245
-10.6405
24.2256
1.415
11.3882
30.1175
-11.6398
2.66263
-11.8635
16.0012
-10.6153
-6.73113
-10.6081
15.4298
12.5557
-1.43963
-5.76525
12.8804
-5.70086
36.8857
-14.731
-7.77608
-18.5019
25.2335
-6.10483
-0.552488
-10.8977
0.0171385
-7.81481
-8.57576
-0.560783
-12.903
-5.4703
45.9446
-6.80701
-5.1017
-7.72618
1.68611
7.36441
-2.95787
-16.1409
-26.9016
-10.9038
-0.911801
8.49194
-11.5875
-2.63016
-1.27364
0.569787
0.346048
-5.05039
-4.17627
4.10242
3.61388
-23.8869
13.48
18.988
-9.38314
-5.98779
20.647
-0.0472444
4.21274
5.25763
-17.5604
-15.4599
26.323
-6.01346
-15.4597
-8.06765
-7.63548
-9.39065
-22.7508
-19.6901
5.37894
-4.64873
-5.76535
-7.51955
6.93198
5.82106
-7.08053
-6.65856
2.24655
-10.7535
11.0218
11.8534
-6.25987
5.33479
6.18745
-8.68658
-20.4139
-1.31748
-12.9496
3.75326
-3.7048
-12.0459
1.96945
-12.9475
18.1406
9.89463
-2.1317
-1.69408
-2.81281
42.1816
1.15336
61.533
-6.85963
-0.727149
-15.9125
-2.33174
0.179339
34.9335
13.2558
-10.8935
11.6374
4.58852
0.877616
-6.59807
4.87465
24.583
56.2801
11.5595
-14.1141
8.27881
34.9112
9.57086
-10.7116
-8.56221
-7.42211
-1.76556
12.3189
-10.0423
-9.44275
8.3735
-6.50666
-3.49399
-10.3805
-1.87822
44.8388
-22.5866
1.74412
16.1195
-9.84162
2.83195
2.47205
-8.90292
27.4728
-5.75554
-4.77093
-9.73252
-5.47109
-1.20492
5.10672
-8.36028
-5.42921
9.18992
12.3131
-0.997464
-0.520321
-18.8212
-7.50798
-14.4251
-10.3723
-5.55506
-3.63621
24.9355
4.12297
4.1442
-9.52416
-6.98963
-3.32738
-16.4631
-1.41864
-13.4328
-6.52825
9.05495
-9.18668
-12.8651
-4.18173
-5.47967
-1.44336
-4.34575
10.6296
21.0101
17.2466
-28.3298
15.2897
-4.15849
34.3505
13.8782
-0.870056
15.5325
-7.71391
4.27714
12.7953
0.688982
1.36387
2.10485
-15.2859
9.33893
-8.96238
3.92442
-13.5792
-2.35118
-0.631974
-2.06575
17.6103
2.55003
-2.09839
-18.7383
3.87695
1.60421
-23.4822
1.88032
-8.36165
-1.12585
2.42396
7.20098
14.6472
-20.4004
14.6223
3.85244
6.25744
26.5436
5.19819
-19.1518
8.19948
5.53544
5.87776
-11.4347
8.94789
-4.52986
-10.5696
19.3935
34.9853
-14.0903
-14.217
5.34136
16.1839
9.25227
-0.344136
8.41707
22.6219
-5.78613
9.27918
15.8475
-4.5355
-10.5535
-5.09448
7.72861
-0.765058
-16.8307
-2.16967
2.43947
0.467943
4.58456
-0.787243
5.07955
-9.02886
3.11551
-2.88128
-4.36395
-3.28303
-9.01056
-10.0921
10.5214
-16.6911
11.9858
6.56277
-12.0809
-7.81502
4.22078
-5.17216
-11.2758
18.0366
-16.0996
-12.5396
45.3114
-13.1574
-17.8655
27.039
1.49968
0.954357
-5.63854
-12.0753
8.2935
-0.426412
11.8202
-3.48145
-18.9637
-20.247
11.9249
8.52131
8.33879
-11.4925
37.5891
-2.16029
6.124
7.79486
-19.9995
-6.97165
14.3767
25.7832
-4.39629
-11.2112
-17.404
0.636142
-4.6409
-21.3977
-3.78949
-6.28259
10.1172
-0.523064
-8.2129
-20.2076
-8.78281
6.87175
10.0119
-24.2547
14.1301
-21.7567
-0.632684
-20.4741
-12.0991
-14.6019
17.0614
10.4262
23.5167
18.0331
-15.3616
-1.5233
-11.4141
6.18363
12.1164
-6.12556
4.63488
-2.30788
20.7028
-5.26293
-1.60362
-4.29377
-0.287686
-19.3902
1.76675
1.7849
-13.5383
-22.7171
29.9427
-4.23322
30.688
-4.33704
-2.77594
-0.560118
-6.83067
3.46972
11.4101
-20.0414
-5.75094
0.311862
19.7329
-15.2626
-9.02056
11.4619
15.7099
14.798
-0.270792
-4.12446
24.468
1.53339
-8.20588
-14.3783
16.863
-14.4597
8.9979
26.2409
-3.51402
-7.60127
-14.1638
2.78794
-4.89365
-14.5881
8.18185
-10.5262
-2.22812
-21.4391
6.05283
9.9626
-10.3918
-2.7081
-15.4261
11.9316
10.2659
-5.47105
-16.1511
-10.8536
-10.4946
-6.61122
27.2806
-7.49764
-1.5192
-4.78648
11.5175
12.5494
3.45863
-21.0649
-0.570284
-16.5164
0.990573
-12.6464
16.0963
-4.70557
-9.17359
3.10753
0.701646
-1.98604
-5.71197
6.51489
-8.80436
-12.3271
-6.86925
-2.18673
-13.5339
-7.91784
11.4908
6.30038
12.6978
-10.8412
4.74016
-2.78937
-16.7693
-6.30622
-21.3377
2.05032
-7.29169
-4.62967
-14.4539
-17.1532
-1.45936
-0.669816
0.873109
2.1056
-22.7971
-11.1091
-15.2589
18.8841
-18.9506
5.28604
8.61808
-14.6464
-11.4141
6.7434
3.76785
-4.31829
8.69624
-12.0854
-11.6493
-2.11624
25.0541
-21.6591
10.1306
37.4672
-15.018
-3.70494
-3.86428
6.50963
60.981
-3.91726
-7.70011
-16.4336
-12.574
5.83083
-2.55749
19.8295
4.03897
-21.9079
21.6895
15.249
-4.85551
-21.5028
-12.573
-16.2578
7.74254
-21.6639
22.807
2.55971
-3.14736
-8.20677
-9.2798
-1.38725
-10.1704
-4.14716
-8.13617
-15.4081
22.1446
-3.42995
-11.8867
14.1759
-6.46254
2.32627
-19.2876
34.0159
-9.54669
-15.4667
-8.83369
-5.24334
-0.468282
1.53801
-13.3065
-2.14995
-4.14444
1.59205
-13.8639
14.1253
-2.30193
-11.9475
6.65498
7.59826
2.43741
1.15849
-5.3195
6.04791
35.4064
-4.09905
6.39486
5.89561
9.87574
14.1501
11.712
-1.88764
-7.66367
6.10159
12.1486
0.477385
9.28996
-4.46405
7.55592
10.7315
-8.70972
-7.94883
4.72943
-11.4665
-0.118818
20.743
4.11226
-21.6948
10.2596
-10.1661
17.2027
-10.421
-19.9493
-16.1752
-3.65093
-10.0028
-5.09067
-6.95784
-10.3632
-5.33834
-10.7607
4.89357
24.5664
6.01493
3.76594
-7.5928
-13.5595
0.221005
-8.4349
-11.8314
-5.02214
-12.6665
13.1555
-10.1429
-6.05475
-4.41449
12.9389
-7.02614
-6.70531
-6.65785
33.6391
-17.4046
2.63526
-3.75238
9.70615
-7.93731
15.6078
-6.67624
-17.2974
9.19745
-25.3984
-0.721274
-12.2595
-2.06687
3.51671
-6.83984
-5.5015
34.8752
2.91467
6.9049
-1.87882
23.5579
-1.18459
-13.4051
-5.20212
17.5423
-6.72976
-20.6972
-12.036
-2.54477
-14.3945
-9.54955
-0.167901
-0.11441
8.45962
15.4932
-16.4667
-11.0372
13.0776
-5.83292
7.00972
15.771
6.59199
-19.2208
19.3255
-12.6088
-11.9047
-25.7289
-0.067999
-4.08235
15.7852
-13.7896
29.7396
-23.4977
-0.447308
-1.42983
-11.8382
-7.22612
-2.8749
24.0286
-3.11569
-0.413406
9.8161
2.0454
-5.43567
-4.55454
-5.58559
9.54879
3.42043
12.3794
-0.949778
-6.50481
-2.18869
-10.751
15.1315
44.3765
14.8327
-10.9379
-13.3019
10.4074
-3.36667
-5.3302
-17.8081
-7.36867
-7.47164
0.293797
17.5988
-6.38926
-16.3153
13.7138
-1.27428
20.0983
-5.25623
-8.10116
-10.405
-19.2134
1.17098
-17.7963
7.82213
27.3612
-16.8907
3.18894
-10.0971
-6.23768
30.9992
26.8706
13.5693
20.3607
3.53052
-2.24929
43.2126
-21.7786
21.7288
-15.9043
-6.64007
-18.88
-1.69311
-12.9529
-0.861453
-20.8094
9.86414
13.5873
20.0975
10.3013
3.68359
31.3149
9.01182
-4.96471
1.86786
12.6515
-0.897765
18.7612
3.05018
7.39715
8.42809
0.897841
9.3156
14.7772
6.76442
45.3807
-3.08843
14.1744
-13.0397
-18.0327
2.48506
-12.1418
1.57153
11.37
18.686
19.0876
-0.583128
-12.5041
-14.7737
5.77288
6.47248
18.7688
-13.3296
-10.6594
-6.47424
-5.35449
5.16338
-24.9279
1.62899
-7.31902
-3.51236
-18.1141
22.2388
4.62528
10.1495
-3.1575
-15.7076
2.51936
10.0949
9.67484
15.618
13.6667
-10.1713
-12.5187
26.1
16.7521
-12.5633
-11.4238
15.1278
-12.6972
2.70966
-11.8563
1.39704
-12.1498
-7.77488
22.8768
43.2569
-9.68669
-6.59332
12.464
7.5719
-4.75063
13.2669
5.55327
-4.69715
59.6501
7.14986
0.447947
4.19271
-17.6288
5.4129
5.50373
18.257
5.04802
-10.0102
35.3072
-23.7467
-11.543
10.6021
-9.89725
-10.1746
1.55374
-19.4118
-3.41972
-0.137028
-4.43848
7.58062
-0.728788
-2.17734
15.3779
-1.06692
22.2242
-6.46624
-12.3849
12.1486
16.6317
-9.44572
-0.906269
-0.58829
-8.85524
18.5982
-5.98981
23.0155
6.93539
-12.4125
-2.47866
-26.2347
12.4285
15.2981
1.32817
-1.10952
13.0176
12.6035
3.93455
-10.4694
-2.53957
-0.32075
10.153
7.36244
16.9456
-3.45836
-1.08029
21.0612
-14.4123
-8.85414
-9.15597
-13.1817
0.433598
-3.53524
-27.7643
1.47202
-3.8446
0.573436
-7.3781
-6.07669
-8.5084
16.8911
-2.98798
10.5482
21.5186
4.07683
26.1272
16.1424
15.2527
25.2206
30.9481
-6.50183
-4.9395
-22.3846
-2.83622
-8.84808
-3.22675
-15.4039
-3.88333
-1.39732
-3.1321
-12.3498
-4.4381
13.9228
5.50263
8.964
-10.8427
6.95725
-17.6707
11.2156
-0.665068
11.7927
0.100089
29.2937
4.15792
0.875274
-7.97269
-6.39418
-8.71087
-7.87127
5.2121
-16.1248
-8.12647
-3.84746
-19.7173
20.7871
-13.7399
3.86935
-11.4061
0.0748858
9.69935
-6.7108
-6.82064
-1.52733
-2.32761
3.62143
-17.3502
-7.08511
1.92543
-0.496182
-10.615
18.6681
1.38911
-11.2407
-9.09414
-7.8823
-7.67327
18.9571
-14.308
0.528756
-3.63577
-8.9734
20.5953
9.30623
5.85628
3.73324
-15.6908
9.33674
-14.7766
-2.0449
-16.609
3.49704
-3.46559
-9.78137
-10.9894
-7.98086
-15.5829
-17.3538
15.4256
12.7863
-17.0873
-1.84887
-13.0218
-3.21187
5.86026
-5.88309
1.05192
-2.66554
0.163652
-3.41354
6.77048
4.16726
10.9736
30.685
13.6605
6.67201
17.6413
-21.7793
-5.59769
3.09421
-3.14995
-10.211
-9.27775
-17.2274
-19.631
0.196187
3.44634
-9.48092
-11.9512
-10.6549
-15.569
-8.73403
-4.07136
23.3497
-6.11902
5.95173
-3.00773
2.67226
5.37374
23.9547
-16.1597
-3.73223
-7.87821
0.55615
29.3308
11.6075
-4.3986
-4.80084
-2.46587
26.7351
-21.2047
-6.67817
-13.8498
-14.13
19.4852
16.4987
3.74836
0.665307
-10.6056
12.5639
14.6239
7.74171
9.24663
5.05927
-24.0895
-3.77537
-4.98193
31.7396
-23.1221
-10.8973
-15.3412
4.31394
-6.50868
-15.9122
-19.8136
-22.372
0.265415
18.0114
14.6971
10.7344
-25.1967
-7.7216
8.54562
25.5303
15.1145
-0.260462
-21.2563
46.4398
-15.134
-3.93749
31.6396
-19.2353
-13.6024
-7.30466
11.0837
19.4528
20.8384
38.7653
-14.673
13.2319
-5.23443
-3.18248
-9.24326
-16.1063
-7.86879
-7.66256
2.31618
27.8621
-21.431
-26.0287
-23.383
4.54346
-1.55664
-21.6984
1.30818
-8.13603
58.604
-1.18174
46.9378
6.0819
-8.37459
14.0195
-9.33445
14.718
-14.7295
-25.1063
-9.2592
6.06036
0.596393
-6.57296
-17.0621
-0.782352
-6.91381
-19.2788
-13.2618
-1.69221
-0.903362
8.27775
-12.423
-7.88196
-4.32352
-0.678925
-3.58572
26.1168
-8.95604
-9.62037
-1.25011
-14.7952
-21.204
12.4305
-12.4812
-14.3791
-20.9361
11.053
-16.2077
-19.6173
-19.6142
22.2819
10.0055
-22.3664
7.5765
8.14686
4.39577
15.6073
-9.48656
-8.69634
-8.70413
-7.99675
9.89804
13.1617
-19.0464
-18.8059
-20.5175
2.78433
2.2957
-5.37148
17.4405
-26.0117
5.72887
-16.8566
-2.94087
-6.69997
-16.1382
-6.78644
-13.6904
13.4505
-13.0743
-6.49837
21.6637
11.1069
-3.36899
5.41617
-8.55088
-9.59321
-1.55351
-3.99384
1.56154
7.93776
-8.12644
26.3985
-12.1175
5.2442
9.2641
32.0921
-11.4608
-0.667929
12.8476
18.8284
-7.14627
-17.3724
-6.26164
2.30165
-9.95527
-23.0515
-11.9931
-3.24545
-5.47461
0.277059
-9.82048
-3.94997
-0.933421
13.6983
-14.6129
-16.6096
23.5109
17.521
-5.5764
-19.3584
-0.243224
-13.8673
10.1413
-12.787
-17.7747
-18.8412
-18.3363
19.563
-18.6525
7.69227
-14.4274
-4.72337
-13.8038
0.247593
5.24732
29.6674
0.45064
21.4894
-13.7423
2.23938
2.37522
-2.28778
1.706
-11.7786
-3.55149
4.10071
-17.2548
22.7358
-13.4405
2.97427
-6.09743
-12.1631
15.5315
4.39039
2.32495
-6.80781
-4.20254
34.2758
14.6764
-1.3594
-18.481
-14.8889
-11.3292
18.9635
4.47635
-7.61935
-15.0723
6.90287
19.9653
-11.9047
-2.68052
39.8684
0.553902
7.23093
7.79083
-3.17846
-16.8773
13.0888
7.01842
6.44009
-7.40801
-9.70963
-20.5841
1.87
8.81312
35.5532
6.87145
-4.63219
-15.2209
-3.11934
28.2002
-9.63334
31.9599
-4.79612
-5.19942
-6.06019
9.11982
-3.75851
15.7573
26.5101
-6.26007
-4.47978
-10.3049
-11.4384
2.24079
16.6619
-9.1265
3.97914
-9.52371
-6.32605
12.4663
3.504
20.5394
-7.23727
-3.1389
-13.9123
6.35591
-17.6602
-20.5496
19.2286
-5.43949
-13.5871
10.6525
-9.40788
20.2574
3.10604
-19.5156
5.21619
40.5862
-15.763
-7.17549
-15.855
10.0898
-0.712846
13.4375
-7.97888
35.729
8.62447
-14.2778
18.1483
8.90268
3.4571
-18.15
30.9683
-8.96406
15.0314
-22.6262
-0.431162
-16.521
-7.99235
1.8928
-12.1604
1.62248
34.5174
21.953
-8.72464
-11.6963
-8.72373
-8.99165
-11.2639
-8.94299
-11.3578
-4.80707
-12.8464
5.99599
6.70733
17.4358
-9.60662
-8.32781
9.52923
2.9967
1.74077
2.10193
-2.58093
20.3883
25.6405
-14.0605
8.04117
-0.151756
-19.669
-16.4785
-10.8774
0.233029
-8.84252
7.41957
-12.6122
7.59789
-2.03934
0.291618
-20.1139
-7.23866
-3.14227
-17.3973
11.324
-7.16007
5.49031
-31.361
-2.51236
8.34212
17.1533
17.1119
-6.02362
-17.1049
7.00913
17.3497
16.471
-7.74754
9.53605
3.70835
-9.35913
-6.79436
1.84417
9.3389
15.0725
3.2272
-0.433042
0.891201
-0.628592
-3.0743
4.24697
-15.5482
-10.554
6.10103
-8.92578
30.1721
14.3298
2.30239
-3.94114
-1.26493
6.12497
3.40297
-4.21033
45.6152
1.64526
13.1306
-15.2803
18.6098
13.9872
7.35705
-11.4988
-25.5638
-14.9662
-1.9507
-18.2356
-5.29053
-16.8357
0.894127
-5.42455
4.581
-3.41125
-16.8851
0.646408
-1.1572
-17.2894
6.3178
21.3311
37.2853
0.65383
12.2124
-11.0047
-6.12555
-14.1691
9.36419
-12.6652
-8.74476
-10.569
-5.90988
11.1303
1.89753
7.81109
-6.96596
16.1492
-8.50832
9.6433
-16.076
-15.4827
-0.118542
-27.2557
1.71339
-5.69522
-7.20612
4.19909
-6.95841
-0.559953
7.96436
-14.7234
-17.0205
-6.14358
-17.7891
-18.4669
4.78143
25.1614
-20.6575
11.2601
11.3207
-22.2636
-1.19858
-16.3725
4.8887
-1.28117
-15.3867
-1.76672
37.564
-19.1111
2.99917
11.7402
-18.2731
-0.693046
-10.5591
8.81563
-4.74096
-14.5847
-9.29245
13.245
-6.12032
15.4224
24.4527
-13.1776
-13.4894
1.36771
-3.74796
14.4279
-6.91024
10.3242
-12.4861
14.8105
-17.311
-14.429
-20.2802
18.1322
-2.82872
24.9412
23.1129
-1.56995
18.2605
-5.66467
-0.998632
-8.94339
2.93568
7.74894
-11.519
-7.16766
5.50203
-6.74654
-0.251871
-3.39603
17.2063
44.896
-18.8212
-12.6032
2.51299
-3.41495
1.9657
4.66472
0.886805
-8.9392
-19.8707
-15.282
-6.3666
-17.0455
-9.62806
-6.72581
-11.1054
-7.16493
7.13278
-11.2678
7.6918
-10.5504
-4.49657
-14.6823
-2.27963
10.0106
-3.19632
-16.8198
4.93125
-0.932492
-9.38804
13.2269
10.6582
39.2934
11.5955
-4.48926
-9.40001
14.483
4.86696
39.2423
-11.6353
-12.7041
-4.7812
3.7083
0.383034
-20.8951
8.54909
0.511957
6.75122
4.85655
5.62832
-25.6416
-3.00406
-2.65669
-2.00654
7.10811
-25.1251
-2.80157
-9.14932
-18.0983
30.5213
-2.455
14.3198
-4.13003
7.05623
3.69334
-3.38256
10.3157
5.0757
13.6671
5.53758
20.313
7.34854
-13.2522
1.71919
2.78456
-4.02691
-23.7918
-5.99662
-11.1409
3.7343
-17.2994
23.6407
10.7759
6.01546
12.9913
6.30326
4.31062
5.44355
-17.9347
-2.51394
0.680802
16.8871
-29.3217
-8.14322
7.33791
7.94535
-19.9946
-4.2153
-1.20003
-18.5833
-11.2652
-7.86492
-19.085
-10.6845
12.7223
6.21009
0.807039
-16.0724
-5.65818
-9.34311
10.059
4.00889
19.8299
12.4875
-4.18588
-12.8034
10.5521
10.5672
-22.1331
-5.3747
0.688702
-10.7102
-10.3494
-27.0199
-8.18912
15.42
-3.65914
-8.65249
2.58822
-2.41295
-17.5886
-6.3572
-0.484703
-14.5004
8.61523
-11.8748
3.07301
15.3972
9.51304
-4.50214
4.97666
-8.53313
-2.32263
10.0618
6.18218
6.76268
-21.843
-11.9073
9.44834
45.4983
8.02299
7.77327
7.76519
-0.79499
5.70149
18.5368
-8.21426
-3.82772
-17.6768
25.7423
11.7501
2.84786
1.87413
-4.56143
-11.8206
-7.53768
-7.93648
3.2709
5.71933
0.0468638
22.0282
-12.3655
19.8176
-15.7686
-12.0191
-12.9784
6.29218
-9.24359
1.56074
-7.40203
0.710443
26.8131
-18.6057
-7.03732
8.2592
-13.9772
6.70321
8.94934
-22.0905
-5.27411
5.18673
4.49736
-5.83202
17.8503
31.786
-14.065
-8.01915
-2.74698
-1.49032
-6.12701
38.1919
16.2271
11.2462
-27.5785
20.8792
-1.59151
-12.1
-9.33674
12.8604
27.561
12.3103
8.30188
-14.4336
3.70403
-28.5438
-6.22896
17.0902
-17.1478
-21.9009
-2.23245
0.836733
11.5263
13.1949
0.789435
10.4016
-13.3778
3.34667
-6.41892
-8.84671
-14.209
-14.4774
-12.3311
-18.609
4.37481
-10.4712
-8.55864
-13.688
-5.79676
-12.8742
-13.0305
2.96287
-9.32851
-14.5235
-6.78255
-4.43451
-2.82162
2.06492
-11.1401
-6.67081
-6.88512
17.5995
-22.7766
-25.4034
2.93802
-19.6101
-0.942948
-11.9118
16.2102
-8.20168
-7.94084
-14.179
-8.57161
-13.8218
30.4351
-26.4761
-3.26168
-5.122
-4.60012
-15.2099
-9.06448
1.50913
9.44211
-5.94866
-3.20961
-9.43843
-18.9133
-8.39248
21.2262
29.7794
-10.3656
-4.95615
-2.20085
9.75994
18.938
14.4804
3.2666
-2.78091
0.782206
30.9138
5.26108
-10.4873
-5.86073
-12.7589
-28.1046
-11.2477
24.6228
26.8833
8.45545
-2.76868
-6.42634
-23.1397
11.2888
5.67219
52.3318
5.92319
-10.0038
-3.46452
12.5562
8.03671
12.983
-17.0153
5.6579
-6.69115
17.8614
3.6275
10.4547
-7.47091
23.1204
7.76179
-8.22158
-2.63025
22.4891
-14.1195
-13.5172
5.37319
-2.75022
8.16152
3.61593
1.01974
-1.60343
6.89473
-1.18971
38.4234
-10.1786
0.623693
-11.7158
-9.83649
-7.76831
-6.4689
-6.08486
-18.519
3.19256
-10.6342
-11.19
-9.49513
-10.5288
22.4351
-14.5821
-16.8417
-5.15194
-8.5315
-27.396
26.3493
7.32048
-10.6955
3.90281
1.38591
-0.816749
-0.880944
7.90938
14.3128
-13.773
4.16651
9.7857
11.2911
-18.1658
5.96955
7.72094
8.01493
14.9414
-0.99188
-5.20718
-11.656
27.1624
32.139
-13.9393
-11.0748
0.352899
29.0637
-11.8812
11.1296
15.2203
-23.9468
2.95326
14.3041
26.9409
79.1692
11.92
-12.2574
-7.98251
27.0903
10.2622
-17.5559
14.1272
-1.83581
-1.9467
-15.8564
-5.14218
0.93059
-7.90002
13.7572
-6.98683
-1.06723
-11.1512
-4.63878
-3.49637
-7.14098
-12.3701
11.5608
-1.54762
-5.3995
30.3686
-22.3832
-5.53336
-5.92617
-0.337085
-4.2809
-19.5211
12.2391
-14.2345
-15.6255
-0.718523
-3.14538
-1.93668
-6.24036
-6.53382
-1.00453
-23.779
11.4293
6.27842
-24.7261
-8.25392
-2.88797
9.08975
1.75416
13.2245
0.371084
-7.04969
-5.60209
11.5151
-4.48377
-16.2127
-17.2572
-27.0792
-7.87921
-1.71441
-5.37823
9.93547
-15.8862
-14.5727
-7.53296
3.23676
3.83389
-9.07698
4.85176
-7.97734
3.62154
1.90076
-0.083083
-5.15128
6.76863
-14.8821
-4.13606
4.64829
-8.43304
-5.04107
11.1059
11.0334
-7.19117
-0.0535406
32.0909
-13.1734
-17.7924
-6.285
-4.42739
8.65553
-5.46532
-10.3703
-5.94422
-9.10463
-15.362
-17.8227
-17.6152
-16.6067
-16.6214
22.782
-21.3024
-1.1341
1.9694
0.777535
1.93456
5.25545
-9.20882
19.8301
-11.5406
-25.8503
-5.73534
16.3018
-3.31951
13.2569
0.305161
3.83712
-5.67752
5.09628
-15.5856
-13.8749
-3.1533
-11.6197
-11.2973
-6.88086
-1.55708
-24.5042
0.903538
-22.6886
1.53073
-4.43183
9.33071
-4.76254
-2.79719
-6.06727
10.7955
-8.38743
21.1169
3.97817
-7.83188
-22.1952
-3.50408
-21.4574
44.9441
21.2837
29.6509
-5.39546
19.3488
-18.6087
2.83298
-3.51911
-0.289576
4.16896
11.2167
0.922053
-24.9632
-5.98999
-16.1547
-10.9871
1.75375
18.0826
-9.17865
13.0398
-3.01655
-10.9509
-7.65695
9.1117
-0.595376
18.9078
-22.814
-8.72606
37.1508
2.6932
-8.53233
-9.17345
-14.3977
-18.844
-3.45699
-17.5922
-7.66737
-2.47166
-13.3933
-11.851
-13.5859
-6.76548
2.01507
6.20791
21.806
-1.93311
-6.13578
-4.22908
-9.49777
11.4458
1.2124
-6.8481
-12.009
-8.25346
0.0872727
-9.10446
4.86814
10.4676
-7.99083
-5.94973
-4.0147
-0.834022
3.27212
-11.9075
6.37938
-5.03669
-5.35871
-7.83897
-12.1232
0.0130335
-13.3544
4.25743
-6.99599
12.3252
-12.1521
1.52957
28.1733
7.66996
-5.29855
13.6695
15.361
-20.6987
5.15199
-2.14492
-4.90127
-3.21163
17.0641
-15.2052
5.77463
-2.98798
0.154215
0.312178
15.0192
20.9014
3.47766
9.60967
-6.26337
34.8106
-16.1271
-26.1642
-27.9784
6.28944
23.516
1.87912
11.568
-2.66513
1.46118
13.7612
4.4442
-7.55792
9.33295
-0.981629
-15.216
-14.4493
6.1118
11.8752
4.0397
2.35909
-6.20011
1.56315
-10.1264
-5.71021
-0.888335
-2.82202
-24.5269
-6.70816
-19.8286
60.4615
8.32925
6.89169
-15.9233
-11.4021
-13.2919
-21.5349
9.43835
-17.5175
0.766847
-21.7971
3.62941
6.76724
-4.34083
-7.93658
-4.31765
6.28382
17.1036
-15.1484
-2.91983
7.79171
-15.0836
-6.98493
-5.54448
0.198186
1.29955
13.0846
-2.23362
-8.66596
-17.1044
13.3254
-10.7381
-11.6747
-7.44354
1.19228
-15.4805
-23.7205
-12.9082
23.6886
-6.25177
3.02128
-4.29534
-18.3554
-16.2219
-11.1342
-6.83896
3.83744
8.0835
-23.8758
-15.6588
1.61617
12.4598
-5.72229
-1.23348
-2.14304
-7.49184
13.0818
-4.40312
-7.48067
-17.552
17.8832
-5.40978
-16.5869
-13.0003
2.85007
25.0023
24.38
2.22598
-12.81
10.6795
-12.0003
10.495
18.8069
-25.4347
-5.05819
21.3415
0.834284
-9.49701
16.0242
12.1792
-3.40588
-17.9934
-4.91354
3.7229
-0.213382
6.47092
12.4256
-13.0479
-25.1202
5.5819
-8.25501
-4.7017
-13.0835
-6.53401
-8.103
-1.42321
-17.1585
-14.4008
10.229
0.220448
-1.6483
25.8864
14.1959
-6.31601
-18.5158
-3.29586
7.49689
-20.617
-18.2393
6.75503
-20.331
-13.0236
-8.28778
-0.234768
-4.26947
-9.04959
-1.38224
-16.4751
25.4877
7.95563
-4.17638
-5.51963
-15.6037
-0.304934
-2.52211
1.33698
-9.68305
-19.4289
-7.79244
-7.66461
15.5828
17.4067
-5.16164
-12.8487
-0.905826
-8.35415
-11.2524
4.21735
-4.77813
-3.65388
-2.77908
17.7786
11.2745
13.9958
-27.1888
1.92838
-4.22866
-6.81916
-1.96001
-14.4853
6.89137
7.71169
-10.4936
-2.4479
16.9156
30.5291
8.97623
7.23433
-14.3282
3.56456
-14.5374
-16.6156
2.94914
24.6593
-25.5433
5.15543
0.209464
-12.8891
-2.26568
4.49493
30.3294
29.4298
-21.4143
-5.53825
9.20882
0.310315
-20.4675
4.06311
-17.3548
6.47212
1.57019
-3.49657
-17.8513
0.505717
0.69688
-6.09614
15.4432
7.88978
-11.5298
3.30435
15.4504
-7.94653
11.5099
3.03515
-8.37684
0.471142
-25.1241
31.691
25.0719
-14.3139
-23.307
0.907957
-18.3377
-11.6706
-18.9908
5.20866
-10.7254
14.6985
-4.78461
-16.6356
-15.5763
12.4837
4.13829
-2.80806
-17.5956
-13.6533
16.8153
6.16158
-21.0862
3.44925
21.3889
-8.24328
29.2414
-23.2313
9.14057
-7.02231
-14.9453
7.79088
-9.29436
-12.7212
-7.30311
-26.6252
-11.9826
-10.5145
1.68685
-8.43129
-5.02795
-8.77158
-3.78175
17.3958
1.7293
-13.7669
-5.23188
34.804
-16.2883
60.7279
-8.70705
-5.27469
-8.24962
-8.76285
-17.7123
-12.1533
-13.9042
-3.97811
1.01483
8.04632
-21.5816
3.93632
1.3157
-0.931824
-5.37791
30.0417
-2.95894
9.60485
-9.7725
-5.03971
-13.919
23.3725
-15.071
-10.5919
1.16395
-3.97413
10.1566
-2.00161
11.7167
10.0766
19.01
1.02567
2.13945
23.1784
-5.84795
-7.55511
-9.02766
0.878941
2.21402
1.04461
18.72
-18.3569
-7.61079
-29.5158
-12.547
-3.22111
4.53517
14.5869
5.8775
12.3742
31.6587
-12.942
2.60568
3.2993
11.3892
24.0998
8.43796
-9.99751
-5.3652
22.897
-11.3153
-20.533
-3.0542
-8.92728
-11.725
-8.54801
4.78351
-0.0272132
-20.6161
-17.4123
-13.8088
7.04615
11.1442
-6.19607
-21.0277
-6.76949
9.51462
39.8271
-11.5486
-4.18237
-12.8688
-9.16842
6.27347
12.0505
-18.7022
17.8355
13.0158
23.1448
-9.94534
1.17716
-2.60717
19.4915
17.5135
11.0971
5.78964
14.8565
-11.2021
-5.18689
16.1099
-10.5328
-3.69672
-7.70908
-15.7822
-0.895234
-1.22312
7.20699
8.46091
-10.5484
-1.5128
-10.8716
-6.70943
-4.45557
-5.05105
16.6261
-22.2513
0.145099
18.6823
0.111543
-10.0611
0.443305
0.586888
0.908808
-8.51989
-4.7104
1.26644
3.22619
23.3267
5.31293
0.926482
13.7119
10.4675
8.75531
10.8804
7.06892
-8.19492
8.29864
-5.53743
12.4224
-9.02249
22.9295
-15.284
31.9171
-13.5958
-6.97876
-10.5357
-14.2995
5.01139
20.9515
-8.79924
-3.14507
11.9349
30.1838
5.25947
-10.3436
2.80787
-4.42282
12.8203
-2.26916
23.0479
12.5031
-4.04487
-5.83085
4.52451
7.12661
5.52193
-5.97248
41.3354
0.675049
-10.6061
28.9987
-31.4624
17.6261
-22.0774
-4.67991
18.8384
8.61701
6.81114
11.318
-14.6188
-15.5447
-5.4277
28.9585
3.176
-0.142897
-18.8622
-13.7468
6.38968
17.129
-4.18263
-2.57039
-16.7916
38.7288
37.1655
9.78902
15.9798
5.0366
2.34187
7.06484
-9.76811
1.7896
3.72095
-1.58578
-11.8252
-21.4427
2.70493
-10.0809
17.7224
3.52054
14.4082
-6.50832
7.28513
-12.0906
11.0725
0.413524
-12.6552
-4.56821
10.8925
9.68824
73.1857
-9.50042
-1.70255
-25.1192
-2.00514
-4.44675
31.4603
4.16614
-11.4314
21.7204
1.16714
-4.81825
-25.9916
-16.4465
-4.45599
-10.4856
18.5096
10.0675
-11.0477
-6.15604
-14.4171
-17.1525
-9.41156
-16.9937
-19.1887
11.5367
-12.7191
6.00534
2.72847
-0.738204
16.0808
-8.13512
33.0685
13.5417
7.93617
10.3538
16.103
-10.7095
-19.8135
1.48077
13.6531
1.05085
-1.70127
-15.3565
20.6697
-13.6173
-0.344089
-33.0164
14.2093
-2.97974
34.9282
15.717
4.6068
-11.962
-6.43956
3.59258
4.05447
1.6286
6.2051
-0.929239
7.91365
-13.9066
-8.25242
6.35925
-2.87
0.468839
-7.87428
-2.76997
6.8218
-5.28382
-5.83595
0.748775
10.5322
-10.7777
-23.871
-10.1001
-1.34707
-13.6586
-13.4424
28.465
-18.1517
-7.71919
-21.6054
2.9192
-14.9353
-7.51923
-10.1187
3.19793
-8.63791
5.70281
-17.8133
-17.6789
-10.0078
1.2578
7.8717
-6.8422
-19.5067
-16.791
-15.9096
9.45308
1.14054
-1.83535
8.66067
14.4356
5.63436
6.47364
18.2333
-4.99925
-2.34429
36.1643
-16.4789
-13.1029
-7.5406
1.12308
14.2317
20.2851
-1.92593
0.521354
5.79699
0.43593
-12.6697
0.0650065
-4.06615
7.04318
10.9139
-8.43255
12.2488
0.513847
5.10994
3.0918
-3.4912
-17.7413
15.1676
-7.39053
19.5239
4.76469
3.78753
-4.51142
1.36766
0.439942
4.3998
5.03719
9.58842
10.7553
26.9966
17.8119
-4.82608
13.0072
-13.2088
-4.2719
20.384
-3.18461
5.30887
7.83941
0.970938
-5.44967
25.1594
-13.6429
-21.5334
-8.22038
2.40012
26.0275
12.9859
16.4085
-5.27124
-15.546
10.988
3.30569
11.1188
-7.48795
3.746
15.0844
15.3334
-8.43814
-10.6769
-5.76482
8.71713
14.0029
14.8299
0.882783
0.366541
-17.5172
9.68913
-20.901
7.02805
-5.62072
0.10585
5.23471
-4.13276
-3.93592
2.54288
-0.828516
-13.0664
0.656985
-6.30334
22.2132
18.0108
-11.4501
32.7216
-5.13066
0.913775
-0.770303
-4.37127
-1.14015
-4.84745
-10.7013
32.2194
-8.87876
11.0744
25.2815
8.11122
8.44557
-11.2271
9.1281
-6.7165
-10.3946
-1.47033
0.100016
-7.76824
8.71574
4.16549
-3.43675
-7.11237
2.53506
4.11173
6.03377
-17.6052
-0.560903
2.06429
18.8905
-14.534
-18.5829
-8.30571
-7.16267
-4.3236
-1.80449
3.35268
-21.7466
0.511617
0.444683
1.13976
-9.89053
-15.6396
-6.44795
-6.12328
-17.4286
0.173198
13.0846
-13.051
1.66027
3.00135
10.5686
12.9754
-1.04767
-15.1735
6.54687
-7.22469
7.06512
13.1088
-20.7091
-4.17081
-19.9827
-0.425555
15.7617
34.6484
-12.9593
-23.1901
8.89521
-13.8775
-6.86464
2.58486
3.32652
11.0143
0.360497
-4.76498
-26.294
-9.68582
12.0454
13.2357
28.7964
8.05805
8.50482
-6.77624
17.44
12.8449
-3.88914
-10.8529
5.53989
-14.5267
-2.53256
-10.7615
-4.46092
-1.81947
-0.855682
7.56084
23.3693
-7.99955
17.3827
15.2481
9.5551
-17.9477
-19.054
-18.1738
-0.0885601
-7.63933
-22.4543
-14.3193
16.0207
2.50899
-3.33476
9.92971
3.73242
-22.2367
3.56028
8.75727
4.23686
-9.81565
4.43481
5.24074
-0.244478
-2.83521
6.57734
-13.1336
-16.2044
-4.27594
5.2907
-6.79217
31.5689
-9.76965
-9.51393
7.79667
-10.1372
-13.5109
4.61066
-6.02768
1.76834
-20.0764
31.2341
-7.30536
-3.67015
-11.7112
-7.4403
0.303698
-23.1441
-5.92449
-4.35146
2.8746
8.38008
-18.4354
-14.9572
3.75663
8.73191
-6.03219
4.14597
3.79685
-3.01107
3.314
9.81128
6.84643
-3.09879
1.81455
0.333541
2.23146
-11.8773
4.2167
11.7064
-2.52629
7.11875
10.8398
-11.6127
-14.2777
0.8043
6.86283
-6.67904
1.63983
-15.8167
35.1366
43.9272
60.2682
-8.93538
4.20225
-14.7923
12.9822
8.84565
-22.4888
6.00885
19.4143
-4.52962
-0.178174
7.99534
-8.75646
9.88967
10.2243
-11.5382
-1.08131
31.6676
8.39691
12.2609
-16.5596
8.95047
-14.9764
-14.9168
-6.43926
35.4231
-13.2569
1.72723
-17.222
9.25239
-3.99796
-1.20133
-0.920898
0.687349
-3.86439
-3.3134
-12.8643
5.75347
11.0421
13.9904
-5.31681
13.6786
-8.20338
-3.00208
5.55771
17.0683
-16.4058
7.55511
-5.64195
4.6672
7.82395
16.2056
-3.30964
-20.2884
-12.6324
-6.90994
10.3843
-17.1473
13.2639
-25.3405
-10.7945
6.44438
-0.845022
0.924174
3.29244
-15.41
-2.38406
-6.96559
-17.7444
1.70575
5.66481
-5.19795
33.1083
-22.1196
-10.2195
12.4105
-9.8223
0.577781
-22.4156
-1.76954
-1.96651
-3.47609
-7.76858
3.98255
2.60911
15.4927
-10.7406
7.60307
-5.55421
-7.62806
-9.65948
-0.798873
-10.0804
-5.19389
-12.8727
15.5876
-12.421
5.72215
-15.7516
2.23006
17.01
15.5689
-0.391064
-10.6765
-8.36864
-20.797
-18.9343
-10.9566
-9.10765
-6.78726
7.88769
-5.65941
20.2226
11.4202
-21.2678
6.27074
31.899
7.18624
21.9728
-8.6234
-11.0419
1.8339
21.9946
1.41415
8.62731
-5.23657
16.727
-12.3551
25.6708
-0.884076
-13.144
3.11883
-6.74483
-6.51422
-17.0002
-15.3687
-12.7461
-6.16943
1.55375
-16.01
-3.22891
-1.14072
-20.4777
17.386
4.24514
-5.359
-12.0653
13.2924
-6.63375
17.8256
-2.13272
6.70348
-9.73115
1.42366
-7.96463
-5.66255
8.95671
-1.64701
12.7832
-1.87862
21.8463
13.3011
-12.1004
1.49406
-19.0648
-4.40981
17.4277
-6.51859
6.37334
2.23042
-1.20954
12.9186
8.33132
-2.78112
-14.0321
-19.6926
7.2874
4.46582
7.66415
-24.5646
-2.62618
-3.84351
5.0681
-13.7003
5.95574
-21.2007
-9.83851
4.89667
-4.62442
13.4435
12.795
-22.5897
-3.65396
-15.8867
13.2657
-7.5758
-7.0673
-1.4798
-11.7052
-5.9633
-16.2338
-10.6479
17.4384
16.5678
-12.4399
0.135465
-1.72586
-16.0495
-17.1276
27.7637
6.60166
9.71169
6.23516
2.0629
1.84346
-7.23386
-5.16362
-25.7137
-8.50774
-9.9805
27.2578
19.748
-1.88278
7.15257
-7.43006
7.81747
9.756
23.1071
45.2752
-5.2501
-13.8272
6.16416
14.084
11.3253
-5.38992
-17.4409
-9.55376
14.2782
-8.044
7.60793
1.44443
-10.0635
2.86795
5.39303
6.88175
-12.9814
-7.38541
-13.8232
-12.3337
24.1505
-13.984
5.35512
-5.33234
8.34402
-5.15096
-11.3369
-8.13055
-10.2503
-9.30189
13.9673
-12.5783
-7.48833
40.9734
-9.14421
-16.5393
7.32053
-0.337281
-5.70498
-3.144
-9.61895
-7.82513
-4.80764
-8.0396
-16.2611
-9.61088
-9.20425
-0.5413
-5.21148
-2.12062
-9.9908
2.41726
-18.1211
-1.36569
4.74224
11.5573
-1.16918
-21.2339
-10.2479
1.57907
-10.3648
8.74344
-5.72023
-19.4674
9.82161
9.17479
19.0815
-6.48373
-4.58923
-0.402123
15.7546
-1.10763
-9.12209
16.3399
6.18703
5.65152
1.32082
-10.6609
3.72014
-18.8892
-6.52286
-19.6634
1.5917
-8.52922
-9.70529
-7.02059
-15.0949
-1.58317
5.54757
2.21996
26.2513
9.38014
13.2291
-1.01143
-12.0478
13.4119
-6.71448
-7.4999
-16.6994
-0.650837
21.3549
-2.814
0.568997
9.60089
-2.41718
10.8279
-7.33409
-18.6701
-5.6369
-14.6905
-19.0336
-5.90353
-22.3025
-10.7322
5.2747
-7.85188
-5.11032
5.76719
1.6977
-9.77006
-4.55306
0.562167
9.36141
-25.6899
-5.27145
13.2405
-14.2224
16.7898
7.17854
-17.9023
-13.908
-10.2833
-12.9482
4.14839
-17.9159
-6.04659
-14.1132
-8.9619
32.3734
-6.55125
-11.0235
-3.41867
-19.0045
13.2804
-13.3235
7.66302
17.8298
-16.0183
-18.459
-2.26698
26.0289
-9.60805
24.6241
11.654
-6.1274
10.4477
-3.16504
-21.4468
6.51969
-3.76191
2.19846
9.87359
-15.5369
11.5731
-9.91919
-7.28173
-14.2713
-12.6596
4.2237
0.195195
9.48494
21.051
-12.6378
-4.54866
1.0211
6.62648
2.04512
-6.87868
18.7917
4.62823
8.90792
1.80022
15.8533
-23.0372
-10.3968
3.25215
30.3443
-7.97595
6.16142
7.50299
3.35488
7.69846
28.8197
-8.28095
-8.81642
-5.18134
-1.48372
13.882
20.9449
33.2672
4.79177
12.5055
-15.7383
-15.9022
-6.98257
2.7392
-17.3332
-8.58203
-4.51273
-15.0932
28.9737
-1.50547
-11.5394
-0.105171
11.1774
-4.00557
-5.36342
2.0242
-3.25448
-12.5636
20.2308
25.2817
-0.488332
29.5033
16.2359
-18.8926
-2.99148
-6.48118
10.0649
6.21114
-3.50643
7.6076
6.27574
1.69035
-8.89423
-3.65876
8.53424
-2.19421
11.4378
6.2
-12.9764
6.06788
36.2084
-13.4064
8.44462
5.36171
2.08012
-3.31313
34.8922
-14.3156
3.68494
-6.20806
-4.57939
-4.6046
13.5151
10.1677
1.28874
11.5875
-15.7901
9.47499
-6.42239
-7.50417
3.24274
25.4412
11.0334
-2.17389
19.551
3.87786
6.04384
3.83344
-14.2799
-1.4052
-1.09858
-12.934
-7.77757
7.58848
5.71766
-7.47351
-3.58596
0.52408
-18.4922
6.82639
17.0006
2.31149
-23.9398
20.1086
-1.99238
-14.9806
12.7678
2.33053
4.66476
-6.67326
27.5387
14.8157
-9.34497
15.6536
20.8683
-4.85208
-0.0182286
-1.25416
-12.8017
1.47367
8.52529
15.2773
-20.5905
-9.1345
12.0264
-5.10283
-5.6552
8.70329
3.75224
-5.54587
-12.1994
-9.14424
9.85001
10.788
-9.08955
-8.74727
-18.2901
-0.124926
11.4268
-15.2381
-10.6935
-14.3426
-6.06173
-9.68584
-1.45336
30.1996
-2.0414
-6.68595
-7.48873
0.47452
7.36821
-12.4025
-4.32073
7.90377
-1.42622
2.88951
-14.816
-13.1392
0.426458
11.682
31.1323
-9.5645
-14.2327
8.8112
0.412785
-9.85978
-7.7295
-9.60346
4.09732
-2.66463
3.13976
9.10136
4.14586
-12.7146
-18.6787
-16.4373
-1.76008
5.88445
15.1376
5.97384
7.27253
-10.0281
-3.50732
-1.21386
-6.15864
-1.47848
-5.44132
10.8672
-13.2478
-15.6256
-9.04102
-2.376
12.0176
-1.13383
-2.58766
9.09198
-18.075
12.561
3.84172
6.90249
-9.70945
7.88645
3.88036
22.1111
-7.29164
-15.6746
2.64264
-9.61362
21.5284
11.8803
16.9861
9.90802
16.1546
18.9771
-15.3108
4.52555
6.37865
-0.458779
17.7237
31.4583
27.0854
-1.08039
-7.45819
0.29641
-3.61592
-2.00705
11.0894
-9.53214
-16.9973
11.8223
-6.82254
8.71279
16.4174
-0.619978
-21.4016
3.56474
-9.83834
-17.7887
-6.00626
17.8915
-5.25955
-9.40163
3.13514
4.21497
4.39752
-20.0522
6.20708
-0.331826
6.07349
-16.0177
-19.1395
-17.0743
-24.0867
-16.4593
10.4126
-15.5504
28.12
-2.44581
0.65216
-19.8837
-11.8071
5.89598
-4.04871
11.3666
26.6094
-6.03961
14.3605
-1.26787
-3.75488
-11.1672
8.59544
-0.289888
3.69695
-16.7301
27.3206
10.9898
24.4978
13.4424
-10.2648
-8.20909
-6.57541
17.5358
-19.0296
2.99812
-14.0717
-7.08213
-1.52808
-12.2904
13.6913
25.558
24.5423
5.97198
-3.92162
-15.2
18.6452
23.5535
6.90251
12.2392
-11.9162
2.10316
3.26779
-11.3084
-5.98097
-5.81365
3.7357
18.9127
-3.16841
16.1936
18.1795
-18.7776
-21.3811
-23.7021
0.861609
-8.43313
-2.82068
-10.3273
-22.8144
7.9299
-4.41983
-19.2543
-7.45121
-2.47124
-4.92627
18.5686
35.2072
5.32628
-16.4075
-2.28827
-8.8542
17.0953
-4.50611
33.2617
-3.72371
-8.90026
8.3738
-15.2425
-8.23749
-2.3437
-4.99026
-8.62066
11.2244
-16.6613
-8.29886
-2.07979
-1.36791
25.088
-3.55658
-7.13426
-3.35666
-16.0421
-17.7009
-12.4327
-1.84436
-6.38662
11.5103
4.19504
0.294827
-2.24864
13.8118
29.7549
11.7283
-0.843561
4.40765
-1.27436
-7.09529
6.97573
-4.49482
-4.56488
1.34514
9.70852
-3.73111
-19.6413
0.120967
-8.20381
11.4078
9.06332
-8.54928
30.6499
-9.99404
14.1679
-19.392
-25.7265
4.23281
26.8837
-21.8384
5.13813
-7.98746
14.5497
3.878
4.69913
-4.80936
-10.782
-2.2688
2.31229
-12.1115
-22.4138
2.58946
49.5629
-14.6359
12.4879
-4.8659
-5.61957
-12.4305
10.0115
-13.7803
-4.07222
-7.04253
10.1786
-13.9038
-9.30723
10.5806
28.3575
-11.0598
15.2609
12.9787
8.19142
13.9064
-13.1156
-1.49671
10.4519
-3.84265
15.4469
5.02527
12.5338
-14.8807
-7.00645
7.51898
8.05727
-5.96925
-9.9408
25.2136
-21.691
-0.254728
16.303
-20.4481
28.6762
6.08128
-1.76899
-0.0994957
0.901793
10.8916
-12.3386
-22.1694
4.871
1.08366
4.76027
14.2945
-6.62009
-11.6799
12.458
7.66417
7.73702
-7.03807
32.9826
-0.716797
30.7453
12.4015
8.33624
15.08
3.07827
7.30099
-11.1765
6.53798
-7.24464
4.67438
0.110636
-17.169
-10.4988
-2.78464
-16.7233
6.0842
11.3513
-9.95589
7.86509
-17.3718
-10.5162
-12.3735
-1.89874
18.4057
-5.49144
-19.4097
-7.54734
-16.3294
6.23023
49.9152
16.2134
-9.02282
6.954
-14.4283
-21.0316
-7.5757
-7.87931
9.51019
23.8084
52.7626
8.09534
-6.18632
1.94558
24.4735
-1.79494
10.8371
-6.44015
-0.591062
10.6796
-25.8624
-3.76022
-7.1168
-0.209603
-6.93288
-18.0102
-11.4004
32.0314
-9.10143
-23.5676
-18.829
0.609159
1.39819
35.5702
2.77163
-2.40445
-13.4642
30.8348
-20.0486
-5.87714
-11.3461
-7.66456
-9.3564
-8.22437
-11.322
30.1556
-15.8188
-8.03723
-6.31108
0.551365
-1.12323
7.82343
32.3562
-3.63909
3.23546
-15.3821
13.4834
-0.297057
3.31018
-6.37171
-0.208938
-6.42592
37.6409
11.9737
-15.5563
-2.6656
-17.3218
-0.780236
-23.2452
5.0743
12.4156
-1.70996
-4.30949
-15.2151
-4.54844
-5.02718
6.64216
-6.65863
16.5339
6.90647
-1.49416
-7.73388
5.16643
4.88096
-14.4849
-8.91668
4.27974
35.5078
14.4505
-5.84239
0.348646
0.448063
-7.8549
-4.22161
-5.78203
8.94049
-21.0405
2.75513
-8.26373
-2.53301
27.9408
19.1937
-15.9938
3.72688
-3.11126
-9.22012
15.2027
9.22977
-5.29844
-21.0203
-5.52448
-19.686
7.99645
19.3079
-5.89128
-5.06211
10.3049
-2.37721
-2.79069
9.96741
-14.526
-17.1512
-1.9302
-6.8774
4.80297
4.00525
-5.06827
-10.5719
-3.51974
16.0272
-2.03172
-0.820267
14.4906
5.65188
25.3316
9.85841
1.54291
-4.44934
41.4711
5.68036
21.8537
1.93377
2.25275
-4.73782
-2.72806
-9.51756
-13.4425
-6.14396
-25.4181
11.0905
-8.81175
-2.92798
12.3736
6.08911
10.5247
-14.9064
-6.87162
-5.7447
-8.79301
-10.8688
-6.22859
-11.6244
-13.8721
-22.4802
4.26346
-6.37735
2.18504
3.47506
-3.81482
10.8367
25.1665
-12.3549
11.3349
-1.5004
-10.0327
17.8408
10.5581
4.55663
12.4728
-0.807255
-17.9941
-2.94903
5.59027
43.0601
-6.3228
13.8839
7.3965
-8.0813
-33.3505
3.72466
6.29364
-3.95055
1.94952
2.71102
-7.20077
3.97637
9.68933
0.822407
11.5296
-9.43839
2.48215
-7.27135
-0.170596
-8.1436
10.5441
0.32937
1.59396
4.7569
18.6113
1.38637
-17.1806
-18.2005
9.60352
-15.4028
4.61639
11.6275
-16.9902
-25.6033
-14.1401
-15.1415
-20.5722
22.7539
2.18182
20.698
-6.50748
13.6968
-21.4979
11.4142
-0.529888
-6.06622
-13.2596
-8.57971
2.35909
23.849
-4.50412
-2.64229
-7.40328
-29.59
29.8305
4.49618
10.1694
-11.1551
-3.47791
9.17675
2.42459
-12.9683
4.61078
-23.7844
-3.7982
20.6687
8.92624
-12.6166
9.76186
-5.52118
-8.51834
-18.6218
-2.82739
13.0237
5.72145
4.69112
-4.40058
15.4602
-6.39851
7.78512
-9.9527
-24.9162
-3.84761
-2.78745
-12.2178
12.1023
-6.33428
-2.47787
-12.9463
-12.2901
-2.27333
9.51086
-2.82338
-13.924
-4.86959
-8.775
-17.3598
-13.6223
-3.67911
8.91581
11.9651
9.74962
25.4117
5.43298
-23.5888
-4.64208
3.90234
-4.04131
-2.77883
1.33559
-24.3106
20.9842
9.55853
-1.12622
2.74595
-10.8069
11.8275
8.66016
4.1041
-9.54846
-0.362218
-13.3504
-13.7942
5.62738
-6.51947
7.49045
-4.28661
-14.7284
-9.28206
10.357
-2.59639
-15.5254
1.44032
-3.7299
-9.54116
1.59786
-24.3495
8.48335
-3.69359
5.26115
8.43102
-8.88774
33.889
3.60359
7.70998
-19.4515
36.2631
-6.12479
-1.62042
5.45185
-0.951763
-8.33487
-19.5424
13.0192
-7.73947
2.28712
-17.393
16.5998
-0.606864
-9.34491
8.22283
-11.5593
3.1943
7.55207
8.859
2.17254
17.2964
36.3219
15.4838
20.799
-18.1675
4.59933
2.29622
-17.5381
-0.167418
-19.7041
2.31678
8.09347
-21.105
0.626395
-0.701569
16.0116
-14.3275
-7.31051
1.94034
6.59703
9.98471
-5.06435
-0.447549
14.6175
-14.4999
-15.1307
-11.5864
-25.0017
-12.1084
12.8619
-3.04721
7.99764
-6.85805
16.5148
8.65759
-2.1135
-7.00561
17.9956
15.8927
-0.457763
21.7774
9.34578
-0.502353
-17.1239
14.8894
8.2869
-22.1058
-6.56511
8.68246
3.99835
7.78795
26.4402
1.64362
18.6296
4.58254
5.01402
-3.71585
-28.4328
2.64541
-4.27187
-5.5135
-2.30115
19.3925
-2.36206
10.3441
3.8054
13.7116
-15.8496
8.70008
-22.379
-25.24
-10.225
-2.45583
-10.3726
-6.24533
-12.8956
-7.77451
-1.94782
4.38023
-7.77663
8.11587
-2.09476
19.8778
-8.6078
-17.4884
4.42269
-11.3719
43.9729
-6.18247
-12.2941
-27.3221
-0.564321
-13.2968
-15.7166
13.8519
21.3672
1.55468
-4.33431
26.2524
-12.6324
27.0233
-12.2457
8.39501
-7.17116
8.90106
26.5674
-10.6213
22.7652
-4.28159
-3.23857
-4.33819
-24.8325
20.7367
-9.7382
-16.9123
44.0229
5.41883
-28.7537
-1.84436
-4.28481
11.1915
-6.40301
-10.0167
-5.68151
7.2944
29.1535
2.75776
-11.8113
-3.98965
-16.2603
2.31599
-4.8552
6.75206
-5.88803
-2.39276
-21.5562
7.57131
-20.7643
4.89957
2.43545
1.6374
-0.747989
-13.0376
2.70454
-14.5457
-1.21762
8.43947
-16.694
18.409
-13.5445
-7.9413
-5.35235
9.9426
19.7993
-15.896
-19.0664
-0.48824
-11.5554
-6.01391
-8.52719
-2.48196
7.44833
3.82448
-15.4555
-5.58937
9.94688
0.0314687
24.0325
-1.66146
55.7002
-9.40215
13.8202
-23.8738
6.11439
5.17787
-14.9991
28.0837
7.39075
11.7577
5.16484
15.5506
-21.5406
6.75786
20.8311
7.24937
-1.63409
-6.88813
-26.3313
-10.6183
-5.38392
-14.5453
-2.42152
-2.31668
11.6712
3.07009
-6.3784
-1.25366
15.1977
-2.49685
2.00989
-8.65744
18.373
-14.1212
1.48645
-2.68914
-11.4824
9.19205
1.2839
13.5925
-14.8652
6.7796
0.712918
-23.6192
9.08663
-4.85776
12.4091
-8.00515
-1.95771
-4.64024
19.9499
-12.3946
-11.1803
-0.881317
13.4751
-5.7161
-13.1562
-4.53401
-2.39455
14.8824
-7.53448
-11.9265
-2.86358
-18.552
0.67261
-3.95125
-2.44579
15.7157
-20.1787
3.03705
-4.76938
20.8288
-11.1626
-2.40247
18.7219
31.3414
-5.06069
7.99863
-14.572
-2.5396
-6.90045
-14.5462
-13.8827
5.03935
-8.78914
-2.97385
-11.1131
-2.43398
5.20725
3.13113
0.589415
-4.6545
-12.7731
20.6927
37.5722
1.91738
30.4798
9.43377
-4.8517
-7.06803
-4.53225
-0.522913
-15.6449
9.28951
14.2202
13.2698
6.98697
-5.14995
-1.34229
-8.58515
6.18431
-6.12822
-6.34371
6.69368
7.31323
-14.6881
-2.96605
0.187056
0.903211
0.0868786
0.86617
-16.8908
2.58844
11.6814
-20.0203
3.31101
-8.48993
13.2124
3.27315
-15.1317
-21.6618
-0.652397
-6.2774
-14.6098
1.18461
-5.46628
-7.92744
15.3881
11.2426
15.0341
-14.7494
-12.1829
-16.5579
-1.68383
-19.2086
25.6206
2.76021
2.95774
-4.19769
1.24059
-16.1703
-4.03115
-0.246277
-10.268
-20.6473
-0.228105
-7.01812
-16.8287
-3.44173
4.34871
53.5071
12.6134
-3.93176
-7.39496
52.6289
0.634118
-13.4808
-24.5827
-9.03914
2.66367
-3.88487
-11.8426
-10.9544
3.96762
10.8097
-6.86243
-11.1204
-11.9445
-1.34557
-1.20483
-8.82287
18.2813
-4.11647
16.7325
-6.01057
2.61968
-20.0989
4.93887
-17.4623
27.9369
-2.5466
19.2592
-4.95195
-3.8091
-3.06621
-16.9251
-13.7112
-19.9372
-1.56336
-17.1976
17.7336
-10.4095
-5.17906
-14.5244
0.224231
-16.2669
31.5885
2.57133
-10.1471
-5.12714
-5.39509
-4.78518
34.1177
-1.51014
13.3139
39.6354
-6.40619
-10.3877
-2.34767
-17.5741
-6.29603
-3.1505
4.08261
-21.7141
5.65521
2.28525
10.8406
11.2218
