-60.3657
-61.2065
-61.9641
-63.0132
-58.2472
-63.8689
-61.2029
-61.0518
-60.6609
-61.4788
-59.3887
-63.5113
-59.3133
-62.2239
-61.1656
-61.0655
-54.5858
-60.7305
-61.8115
-59.6377
-58.8271
-60.3552
-58.4558
-62.1702
-58.9694
-61.6464
-62.2885
-61.1938
-61.2496
-63.4879
-58.6967
-62.1622
-62.1001
-59.2733
-60.2543
-57.9111
-61.9843
-60.6191
-61.7538
-62.6064
-58.3995
-59.2284
-63.4541
-62.0165
-60.9738
-61.9245
-58.1851
-61.2654
-58.7528
-59.1601
-60.092
-62.7665
-59.1755
-61.2022
-62.2293
-59.7731
-59.6617
-60.3323
-62.4369
-58.735
-62.2688
-60.4444
-62.5375
-59.2478
-61.7562
-61.6795
-63.9017
-62.6673
-62.2535
-60.716
-62.4498
-59.2356
-59.0724
-60.1608
-59.6048
-60.1626
-63.3434
-61.3056
-62.5964
-62.3184
-61.6306
-62.7362
-61.0594
-61.8472
-61.3161
-59.9116
-59.017
-60.0838
-61.7091
-62.8864
-62.1084
-62.5931
-61.7979
-61.1399
-61.1617
-62.6139
-57.8813
-60.1231
-61.1512
-58.7831
-61.0688
-61.8774
-56.3775
-61.4206
-60.7114
-58.5437
-59.8034
-60.6471
-62.9337
-62.1511
-58.2436
-61.5094
-61.7623
-58.9491
-63.0367
-56.1833
-62.5382
-60.6007
-62.4233
-63.1107
-59.6367
-59.7822
-62.8565
-62.5017
-60.7127
-62.5463
-59.8678
-59.1637
-61.5134
-61.0852
-59.5319
-60.9603
-56.7223
-61.9572
-62.0365
-62.4197
-62.102
-60.2913
-61.8653
-62.961
-63.427
-62.632
-61.7067
-61.738
-58.9269
-64.1174
-58.613
-58.8522
-61.9667
-60.0122
-62.2883
-61.9958
-63.877
-62.5004
-61.2177
-61.4217
-60.3553
-60.6022
-61.7272
-61.0313
-59.426
-60.0175
-61.9951
-61.2899
-56.4458
-60.5576
-60.642
-62.5124
-61.1473
-60.7221
-62.406
-63.4879
-64.4124
-62.4569
-58.7419
-55.0979
-60.0123
-61.7862
-57.6014
-62.4568
-60.5609
-60.9434
-59.5279
-63.8708
-59.9784
-61.577
-60.5729
-62.6623
-60.0155
-54.5161
-61.0475
-61.4379
-58.5507
-61.4265
-60.2286
-59.5292
-61.7213
-61.2601
-61.2869
-62.0286
-60.0224
-61.7019
-62.1596
-59.7669
-61.1928
-59.9766
-60.9885
-59.9038
-61.3637
-62.0935
-60.5923
-61.4478
-58.6255
-62.555
-59.5305
-60.6648
-61.9007
-62.5094
-58.3445
-59.6296
-58.6284
-61.0786
-58.3208
-56.3278
-61.0375
-61.3074
-60.4206
-61.3584
-58.5229
-60.01
-61.0735
-59.1041
-62.7594
-60.8951
-60.0737
-59.3885
-63.905
-60.4474
-62.5775
-58.0321
-61.6805
-60.4434
-59.5669
-60.9675
-61.8989
-59.1938
-63.877
-62.5114
-61.0877
-60.4989
-61.5692
-60.6034
-60.341
-62.4212
-58.647
-60.6523
-58.2553
-62.7643
-62.4688
-59.7431
-60.2129
-60.6759
-57.7434
-56.4903
-59.8687
-61.5492
-62.4364
-57.7369
-62.2331
-61.3013
-60.4751
-62.9399
-58.0661
-58.6969
-62.5225
-58.6138
-58.1182
-60.6119
-62.0874
-60.5789
-60.7044
-61.2388
-62.5167
-61.9277
-62.11
-59.7501
-59.6965
-60.0974
-61.4294
-61.6694
-63.2213
-60.3357
-61.3576
-61.73
-49.6546
-59.4821
-60.9209
-61.7305
-60.4306
-58.2591
-55.2277
-58.854
-56.9472
-61.6067
-60.6614
-62.0669
-62.3581
-63.4064
-62.1058
-61.3034
-60.741
-61.1506
-60.9252
-61.228
-58.9341
-51.3275
-60.9496
-59.884
-58.1352
-61.7809
-63.3994
-61.9996
-61.6427
-60.1663
-60.835
-61.6637
-59.4605
-58.9375
-63.0358
-59.7005
-62.0117
-59.946
-62.4815
-60.5518
-62.5497
-60.9446
-61.6958
-61.633
-60.9776
-62.6866
-58.1572
-61.1669
-61.1226
-61.5503
-60.9013
-64.8385
-63.4372
-61.3913
-58.0236
-60.6176
-60.4191
-59.1643
-59.0126
-60.0692
-55.8053
-60.8419
-57.8923
-64.4124
-60.6798
-61.411
-58.3819
-61.2198
-61.2046
-61.9444
-55.3953
-56.5791
-60.1809
-60.1527
-63.8499
-62.4735
-61.7222
-61.1338
-60.9937
-62.474
-59.4448
-60.3134
-62.2179
-61.0444
-61.3988
-61.7182
-57.8939
-60.5425
-62.5209
-62.3498
-60.581
-59.4133
-62.0122
-63.7812
-60.3497
-62.5655
-62.431
-58.8395
-63.0116
-61.644
-61.4258
-63.9017
-60.3517
-61.4282
-60.4762
-62.575
-63.4312
-61.6753
-60.0388
-59.4968
-62.9338
-60.9442
-60.7175
-59.1914
-60.9116
-60.8011
-59.0007
-62.0398
-59.9252
-62.9143
-61.0285
-59.7943
-63.3433
-62.4784
-60.0376
-60.5494
-61.6731
-60.0389
-57.9745
-58.4853
-62.6131
-61.9882
-59.662
-59.9216
-61.0908
-63.3965
-62.5967
-61.4015
-60.5666
-61.5006
-59.4838
-63.0594
-62.8592
-61.1987
-59.3962
-62.0091
-61.3554
-61.3878
-64.8385
-61.8671
-59.1578
-62.0776
-61.702
-61.025
-60.7419
-61.0437
-61.926
-62.1431
-61.9299
-62.9898
-59.1294
-61.1781
-63.0657
-59.0506
-62.4068
-60.1203
-59.7805
-61.1469
-62.6497
-61.5032
-55.545
-57.9191
-63.0375
-58.7354
-60.6215
-59.752
-60.2583
-56.7166
-57.9318
-60.6356
-60.0085
-60.465
-61.0249
-64.0791
-60.7118
-61.5901
-61.4245
-62.8348
-60.0984
-60.9603
-61.1845
-63.5689
-61.9754
-62.5101
-61.5765
-61.3875
-58.762
-61.635
-59.3281
-59.7382
-58.7458
-60.7508
-61.9383
-60.2716
-62.5195
-58.1107
-62.2451
-60.7245
-62.2522
-60.1204
-57.0091
-61.8592
-60.2089
-60.3151
-62.8209
-59.7553
-59.0094
-59.4099
-61.5436
-58.9945
-59.3902
-58.0322
-61.7308
-61.175
-57.7444
-62.3819
-62.6684
-59.1423
-58.8684
-58.3963
-59.3517
-61.2731
-64.0791
-63.0468
-62.4576
-62.431
-58.3533
-60.4492
-61.1886
-57.4155
-62.1513
-61.1493
-60.8648
-62.1544
-61.68
-61.7706
-59.4114
-59.4259
-59.9311
-63.0051
-58.4526
-58.0738
-61.331
-60.8081
-64.8385
-61.6506
-63.8499
-60.3233
-62.381
-61.6112
-62.8183
-59.5249
-63.0871
-58.1774
-59.9284
-59.0004
-59.3135
-61.0239
-60.2995
-62.9311
-61.5875
-60.5611
-54.2306
-62.2253
-60.9828
-59.3607
-61.0846
-61.7101
-59.842
-62.017
-63.1167
-63.4318
-59.1575
-62.4325
-60.3145
-62.3577
-61.4726
-60.9789
-61.1185
-59.3256
-60.6122
-62.4058
-61.178
-61.8006
-57.8609
-60.6705
-60.3487
-58.1184
-62.9207
-62.0696
-61.4659
-60.4976
-58.022
-59.9066
-60.7997
-63.453
-58.8873
-62.827
-62.8623
-61.8906
-63.3028
-60.3642
-62.5721
-58.8401
-63.3589
-61.7283
-62.6722
-60.5497
-59.7663
-61.5756
-59.5607
-61.5374
-62.4832
-63.4585
-61.8184
-61.6957
-60.9314
-63.5773
-57.4504
-61.749
-61.0149
-61.9744
-60.7539
-61.2222
-60.1625
-61.6399
-62.3588
-62.0934
-62.7894
-61.5719
-62.614
-62.1361
-61.6283
-61.2388
-62.142
-55.7976
-61.7556
-60.3363
-56.5528
-60.6055
-61.2779
-61.7242
-62.1145
-62.3899
-59.7272
-59.1458
-62.0598
-59.5881
-56.5818
-59.4011
-58.8961
-62.5703
-61.5137
-58.1967
-60.2281
-60.5769
-62.3844
-60.6296
-60.5945
-61.6048
-62.6425
-60.6631
-62.2745
-60.5011
-55.7115
-62.0723
-60.7017
-59.397
-61.0518
-62.9805
-62.9964
-58.0465
-61.6407
-61.7447
-53.5598
-60.9768
-61.365
-60.4358
-62.9654
-63.4516
-61.9574
-62.6101
-58.4912
-61.7323
-63.902
-60.7753
-61.9478
-60.4033
-58.0779
-60.554
-62.1894
-62.5634
-62.4942
-62.4155
-53.5654
-63.5312
-57.9463
-59.396
-59.719
-61.0503
-60.4175
-63.905
-64.4124
-60.7291
-58.1808
-61.7197
-64.3429
-61.1016
-62.4346
-60.8292
-60.7084
-56.885
-61.2562
-61.1253
-61.5964
-58.4513
-58.879
-62.0116
-60.6002
-58.0313
-61.1541
-62.5271
-61.9541
-59.413
-59.532
-61.1591
-60.8747
-60.7229
-61.2476
-62.6172
-61.0333
-61.3956
-62.4861
-62.9306
-55.5213
-60.1849
-62.5049
-56.7166
-60.1626
-61.4672
-60.7617
-59.5025
-56.645
-58.673
-58.214
-59.0894
-60.7884
-59.9929
-62.0309
-61.4654
-60.2043
-61.8486
-60.6931
-62.0291
-61.014
-62.7168
-61.2499
-59.0145
-55.1132
-63.1102
-58.3664
-61.8891
-60.1962
-54.3546
-57.2326
-61.2601
-63.4311
-62.8842
-62.6118
-61.532
-60.3182
-61.4146
-59.2536
-58.5015
-60.0614
-59.8384
-59.4639
-59.9066
-62.9832
-61.6364
-59.4272
-63.4566
-60.4076
-58.4547
-62.2065
-56.7528
-62.1764
-63.8719
-60.9151
-61.5717
-61.9839
-56.901
-59.9586
-61.899
-61.6179
-63.455
-61.1656
-62.1356
-62.0514
-60.606
-61.9674
-62.0624
-62.0251
-61.4455
-62.5412
-61.9296
-60.5898
-60.7649
-61.4107
-60.1673
-60.4052
-61.635
-59.4963
-60.8356
-60.4601
-60.7586
-61.9038
-62.5473
-62.6098
-59.1117
-62.8494
-62.1266
-60.4216
-60.9566
-63.9534
-59.087
-62.5053
-59.3736
-61.1727
-62.0654
-57.5674
-62.8274
-61.9059
-60.9287
-59.8517
-63.612
-61.5133
-59.6478
-61.3514
-60.048
-61.738
-54.0618
-60.0413
-62.0576
-59.703
-58.1671
-63.1307
-60.3871
-63.2831
-58.9455
-60.2712
-61.3771
-60.5559
-61.3036
-61.9643
-61.2763
-61.7081
-61.1541
-62.8313
-61.9453
-59.1941
-62.2562
-63.2412
-60.0781
-62.7239
-60.6153
-59.2027
-60.6329
-63.3434
-61.2209
-62.6479
-61.4737
-59.4064
-58.8254
-59.5948
-56.9504
-63.1214
-62.2238
-61.8407
-58.4595
-56.9786
-61.2653
-63.5424
-61.024
-62.9764
-61.6934
-63.8499
-60.0561
-62.9245
-63.2168
-61.9132
-62.1527
-59.563
-62.3871
-60.1032
-60.7076
-55.5486
-60.6601
-61.04
-61.4097
-61.0175
-60.8806
-59.5993
-60.0405
-61.4725
-59.3492
-61.1413
-57.7925
-60.9472
-62.481
-61.101
-59.8928
-55.2047
-60.5048
-60.8889
-64.4124
-62.0685
-62.5026
-61.9144
-60.1492
-61.2319
-60.3122
-61.1249
-61.2092
-60.3931
-61.712
-60.2009
-59.1182
-59.0004
-62.4099
-62.5034
-57.9522
-63.8069
-58.8538
-60.1478
-58.809
-61.3734
-62.3974
-61.3852
-55.766
-62.0692
-60.7163
-60.1994
-56.459
-59.6488
-58.5609
-60.9856
-60.1004
-59.2662
-60.486
-58.7189
-56.699
-59.4696
-62.3504
-61.7456
-62.415
-62.1856
-61.5279
-61.5681
-58.1789
-59.4042
-59.0332
-56.484
-60.7225
-62.07
-60.752
-62.5702
-61.4817
-56.4285
-62.4683
-58.8959
-62.7102
-60.134
-62.9583
-58.9031
-58.0294
-60.1783
-61.7298
-61.7243
-62.4703
-59.2982
-60.7508
-60.9142
-60.5821
-59.1259
-59.8242
-59.8391
-61.7028
-61.1992
-61.5364
-60.0322
-62.4196
-63.4516
-62.4274
-60.8187
-62.5234
-60.6253
-62.2826
-60.1511
-62.0616
-60.2235
-62.0579
-62.1783
-59.3365
-61.147
-61.8884
-59.358
-61.0952
-61.1673
-57.307
-61.7598
-60.1285
-61.104
-59.6203
-63.8069
-56.4055
-62.4808
-58.9528
-59.9781
-60.9768
-62.3383
-62.5925
-61.5491
-62.0799
-60.7892
-59.5318
-60.8234
-60.3155
-61.8545
-60.2183
-61.6367
-62.3802
-59.0223
-59.2113
-57.8792
-62.4144
-61.7446
-61.8375
-53.7244
-58.0075
-61.0285
-61.1553
-60.106
-63.422
-62.0799
-61.1438
-61.3152
-61.1458
-61.1362
-59.9809
-56.48
-62.0692
-62.1894
-61.1236
-63.276
-59.2042
-61.9743
-62.0248
-61.0777
-61.9967
-60.1963
-60.6725
-57.3405
-61.7438
-62.154
-62.4037
-64.1174
-61.5469
-59.8688
-63.3752
-59.9033
-61.6109
-59.9384
-62.0428
-60.8946
-61.635
-59.8208
-60.7079
-62.4371
-62.3328
-61.539
-61.3748
-63.8719
-60.1671
-60.2503
-62.3634
-62.9825
-60.206
-59.0616
-60.3939
-63.0124
-60.1742
-59.894
-63.1016
-58.8172
-61.9968
-61.6824
-61.9175
-62.3744
-59.6179
-59.6514
-62.1059
-62.4683
-61.6894
-61.6416
-58.7055
-59.1273
-61.6322
-61.5389
-62.6415
-63.3911
-58.7891
-60.1198
-61.5424
-60.9814
-61.8329
-61.91
-61.6277
-62.2501
-60.2004
-61.755
-60.1309
-51.7754
-61.8861
-64.8385
-55.5929
-61.2001
-60.464
-61.227
-57.1208
-61.1729
-61.6268
-62.6536
-59.899
-61.4188
-61.4724
-58.6905
-61.7725
-61.1278
-58.0205
-62.5783
-59.6008
-61.7226
-61.0139
-59.0809
-60.4188
-62.4512
-61.8066
-61.5708
-60.5743
-61.5249
-60.6559
-60.8304
-61.3659
-61.7794
-61.4529
-61.9032
-59.9531
-62.421
-61.6149
-61.8417
-60.9307
-59.6112
-63.8035
-61.6636
-61.891
-60.8491
-62.2018
-61.3595
-63.3911
-62.3754
-62.0213
-61.8223
-58.8412
-59.6428
-61.3902
-60.8972
-62.5217
-61.1686
-61.0086
-59.5327
-59.1689
-58.7564
-61.9246
-60.8065
-56.1513
-59.8604
-62.9143
-59.0559
-62.7526
-61.7668
-62.7387
-60.2237
-63.4163
-61.1151
-60.7812
-60.0659
-62.8314
-60.3797
-57.493
-63.5243
-62.6363
-58.6022
-62.1058
-59.8544
-59.2626
-63.3752
-62.6455
-63.276
-60.484
-60.9393
-62.4545
-62.1856
-60.6541
-58.4954
-59.6979
-61.6999
-61.4276
-62.1342
-51.6217
-57.5349
-55.9854
-63.091
-62.0317
-61.7519
-60.8929
-61.1719
-58.8788
-61.8187
-61.483
-60.2765
-61.7896
-60.863
-62.3865
-60.7713
-56.868
-61.7415
-58.3877
-62.7223
-60.1408
-60.0403
-62.022
-60.2564
-58.2162
-63.8719
-56.318
-59.4468
-61.4692
-60.9042
-60.4836
-62.6397
-61.6575
-63.4466
-61.3145
-60.2282
-61.9893
-59.0713
-57.0374
-59.8784
-62.8727
-61.7313
-60.4216
-58.9105
-62.1635
-61.2993
-61.1801
-60.0483
-62.4821
-59.7463
-60.8739
-56.5796
-61.1002
-60.851
-60.8951
-60.7847
-60.0741
-50.9932
-62.4488
-62.5269
-61.137
-60.4326
-62.2756
-60.2728
-61.3435
-63.0118
-61.908
-57.2881
-60.5397
-59.3135
-62.4484
-59.7881
-58.2746
-61.3115
-58.7206
-61.5879
-60.9438
-63.1122
-63.3752
-62.6136
-58.4035
-60.7978
-63.3028
-62.7285
-59.8858
-59.9832
-62.1195
-59.2876
-61.1769
-62.0675
-59.8733
-60.1236
-62.1724
-61.8765
-61.2968
-59.7536
-62.9959
-60.0068
-58.7816
-63.3933
-61.648
-59.4407
-62.7267
-59.3751
-60.2913
-60.5065
-62.7736
-59.3166
-61.6496
-61.7272
-62.0699
-62.3326
-60.3456
-61.4977
-61.9728
-60.2297
-61.671
-61.2216
-60.0329
-61.5597
-53.1115
-63.8689
-61.7184
-55.0878
-60.3629
-57.9763
-58.1208
-59.3364
-61.814
-61.3084
-61.6027
-61.1566
-62.9375
-61.2001
-61.4546
-61.2683
-60.4596
-57.7221
-62.5104
-61.6274
-59.7835
-61.0811
-61.8254
-61.7151
-59.5559
-56.8582
-58.4103
-63.3701
-61.9215
-64.0791
-63.8499
-61.6075
-56.0166
-59.0915
-62.9654
-62.4715
-61.5125
-59.468
-61.3957
-61.769
-63.0834
-61.3689
-59.7081
-62.8433
-58.74
-62.0528
-61.4767
-60.8518
-61.3497
-61.9177
-61.2627
-60.2718
-60.4767
-61.5425
-58.8307
-61.3225
-62.5589
-61.2293
-62.7287
-58.9868
-61.2529
-60.376
-59.0779
-61.9586
-62.0069
-58.7176
-63.455
-60.8069
-62.7188
-62.002
-60.3438
-62.0383
-57.7915
-63.4541
-60.7569
-62.5316
-57.8297
-61.8018
-61.5191
-61.2925
-61.8164
-60.6619
-61.0326
-62.202
-62.7907
-63.3087
-59.7206
-60.4179
-61.3107
-61.6182
-62.1587
-64.0791
-60.1216
-58.9575
-61.7702
-62.9331
-61.0011
-60.8009
-62.0126
-60.0899
-61.9717
-63.8204
-60.1191
-54.4875
-61.6549
-59.0848
-61.1412
-62.7287
-61.5124
-62.4809
-62.4398
-59.5461
-60.3963
-58.3903
-58.8451
-59.7936
-61.0044
-62.9631
-62.2899
-58.3359
-61.0417
-58.9387
-59.5271
-60.2948
-60.7236
-62.6427
-61.625
-57.6989
-59.6133
-60.7835
-61.1366
-62.0406
-60.5446
-62.7663
-62.6574
-62.5322
-58.7462
-60.4982
-59.8703
-62.382
-61.7334
-60.9607
-59.3479
-61.8468
-55.8856
-62.7705
-61.4085
-58.2596
-62.3445
-59.631
-61.6786
-62.3025
-60.3264
-60.5517
-62.06
-60.0655
-61.5999
-57.7287
-60.7279
-62.1285
-62.8727
-62.3796
-58.01
-60.5336
-61.0012
-62.5888
-60.1204
-58.6047
-63.422
-60.1217
-63.4163
-62.0934
-57.7842
-58.8351
-62.6053
-61.0335
-61.5796
-62.4216
-61.2845
-61.2065
-60.1572
-61.467
-63.8499
-57.6328
-59.7347
-60.5013
-59.1411
-60.5757
-61.1638
-60.7443
-62.5484
-61.9765
-61.998
-64.4434
-61.1042
-60.4215
-61.5895
-61.5951
-58.5753
-60.4103
-60.3892
-61.2393
-59.9839
-62.8417
-61.1147
-57.298
-62.6815
-61.3366
-60.501
-62.5928
-60.4049
-59.0415
-63.3704
-59.8233
-61.461
-60.2781
-57.0778
-61.4496
-62.1125
-56.2818
-63.3087
-62.562
-60.4357
-62.9992
-62.0561
-60.9107
-60.6846
-62.5987
-60.768
-57.7317
-61.4923
-61.5181
-56.9787
-53.6812
-61.6829
-60.0025
-61.8679
-61.3845
-62.4535
-61.6416
-62.9639
-62.1822
-49.0451
-63.8499
-60.2183
-64.4124
-61.072
-62.5841
-55.9437
-62.9731
-60.3162
-59.5542
-61.0662
-63.4566
-61.1194
-62.7364
-62.6387
-61.54
-61.0376
-61.9542
-61.1172
-60.9396
-59.3108
-62.9435
-62.0431
-60.0751
-62.5529
-61.1535
-62.2793
-62.2973
-62.3475
-61.1839
-62.458
-60.7932
-61.3784
-63.0378
-60.0588
-59.2531
-60.7817
-59.3283
-60.8419
-61.8658
-59.6692
-61.4833
-62.5069
-62.3926
-59.6372
-61.0775
-60.9057
-62.2731
-59.8789
-62.7952
-56.1707
-63.8499
-62.9198
-62.6128
-64.1197
-63.8499
-58.0821
-60.4816
-60.1933
-61.6999
-59.3056
-59.0382
-62.0428
-60.0762
-60.7775
-62.9557
-60.5789
-61.4539
-61.3964
-62.8973
-62.8974
-60.3835
-62.604
-59.5044
-62.0689
-58.6626
-59.7162
-62.4628
-59.7172
-62.9583
-62.0898
-58.9067
-61.8429
-58.3569
-60.8669
-62.082
-60.9721
-60.4026
-58.7072
-60.8878
-61.2782
-62.5642
-60.2154
-59.6687
-60.4889
-61.6076
-60.8339
-62.2957
-61.4385
-56.0699
-59.3802
-59.6121
-62.4153
-60.0776
-62.2509
-62.2103
-62.413
-61.5405
-63.877
-61.2309
-59.1836
-61.5787
-60.7295
-62.1225
-63.0981
-59.5566
-61.0748
-61.6622
-57.1331
-61.0464
-63.4585
-62.9899
-57.8537
-59.5814
-62.4808
-61.0412
-62.431
-58.2126
-61.5179
-61.7416
-61.0298
-57.3659
-61.6102
-59.0771
-61.6263
-59.7969
-62.1138
-61.0647
-61.55
-60.475
-62.0328
-58.8724
-61.6448
-58.4725
-58.8
-62.8556
-60.8283
-56.8592
-61.6973
-59.2478
-61.9517
-59.7443
-62.3536
-61.0658
-61.8117
-57.8082
-64.0182
-60.9276
-61.1971
-61.9581
-59.5536
-57.3682
-61.3321
-58.0992
-61.3648
-60.2721
-62.8664
-62.0572
-62.0925
-60.6447
-60.8878
-62.1799
-61.1484
-61.1117
-61.6788
-61.8416
-60.7357
-62.0926
-61.7765
-59.6997
-60.8085
-62.1415
-57.6573
-60.8117
-59.638
-61.7519
-61.945
-60.8686
-62.2352
-63.9534
-62.5529
-62.9207
-61.5829
-62.3551
-61.8766
-63.0371
-60.6176
-57.5785
-60.9066
-61.7782
-61.5485
-63.142
-59.9221
-60.6699
-61.0411
-59.6391
-60.5379
-63.3269
-60.3516
-61.4619
-61.3268
-63.8378
-60.9581
-60.3247
-60.9293
-61.1418
-61.365
-60.9593
-59.5858
-61.9373
-60.8213
-61.0531
-63.0713
-59.3769
-61.5696
-59.9673
-62.3028
-59.3925
-62.9959
-61.1597
-59.9603
-61.9298
-59.2947
-64.8385
-60.7704
-62.0101
-60.2962
-61.2382
-61.4518
-54.0048
-61.9687
-58.7073
-63.9017
-61.0135
-61.5002
-61.5463
-61.3751
-61.6613
-60.9066
-62.0126
-60.4939
-64.4124
-61.9436
-61.7489
-62.8402
-60.7666
-61.5409
-59.582
-61.6857
-61.3904
-61.5583
-59.6075
-60.2585
-59.3246
-61.1979
-61.6672
-56.2759
-60.7234
-63.902
-56.9595
-59.1185
-59.3602
-61.4211
-60.5359
-61.2491
-58.4393
-61.2616
-60.1749
-57.247
-60.9109
-61.003
-60.9307
-60.8619
-56.5366
-64.4124
-61.2439
-61.6395
-60.6292
-60.1055
-61.926
-60.9428
-62.062
-61.9789
-59.7122
-55.9457
-61.8668
-59.7924
-62.5646
-58.2072
-58.7162
-60.0748
-62.5438
-60.9801
-62.643
-62.4042
-59.6317
-62.4334
-59.3622
-61.3154
-60.937
-62.6474
-60.8325
-62.4198
-61.5682
-60.5501
-58.8904
-62.1256
-62.5547
-54.8465
-62.0598
-57.2535
-59.1676
-57.8788
-57.8497
-61.6509
-58.4034
-61.2382
-62.9496
-61.9245
-60.0365
-62.6632
-61.1336
-60.6899
-60.8465
-60.6023
-61.3227
-61.1005
-59.8468
-62.9664
-60.6368
-61.667
-61.5716
-56.5337
-62.0081
-62.1423
-62.9908
-62.6847
-59.2641
-59.4203
-60.9965
-61.0776
-60.5805
-58.6659
-63.3888
-63.0663
-60.6366
-62.5062
-59.882
-58.7809
-61.4072
-62.2496
-59.9965
-63.5468
-56.0151
-62.9431
-53.6799
-61.674
-62.0953
-59.7625
-60.9969
-62.249
-60.2541
-60.2675
-63.7812
-61.9434
-61.1326
-61.8585
-61.6725
-61.3307
-59.0746
-59.3502
-61.6159
-62.8356
-61.7883
-62.0271
-61.1059
-62.8556
-60.7914
-61.3654
-63.3433
-60.3618
-62.3569
-59.5066
-56.8594
-60.8679
-61.7172
-61.5693
-56.4838
-63.3752
-60.2728
-60.6462
-61.5885
-59.5058
-59.9299
-61.918
-60.9451
-61.9196
-60.7868
-57.8626
-61.7271
-61.9928
-56.6128
-60.727
-62.1288
-58.2567
-62.1547
-62.1316
-62.0502
-62.3901
-58.8778
-61.5009
-63.8689
-61.7494
-60.5061
-61.9005
-61.9314
-61.0765
-57.0038
-61.108
-61.3964
-62.4606
-59.6757
-61.8515
-61.5872
-62.1303
-59.7838
-59.4566
-62.6073
-58.9418
-57.5057
-62.5665
-61.6852
-61.0013
-60.4747
-62.2744
-62.023
-62.0398
-60.1686
-59.8063
-60.7206
-64.8385
-61.9704
-62.3634
-61.5274
-61.3075
-63.2448
-59.2721
-61.5518
-60.217
-59.7804
-64.1197
-63.142
-61.9832
-61.6186
-61.8279
-59.5268
-58.2266
-62.2856
-62.6307
-62.9484
-63.0847
-64.3429
-61.1468
-61.0761
-62.5041
-57.0861
-61.9325
-61.7289
-62.7173
-61.4501
-57.3866
-60.0282
-62.9435
-57.4022
-61.6134
-53.7996
-61.3198
-60.9046
-62.4857
-60.9613
-60.2169
-62.0593
-62.218
-62.5037
-60.9315
-60.2577
-62.8862
-61.5521
-60.201
-62.8959
-56.0944
-61.2044
-61.4335
-62.918
-60.8671
-60.2379
-62.0631
-60.3584
-60.6658
-62.0369
-60.3637
-60.7198
-64.1197
-61.9717
-62.0396
-62.6707
-59.1807
-63.3433
-60.2737
-61.7518
-57.0054
-61.4757
-59.6207
-59.7404
-62.8548
-61.1028
-62.5009
-61.5923
-63.1839
-60.0943
-62.3056
-63.3816
-59.4323
-61.7913
-58.9289
-63.2132
-60.4321
-61.2341
-62.4385
-63.8043
-61.9978
-61.3938
-60.6236
-61.7894
-62.4414
-63.0774
-61.7747
-64.8385
-61.3288
-59.0988
-62.2319
-60.5734
-54.9779
-61.2701
-59.7877
-62.2136
-60.2924
-63.5322
-62.7245
-59.6032
-60.9934
-59.8758
-61.4092
-60.8386
-60.4365
-62.2099
-62.7193
-62.9861
-58.0841
-59.3136
-62.9328
-59.3325
-62.2217
-59.3991
-62.448
-59.7279
-62.8313
-61.828
-62.0378
-60.0152
-60.656
-62.2049
-61.8442
-62.1944
-61.024
-61.3858
-62.1036
-63.2831
-61.5861
-59.8162
-61.1414
-60.725
-61.618
-62.0546
-60.4799
-62.3151
-59.6022
-46.6619
-58.6541
-60.8517
-61.116
-62.4293
-60.0664
-59.6073
-61.9657
-59.5733
-63.0026
-50.5381
-57.6554
-59.1676
-62.1707
-60.0112
-61.9363
-62.1721
-63.8035
-60.4133
-61.8761
-63.0077
-55.7456
-59.0213
-60.304
-63.453
-60.8246
-63.3911
-60.9979
-60.9205
-62.2244
-62.0798
-60.5507
-58.3296
-59.2703
-60.9476
-59.5131
-63.5243
-61.2725
-63.1311
-59.3865
-62.4703
-60.892
-59.8592
-54.7113
-59.979
-61.5973
-58.9027
-61.2657
-63.905
-60.3124
-61.634
-61.6171
-60.8465
-63.5773
-58.8322
-61.0139
-60.5135
-61.0271
-61.5225
-57.9864
-61.6342
-61.7079
-59.6862
-59.888
-60.9578
-61.9995
-61.3709
-58.6152
-57.2745
-63.0173
-61.3855
-59.4579
-60.3713
-60.5614
-60.3143
-55.3247
-61.2468
-61.1963
-63.4372
-61.2945
-61.86
-61.1197
-61.0799
-61.1435
-61.2121
-61.6278
-58.5952
-62.4531
-60.9879
-61.4236
-62.064
-62.6205
-55.9331
-62.2569
-62.4643
-57.7802
-63.9017
-62.1357
-61.1341
-60.4884
-62.0043
-62.4925
-61.3291
-63.3433
-55.4773
-58.7921
-61.7094
-61.5762
-62.3044
-62.7123
-61.6303
-58.6108
-61.2521
-61.3775
-61.5444
-61.5977
-61.6692
-56.7503
-60.8415
-59.8305
-62.991
-62.9806
-60.258
-59.4263
-61.3362
-60.4503
-60.1883
-61.2781
-61.058
-61.0134
-61.0304
-61.6083
-61.9645
-61.1698
-60.811
-63.276
-59.3357
-62.1369
-61.7449
-62.4895
-61.7131
-61.4589
-61.3228
-60.0594
-55.5139
-61.909
-58.5645
-62.4063
-61.7539
-59.052
-62.6934
-61.9271
-63.1633
-63.162
-62.605
-61.054
-60.8563
-61.348
-62.2414
-60.0773
-62.5344
-58.2831
-61.3929
-59.7208
-59.6997
-60.2191
-58.7651
-61.0935
-58.2954
-61.4755
-60.2025
-56.8456
-60.3856
-63.902
-61.0169
-63.386
-58.0392
-61.9095
-62.5356
-60.6354
-60.6068
-57.5848
-60.7188
-59.4127
-57.8304
-60.3324
-61.2347
-59.2068
-61.0589
-61.2096
-60.6959
-59.7065
-61.5954
-55.2827
-58.8749
-59.6829
-61.0083
-60.9237
-59.4264
-59.0698
-60.2786
-59.8631
-60.0771
-62.3877
-57.8483
-60.4999
-62.6245
-61.2562
-59.1468
-60.4901
-62.9337
-63.2726
-62.8711
-59.2933
-62.4994
-56.7065
-60.1719
-59.5651
-63.3054
-63.8069
-60.5939
-63.2156
-60.5286
-60.5973
-59.3865
-62.0947
-61.5853
-61.3245
-62.0091
-59.9143
-63.9017
-60.1913
-60.8296
-62.99
-59.3523
-58.184
-58.3161
-61.8455
-61.7798
-61.8241
-61.1955
-60.349
-62.0376
-59.2186
-58.7629
-57.4203
-60.7461
-62.4532
-60.0652
-60.7192
-62.6486
-60.1017
-61.3159
-60.3783
-60.0911
-58.7804
-55.7531
-59.9497
-61.4129
-60.5648
-61.1982
-62.5416
-55.9281
-60.3715
-61.5709
-60.628
-62.0696
-61.5958
-57.654
-63.8689
-61.5467
-62.7828
-61.0256
-61.6097
-61.2715
-61.5559
-62.6497
-63.0184
-60.7238
-60.0486
-61.6037
-62.6268
-56.7681
-64.1174
-61.7458
-59.6395
-61.6965
-63.877
-61.9673
-63.0847
-59.7478
-62.0387
-61.1978
-61.4385
-62.502
-62.5673
-63.3704
-59.5421
-60.5703
-61.7247
-63.3434
-61.225
-52.1282
-61.5071
-62.3782
-61.6926
-55.4431
-61.6286
-55.2308
-60.6612
-61.343
-62.6297
-60.6749
-59.9823
-62.9105
-60.9148
-59.9049
-62.0487
-60.7837
-58.8736
-61.9515
-60.9482
-61.8723
-61.888
-60.3147
-58.507
-60.7685
-58.2377
-62.6555
-62.1479
-50.0056
-62.6487
-60.1714
-60.7283
-61.3716
-59.9577
-60.8904
-59.0906
-60.1775
-59.183
-62.5073
-61.4688
-59.4171
-60.3168
-60.9304
-54.8237
-56.6436
-54.4417
-61.0934
-59.7236
-59.9871
-61.6464
-61.5884
-59.0621
-60.6378
-62.0278
-60.5286
-63.3589
-59.3471
-62.8182
-61.3711
-60.5505
-62.0316
-59.9039
-61.0507
-61.4377
-62.0542
-59.8538
-59.6689
-62.6102
-61.1784
-61.9242
-60.3186
-62.9871
-60.9377
-60.0725
-62.0961
-61.4263
-62.5808
-60.9199
-51.4053
-61.4692
-61.7537
-61.8866
-61.9483
-61.869
-62.3199
-58.45
-62.7661
-62.3011
-62.9792
-61.2771
-61.835
-61.0121
-61.4036
-61.0985
-64.1197
-59.0926
-61.0254
-60.8902
-62.4787
-62.1189
-61.6938
-54.758
-59.0318
-58.8381
-63.5243
-62.2482
-62.4602
-61.4434
-61.075
-62.2275
-62.705
-61.5198
-57.2623
-62.156
-59.7704
-62.7306
-59.8625
-60.8287
-55.4741
-60.4391
-61.5451
-63.5424
-62.9431
-60.8843
-58.742
-60.0268
-60.5719
-62.2375
-61.918
-62.6405
-62.6073
-61.0182
-61.8453
-61.0738
-61.0127
-63.3816
-59.1616
-60.2976
-60.9854
-61.8394
-63.3859
-61.3466
-60.2103
-62.2931
-63.3269
-59.2939
-58.0503
-59.6861
-58.9423
-62.2103
-60.6535
-61.1588
-61.2977
-62.3713
-63.0118
-59.924
-61.0096
-58.1043
-61.4549
-62.4902
-60.7719
-62.9837
-61.5924
-54.7675
-60.0727
-59.2353
-61.7061
-60.4561
-62.3368
-61.0238
-62.1688
-63.7812
-61.4747
-59.5461
-62.6206
-62.3863
-60.8715
-62.5442
-59.6835
-62.9339
-60.4706
-61.2277
-61.6509
-60.5385
-60.7316
-62.0305
-61.0751
-63.5808
-62.0293
-62.0957
-61.6801
-61.7397
-63.8689
-62.2871
-63.8719
-56.5027
-61.029
-61.6181
-58.2294
-60.544
-62.3219
-62.0757
-61.2955
-61.0481
-55.4765
-63.8689
-59.5549
-62.0719
-60.599
-60.9848
-62.1088
-62.1125
-62.7867
-59.5108
-57.9613
-62.5438
-63.4143
-60.6618
-61.4404
-61.349
-60.7532
-62.0044
-60.452
-56.5236
-62.2319
-60.1135
-55.4163
-62.7736
-61.906
-62.9938
-56.8056
-63.0213
-58.6273
-59.193
-62.3475
-62.9873
-62.9104
-62.5096
-61.0721
-60.2723
-61.6978
-61.744
-60.5253
-60.6515
-62.1446
-57.0538
-63.3753
-62.9605
-63.4466
-60.8745
-60.4245
-62.4952
-58.0519
-61.3003
-60.7846
-58.8741
-61.5054
-55.6342
-58.8488
-57.5469
-59.5736
-62.4808
-61.8239
-60.5364
-61.3824
-62.4037
-59.5023
-58.2832
-63.078
-57.4227
-62.8655
-60.628
-61.8078
-63.905
-59.2734
-62.9118
-62.488
-60.2805
-57.5015
-60.6552
-61.542
-62.1108
-60.5201
-61.2341
-62.5475
-60.0439
-61.9394
-60.7101
-57.5456
-63.2831
-60.8787
-60.6735
-59.1159
-61.0139
-61.2654
-60.5699
-60.9437
-59.3392
-62.0261
-61.2958
-57.5509
-61.2321
-60.7676
-59.0828
-62.4447
-62.4228
-61.2257
-60.8503
-60.2431
-59.7803
-58.7975
-58.1727
-59.8593
-57.8409
-62.1457
-59.7817
-60.3044
-56.6552
-62.5348
-60.7689
-61.6494
-57.2948
-61.9083
-62.4569
-60.3969
-63.902
-61.4414
-58.0878
-57.2846
-61.0943
-60.3422
-61.2553
-61.7196
-61.2084
-61.683
-61.8866
-56.1953
-61.5724
-61.5302
-61.8526
-59.9854
-62.8939
-61.2275
-61.5231
-62.1356
-62.3505
-62.4
-60.232
-61.633
-62.0752
-57.4849
-63.0854
-59.787
-62.4056
-58.9063
-62.4246
-62.8356
-62.6663
-58.9474
-62.3575
-59.5967
-62.2713
-60.8547
-60.0149
-60.617
-61.201
-61.235
-60.0679
-59.561
-57.2479
-62.3664
-59.797
-63.1952
-60.3235
-62.4097
-62.5764
-59.4227
-59.5751
-60.9547
-59.3126
-61.6876
-63.8043
-61.5299
-60.7644
-59.483
-62.9731
-59.2365
-58.0366
-57.4186
-63.8204
-61.3134
-61.0926
-59.5089
-62.5699
-60.5986
-63.3994
-60.0863
-60.3421
-61.8829
-60.9125
-60.9319
-62.5486
-62.9792
-58.8615
-64.8385
-59.0978
-59.0194
-62.5195
-61.4592
-61.6449
-62.0168
-61.3582
-61.6245
-62.0737
-57.4103
-61.5437
-62.0485
-61.5407
-60.4168
-61.5148
-61.3565
-63.0811
-59.8703
-62.4951
-56.7908
-61.1972
-59.6662
-62.062
-61.4672
-63.3861
-63.5322
-57.8261
-54.8894
-62.5844
-63.0462
-62.9835
-63.5232
-60.0926
-62.0745
-59.2884
-60.3998
-59.8982
-61.0504
-63.453
-61.3325
-59.7062
-61.6448
-60.468
-62.052
-61.7067
-60.3617
-61.6365
-64.4124
-59.9265
-60.318
-62.0187
-62.388
-61.8119
-58.8888
-64.8385
-61.4228
-61.3888
-61.1546
-61.628
-61.5575
-61.0739
-60.9639
-61.1469
-61.9547
-60.1776
-61.2178
-58.4519
-63.0637
-62.4089
-55.1324
-57.0743
-59.519
-62.0252
-58.3483
-62.5254
-61.1999
-61.1994
-63.3911
-61.9573
-58.9412
-61.3256
-59.9926
-59.1886
-62.5615
-57.5819
-61.8685
-62.8885
-63.4021
-61.6657
-61.883
-61.5659
-57.7257
-62.3727
-61.9872
-62.1823
-60.0823
-60.7693
-61.3376
-60.9198
-62.8407
-60.6308
-60.1419
-59.1692
-62.0135
-59.711
-61.0763
-62.4624
-60.61
-62.2853
-62.0588
-62.7996
-62.8902
-61.802
-61.5112
-61.4762
-62.9098
-61.7696
-62.1368
-55.7082
-60.7841
-61.7085
-63.877
-62.9654
-60.2265
-61.4678
-61.9054
-61.3254
-59.9022
-61.9744
-59.5314
-55.1124
-61.0322
-62.3727
-59.5361
-61.9402
-61.5429
-60.7783
-61.1641
-60.5151
-61.3562
-60.4323
-61.6249
-60.6715
-58.1982
-60.2269
-63.7824
-63.4312
-61.4345
-59.5185
-61.6404
-63.4483
-58.6118
-55.73
-61.5665
-60.5429
-62.6324
-59.3465
-62.5608
-61.0596
-54.7937
-63.1576
-62.064
-60.6907
-56.9175
-57.9132
-57.9257
-61.0997
-61.053
-60.9219
-61.9774
-62.8548
-61.5855
-61.9895
-62.356
-60.7322
-62.6915
-62.4695
-61.113
-62.9556
-57.5543
-62.1017
-62.7531
-60.1615
-60.5531
-57.1026
-63.0973
-62.9873
-60.4977
-60.9529
-61.7454
-61.8653
-60.6154
-61.7693
-60.0559
-61.1215
-62.0779
-61.7617
-61.4707
-61.2752
-62.0228
-61.9962
-62.2589
-61.7358
-59.9405
-63.2412
-57.2519
-61.3428
-60.6428
-61.158
-61.1861
-59.2616
-62.5433
-59.7005
-64.8385
-60.2132
-59.8072
-59.8538
-57.7802
-60.8612
-56.128
-61.0715
-61.4304
-61.0456
-59.8947
-60.388
-59.9801
-62.9328
-61.8142
-59.0664
-60.9142
-62.043
-61.4938
-60.3185
-60.341
-58.8878
-57.2743
-59.2856
-58.8681
-61.9051
-61.4287
-57.1708
-61.8637
-60.4107
-60.9829
-62.5008
-58.3619
-63.8708
-61.5175
-62.5214
-60.7459
-63.5424
-60.6109
-54.7718
-59.2116
-61.0825
-60.7833
-58.639
-58.1895
-61.5474
-61.1133
-62.8985
-61.6096
-61.9163
-59.6048
-62.204
-61.4696
-60.4152
-57.7286
-60.3896
-56.1584
-59.514
-62.8733
-61.2727
-61.2742
-62.0949
-62.062
-62.6412
-59.5051
-62.2899
-60.0449
-57.8167
-58.7585
-61.1528
-61.1506
-62.5993
-63.7812
-60.3936
-62.3444
-60.8914
-61.209
-60.1963
-62.1668
-63.0486
-60.531
-56.2382
-60.7737
-58.7462
-61.228
-62.8744
-59.3805
-62.1429
-59.7872
-61.8432
-59.2421
-64.1174
-61.0792
-60.864
-63.4516
-61.1939
-58.4798
-61.4111
-62.2539
-55.808
-61.945
-62.8439
-58.7821
-60.9501
-61.6371
-62.5796
-60.7194
-63.877
-62.3574
-57.6551
-59.9187
-60.1793
-62.1819
-59.4188
-60.7388
-57.1608
-62.0165
-59.5474
-61.0177
-62.8433
-61.9676
-62.35
-60.4122
-61.615
-61.1294
-61.4795
-62.3879
-62.1783
-59.642
-61.3595
-59.1655
-63.0594
-60.3682
-59.375
-62.1362
-61.9854
-59.2884
-60.4394
-59.2794
-59.6443
-60.3979
-61.586
-59.0038
-62.9873
-61.0237
-58.9183
-62.2134
-58.6628
-59.6727
-61.3476
-60.7461
-60.3666
-60.7249
-60.4539
-60.5994
-60.9631
-61.6923
-62.8939
-60.7901
-59.5221
-58.8906
-62.9515
-56.1397
-61.1247
-61.4256
-58.6513
-61.4243
-61.2186
-62.4268
-61.5834
-59.1091
-59.418
-58.3918
-60.2418
-59.6498
-54.5697
-58.5444
-56.7884
-62.8127
-60.9004
-60.1955
-60.9757
-60.2587
-61.2736
-61.0362
-57.9234
-61.8159
-63.9017
-60.4679
-61.33
-62.3873
-62.9675
-62.1224
-61.8665
-61.7717
-58.4082
-60.3056
-62.6462
-61.6366
-62.0886
-61.3996
-62.2786
-62.0473
-63.0056
-62.5662
-61.0586
-62.3055
-57.0437
-62.8045
-63.006
-61.0916
-56.2467
-60.159
-60.6708
-62.0266
-59.3176
-61.106
-61.719
-61.9705
-59.8978
-60.9189
-62.8571
-59.8745
-60.9112
-61.4334
-60.026
-61.0343
-60.9307
-56.3959
-59.5247
-62.6574
-60.9132
-63.8499
-61.6079
-60.2048
-62.2676
-60.4839
-59.7677
-60.5624
-61.3292
-61.9418
-53.6258
-61.0948
-60.9459
-58.6226
-60.6396
-62.4666
-61.209
-62.7456
-61.6805
-60.2083
-60.4021
-62.9337
-61.7867
-62.3488
-59.8818
-62.915
-61.1726
-62.4146
-61.3086
-62.9335
-61.3486
-61.3809
-62.0537
-62.1731
-58.8837
-63.4516
-60.6701
-56.544
-60.7111
-60.7655
-60.2223
-60.728
-60.8443
-60.8523
-63.0882
-61.4868
-60.1809
-60.4683
-62.0701
-61.1059
-59.8149
-61.8297
-61.9729
-62.9654
-60.6519
-60.6758
-60.6752
-59.6559
-51.7643
-58.4983
-56.5959
-63.0378
-60.6982
-60.8673
-61.3959
-61.9375
-59.9224
-61.2264
-59.9555
-55.8003
-58.9663
-61.7198
-61.296
-61.3216
-62.1757
-60.7103
-63.5456
-60.499
-62.5776
-60.0601
-62.449
-60.8823
-62.9676
-58.0466
-61.0589
-58.8671
-62.0801
-60.9018
-63.4311
-60.8894
-61.3736
-59.2552
-58.3744
-61.623
-60.7891
-59.0075
-57.7731
-58.7106
-60.6204
-59.2977
-59.4367
-58.9658
-58.1162
-62.8065
-61.6034
-60.8402
-58.7115
-62.0619
-60.7476
-62.9486
-60.3291
-60.7536
-61.2159
-58.7215
-58.4672
-61.0466
-61.324
-62.2529
-59.0568
-55.7845
-60.1421
-59.3962
-61.5279
-58.56
-58.3501
-59.9979
-62.0112
-60.2371
-59.9902
-63.3396
-62.0501
-61.7955
-61.9914
-61.9759
-61.7692
-63.3861
-59.7771
-60.8607
-62.1242
-61.3693
-60.0902
-58.4877
-56.482
-61.2476
-60.1555
-61.5184
-59.0569
-60.3384
-61.3995
-59.1456
-61.9337
-62.1366
-62.0466
-62.4715
-61.7045
-59.0431
-60.5611
-52.4554
-60.7067
-61.178
-62.0954
-59.6171
-59.683
-61.9482
-57.6203
-60.6519
-59.1077
-61.7685
-60.6772
-56.0605
-58.7735
-62.5014
-58.3446
-59.4025
-61.0991
-58.7116
-60.0592
-59.3457
-59.4208
-60.5657
-62.4371
-60.9821
-62.3782
-59.0825
-52.6568
-62.0735
-59.8744
-58.1008
-52.6535
-61.1957
-61.5653
-59.8557
-60.4517
-61.2849
-62.1436
-60.4969
-61.7546
-62.6028
-61.6581
-62.3176
-61.5198
-60.7369
-62.0409
-62.1582
-56.1846
-60.9054
-59.3389
-59.5366
-62.0651
-56.5343
-63.8719
-61.7613
-57.2067
-62.1166
-58.7254
-58.8073
-58.915
-60.4638
-61.2366
-62.4815
-60.3151
-57.5231
-61.1413
-59.2232
-58.2094
-61.8602
-60.1392
-61.5719
-60.7238
-61.8761
-62.216
-61.852
-60.5857
-59.9098
-60.4625
-59.0052
-63.8378
-61.1759
-64.8385
-62.3713
-60.105
-55.9842
-62.5123
-59.928
-62.6471
-61.6883
-59.7876
-59.5088
-60.209
-60.6406
-59.2683
-62.8494
-59.9998
-62.549
-62.2354
-63.3701
-62.8348
-61.6245
-64.4124
-63.8719
-62.6099
-62.6387
-60.7664
-60.2941
-60.1937
-61.4606
-57.3024
-61.6035
-60.0121
-60.1904
-63.9017
-61.0995
-60.885
-61.7971
-59.8513
-61.7135
-60.6273
-61.3819
-62.2153
-57.5526
-61.7185
-62.1242
-61.8571
-61.9263
-61.1969
-62.1787
-61.6395
-60.2676
-62.5132
-61.2145
-60.6184
-60.2723
-59.4359
-59.3942
-61.5538
-62.631
-58.7497
-60.9725
-61.1968
-62.3497
-62.9251
-62.3302
-62.8433
-62.9338
-59.9213
-62.4922
-57.9421
-55.1157
-62.8727
-58.7822
-62.6612
-60.52
-59.9557
-60.6571
-60.235
-56.1835
-63.8708
-59.018
-57.729
-60.4251
-59.2808
-63.8708
-60.8217
-62.713
-60.1754
-61.3192
-62.0037
-59.5419
-61.3875
-63.3816
-61.4101
-60.1927
-61.5704
-60.3575
-60.6587
-61.1644
-61.4743
-62.5416
-61.4415
-45.9954
-62.8063
-60.8603
-62.7524
-62.5423
-61.5261
-59.677
-63.3752
-62.5104
-61.5718
-61.6351
-57.658
-59.47
-61.5404
-56.675
-56.398
-62.5286
-61.9469
-60.7492
-61.3141
-61.7564
-62.3559
-60.9121
-59.3856
-60.9604
-61.1198
-62.8218
-62.4403
-58.9682
-61.274
-63.4401
-62.2611
-61.3056
-62.572
-63.9103
-60.0443
-61.0134
-61.5424
-64.3429
-60.226
-62.7282
-59.8386
-58.7657
-58.0117
-61.96
-60.9028
-58.6642
-60.2792
-59.7034
-61.7329
-61.2756
-61.6792
-58.9219
-62.1601
-61.3172
-59.8096
-60.5855
-62.4433
-61.9379
-62.7713
-55.6493
-59.7481
-63.4484
-59.6499
-63.1016
-60.0439
-61.2697
-61.3513
-61.1158
-61.1118
-59.5323
-62.1503
-61.6851
-61.4212
-60.733
-60.1189
-63.3323
-63.2831
-61.6691
-60.9585
-61.8807
-60.1365
-60.7492
-60.8382
-57.7264
-61.8673
-58.5702
-62.182
-60.25
-58.1811
-60.1482
-63.0882
-60.0594
-58.6792
-60.9888
-58.5376
-61.7751
-62.2079
-61.5416
-61.0166
-59.7847
-60.532
-64.0791
-62.0843
-59.2881
-60.7925
-61.7709
-60.1255
-61.8624
-60.5065
-61.0632
-62.99
-57.3665
-61.385
-63.4529
-61.6413
-60.3325
-59.3402
-63.5775
-61.4101
-62.5976
-61.1168
-61.5615
-60.3227
-62.0429
-61.5716
-61.6935
-62.5286
-52.6334
-62.5647
-63.0934
-60.1048
-62.0843
-59.7587
-61.5017
-59.0858
-59.9548
-59.6128
-62.1959
-62.5173
-60.2734
-62.2388
-61.4276
-61.8999
-61.131
-62.6934
-58.7771
-60.7225
-62.0121
-63.4372
-62.2139
-62.4195
-61.6973
-60.0502
-62.0427
-59.3259
-62.5075
-58.9004
-62.3096
-58.2669
-61.7767
-61.9527
-58.1729
-58.1384
-58.9868
-58.1342
-63.8719
-60.656
-61.3889
-60.2598
-58.7355
-62.0171
-60.3981
-60.6656
-61.7684
-62.3674
-61.2664
-61.8709
-61.7658
-59.3152
-61.9226
-62.8939
-61.6016
-60.3155
-62.4479
-60.5241
-59.9088
-61.592
-59.091
-61.3974
-61.1719
-60.5575
-61.1712
-55.9292
-59.9028
-60.7149
-59.9437
-57.9306
-58.6887
-62.4447
-51.6841
-63.4163
-61.3056
-62.4984
-58.8862
-59.9354
-61.9023
-59.0897
-58.6577
-59.7426
-62.0518
-61.6481
-58.2601
-60.6478
-62.7007
-61.7883
-60.5248
-60.5644
-62.4447
-61.7064
-62.066
-61.1504
-60.1755
-62.6279
-62.544
-61.7961
-62.6346
-61.9212
-61.104
-62.0387
-59.8498
-62.1467
-61.2405
-57.9968
-61.1866
-62.4994
-57.3701
-61.7287
-62.6098
-63.905
-58.9606
-59.4497
-59.7213
-53.7019
-63.0527
-60.4838
-61.0777
-63.4516
-60.7324
-61.8128
-59.0464
-55.7108
-62.9647
-59.7294
-61.7873
-61.5612
-62.5746
-61.2203
-57.9517
-60.8692
-59.333
-62.9458
-62.8348
-60.5541
-59.8061
-61.3181
-61.274
-56.9323
-60.9837
-59.9114
-62.5079
-62.1842
-61.3939
-56.9285
-56.1059
-59.5508
-58.3068
-60.633
-62.146
-62.5167
-59.7353
-62.8041
-57.4842
-56.8635
-60.8795
-61.6777
-62.4682
-61.1458
-62.3148
-60.7432
-61.0962
-59.7102
-60.2679
-61.3938
-55.1426
-61.3687
-60.1283
-60.331
-63.902
-64.8385
-62.0143
-62.1082
-61.9483
-54.9004
-60.1707
-59.4535
-61.9144
-57.3876
-59.2618
-59.4012
-59.351
-61.1597
-58.2321
-56.3493
-61.0242
-54.6923
-61.187
-62.6492
-63.3911
-60.7664
-59.8132
-60.8485
-62.1899
-60.1735
-59.2079
-61.8523
-58.3278
-61.1902
-62.3551
-61.629
-60.8506
-62.9358
-62.4502
-60.5759
-59.4891
-58.9146
-63.0114
-62.7811
-62.3336
-58.1568
-61.695
-60.8181
-61.5383
-59.1949
-61.8885
-60.9122
-60.5417
-62.1707
-61.8146
-60.6686
-63.4098
-63.2665
-57.9604
-62.3725
-64.4124
-62.5745
-58.6287
-61.5795
-59.2984
-63.8035
-57.441
-60.7801
-62.9837
-61.4104
-59.6961
-61.1766
-61.5488
-61.8936
-59.7747
-62.2668
-60.8397
-58.44
-61.1418
-63.4401
-61.8023
-60.1805
-62.9435
-60.2962
-61.6783
-61.3663
-58.9499
-63.8689
-60.612
-61.9013
-62.6233
-58.8866
-61.8323
-62.2116
-60.4409
-61.3983
-58.6206
-61.6937
-61.5797
-62.9108
-62.964
-61.0843
-58.6187
-60.0195
-60.0105
-62.1046
-59.548
-58.8664
-62.6432
-59.7692
-61.4007
-58.749
-60.1281
-62.8116
-61.6812
-58.7167
-60.9486
-62.105
-60.8264
-62.8854
-59.2528
-56.1806
-59.9824
-59.8598
-60.0702
-59.5751
-61.2408
-60.8121
-62.7402
-61.209
-59.7948
-62.1417
-58.0026
-62.9281
-61.5562
-59.7738
-61.4805
-61.1658
-61.1591
-59.8428
-61.9359
-61.7128
-64.8385
-61.4486
-59.9441
-62.1416
-61.797
-63.2955
-62.2903
-59.3727
-62.9495
-61.2009
-58.4347
-60.5326
-62.9234
-60.0358
-60.3902
-60.3187
-54.9321
-63.5113
-54.5149
-59.7384
-59.5507
-63.3992
-63.0026
-62.8736
-58.7652
-62.3444
-61.1343
-63.0121
-59.7848
-60.0445
-59.1781
-60.4297
-61.5175
-62.0429
-60.5051
-59.7495
-56.9364
-57.9263
-61.3631
-53.2709
-62.6844
-59.9936
-63.0144
-60.8477
-62.7094
-60.4802
-57.579
-59.5647
-57.6319
-60.7848
-58.6553
-62.5847
-60.5267
-61.9263
-62.3042
-61.9878
-62.2571
-61.1342
-62.639
-62.0611
-63.8719
-61.3314
-61.0245
-60.9701
-59.0573
-62.147
-62.0516
-61.0991
-63.8719
-61.7277
-61.9561
-59.2373
-60.5374
-57.0822
-57.6849
-60.7613
-61.3733
-59.2454
-62.4258
-60.5964
-57.7625
-62.4097
-60.1454
-62.915
-61.185
-61.6024
-62.0542
-61.5254
-62.8325
-60.7519
-62.6631
-60.406
-62.8926
-60.5718
-59.7187
-62.5913
-57.2226
-62.4804
-60.6531
-62.2084
-60.3607
-63.5808
-61.4928
-61.5915
-58.8211
-61.922
-60.8805
-61.0104
-60.4761
-61.3591
-62.2277
-58.6515
-63.8689
-60.5616
-60.4742
-60.196
-60.349
-57.9533
-61.5501
-59.1345
-61.0804
-61.8726
-61.7799
-62.1239
-62.6945
-61.8882
-62.4859
-61.5764
-59.8087
-62.4732
-62.368
-61.0926
-59.8007
-61.6792
-62.9883
-59.9122
-61.1014
-61.1391
-62.6118
-62.8721
-58.7494
-62.5143
-61.4799
-59.1415
-62.4069
-59.7011
-61.5033
-58.5199
-58.6883
-61.9513
-62.8953
-60.131
-62.5474
-59.9981
-57.8994
-61.0539
-63.1167
-61.767
-59.7835
-61.2579
-61.7315
-61.0507
-61.9898
-63.5496
-64.4124
-62.1698
-60.4814
-60.4568
-61.1924
-60.8547
-60.1387
-61.5075
-62.0616
-61.7283
-61.6348
-62.09
-60.2213
-60.9278
-62.1244
-62.1829
-62.4352
-57.6616
-62.9825
-61.1652
-61.5673
-63.3028
-63.6248
-61.1958
-59.5903
-60.9662
-53.4349
-59.6915
-61.1163
-62.5882
-57.0977
-60.1151
-62.991
-60.1539
-60.3801
-62.6594
-62.3576
-62.3213
-61.0786
-63.0746
-61.3218
-63.2784
-61.2116
-59.8277
-59.8604
-63.9017
-60.1364
-57.5835
-56.5807
-62.6028
-59.4953
-62.4627
-61.769
-62.6968
-61.2003
-61.5152
-61.2022
-58.6528
-61.9694
-61.8468
-58.7713
-62.7171
-63.4163
-59.054
-64.4434
-61.1683
-57.8246
-59.2269
-62.2847
-63.8035
-60.702
-61.9798
-61.2986
-61.8371
-63.2267
-61.3463
-61.4211
-62.8743
-57.8769
-61.2471
-59.9084
-61.0039
-60.9585
-62.4989
-61.2173
-62.6746
-59.7284
-59.7816
-62.0309
-61.221
-52.6988
-62.9959
-61.2963
-54.7865
-60.1902
-63.0588
-61.1551
-60.0304
-61.0721
-57.7994
-60.0535
-61.4067
-60.1774
-62.5325
-58.9838
-62.7278
-62.0811
-60.9931
-60.2267
-60.7376
-61.3895
-58.5212
-60.7129
-61.8087
-57.8392
-61.771
-60.8697
-59.2412
-61.9025
-60.5898
-55.9321
-61.0182
-60.2683
-61.705
-59.989
-59.2572
-61.284
-60.5609
-60.1822
-63.5312
-57.9816
-57.0691
-57.7466
-62.2183
-57.501
-61.7594
-63.4318
-58.9023
-58.7188
-62.0331
-62.9331
-59.9142
-62.1453
-61.1724
-62.2108
-59.5746
-55.8356
-61.3514
-59.7324
-60.5733
-63.0124
-62.639
-62.0176
-60.0953
-62.4986
-53.4538
-60.2648
-60.2033
-62.2519
-60.9653
-57.6269
-62.9964
-60.5985
-59.3141
-62.9031
-58.476
-62.1107
-59.93
-58.8108
-62.0695
-59.9965
-63.3861
-61.9575
-61.7333
-62.2049
-62.3914
-61.0368
-62.0872
-56.8446
-61.2622
-59.0902
-56.101
-62.5401
-63.9534
-62.915
-63.8708
-62.8182
-57.8726
-59.9275
-62.9556
-61.7819
-59.6466
-61.1308
-60.0732
-61.5553
-63.4064
-59.0739
-61.4779
-61.2321
-62.9119
-59.5667
-61.5613
-61.3174
-60.4705
-62.701
-61.1171
-62.3802
-63.1505
-60.3171
-62.6449
-60.0859
-57.8738
-60.9986
-60.5143
-60.7866
-62.0085
-58.752
-61.0652
-62.5436
-59.8822
-61.4281
-62.3426
-62.6743
-62.5553
-61.5364
-58.4208
-61.0598
-59.6219
-56.855
-59.7028
-61.5554
-60.964
-61.343
-62.8182
-54.8192
-62.5665
-62.589
-60.8137
-58.6105
-61.6042
-60.4901
-60.133
-62.7713
-63.453
-58.0232
-60.362
-61.7371
-62.5093
-57.6329
-61.1749
-60.64
-64.4124
-61.7152
-62.5933
-62.1954
-55.1341
-58.1326
-61.6611
-62.9654
-62.9224
-62.9705
-59.9059
-61.5233
-59.7047
-63.0051
-57.6986
-63.1477
-59.018
-61.9084
-61.3232
-62.9441
-60.6323
-62.6408
-60.9984
-61.6771
-62.6829
-61.6011
-63.0096
-58.9112
-63.5808
-58.6523
-60.8975
-60.5896
-59.1906
-57.5519
-59.5668
-62.4861
-63.3933
-61.0923
-60.9857
-60.0541
-60.4912
-60.4763
-57.9955
-62.1747
-61.0503
-57.1147
-58.3959
-59.8667
-61.4305
-61.067
-61.489
-63.0687
-63.8708
-63.0663
-61.5791
-61.4385
-58.9498
-61.3958
-58.9946
-61.0331
-62.0146
-60.2696
-58.0121
-61.519
-57.8425
-60.714
-60.7269
-60.623
-60.7138
-59.421
-61.794
-61.6277
-60.0619
-61.8308
-61.4289
-62.4173
-62.435
-57.3368
-59.9811
-62.7046
-61.369
-59.9618
-60.3804
-57.9491
-62.6299
-61.8879
-61.6426
-62.3824
-59.5873
-60.3032
-56.7362
-62.0599
-61.0404
-59.4063
-61.7402
-59.0145
-59.0931
-63.8689
-62.9031
-60.7824
-62.3043
-63.321
-61.2355
-60.5298
-58.0487
-62.9806
-62.087
-61.6072
-62.2856
-59.6395
-62.0214
-61.8056
-59.8852
-61.1824
-60.6535
-62.4723
-62.4804
-59.0842
-61.4898
-62.5416
-60.5098
-62.414
-61.0963
-58.5539
-60.6586
-62.5087
-60.0115
-63.7812
-60.7623
-62.9098
-61.5967
-59.6564
-60.91
-59.9703
-63.0046
-61.1492
-58.9738
-59.5414
-61.6714
-61.8921
-62.6351
-61.4836
-60.9776
-60.9498
-63.5468
-63.0077
-60.8159
-62.9765
-62.2853
-61.9568
-62.1262
-62.029
-59.3102
-62.4645
-60.1068
-63.4214
-61.9711
-62.3719
-59.3144
-61.2127
-61.9203
-62.2449
-59.4288
-62.9511
-60.4888
-52.9892
-58.2436
-61.1482
-62.0701
-57.9932
-61.2265
-60.1152
-61.1474
-62.2938
-62.1812
-57.3122
-62.6219
-58.5053
-59.1004
-61.5124
-61.8158
-60.8852
-61.3686
-61.9146
-61.303
-60.2713
-63.0887
-60.3544
-59.7735
-59.2971
-60.7906
-61.0174
-60.9654
-61.3993
-62.7362
-61.4717
-60.2688
-62.0784
-61.9583
-57.8107
-59.9006
-52.2199
-60.557
-63.4529
-57.1148
-60.6036
-60.7289
-58.8845
-63.8689
-63.3994
-61.5179
-61.5418
-60.6688
-60.854
-61.5947
-60.8489
-59.4193
-56.1116
-61.1995
-59.2837
-59.6405
-57.0745
-62.5917
-61.0609
-61.0585
-62.5779
-61.4043
-61.2862
-62.1989
-63.013
-57.87
-59.7353
-60.9475
-60.9516
-59.4212
-61.0755
-61.9534
-60.5106
-62.0961
-60.6546
-61.5619
-52.9861
-57.7943
-61.1198
-59.0132
-59.376
-61.6357
-61.2197
-62.4709
-62.985
-62.4964
-61.4138
-64.4124
-61.169
-58.5019
-62.8733
-60.8813
-58.1993
-59.1249
-60.5262
-62.7486
-62.2764
-62.847
-62.079
-59.929
-62.5569
-62.0739
-63.142
-61.6792
-62.1445
-62.0894
-61.4111
-54.8239
-58.3371
-63.455
-56.6162
-60.9651
-61.0562
-61.3473
-60.5484
-59.7389
-62.2556
-61.9249
-56.7275
-62.251
-61.1233
-57.8079
-60.3051
-62.0605
-59.985
-60.8962
-61.1302
-60.6805
-62.0766
-58.9936
-62.3634
-60.9013
-57.9558
-60.8528
-63.1262
-60.3832
-61.5162
-59.6935
-61.5391
-62.2437
-62.0103
-61.5541
-63.905
-60.7512
-62.551
-56.4572
-61.2118
-62.0225
-58.1382
-61.8716
-58.5878
-61.3575
-57.486
-60.0173
-59.5552
-57.0399
-61.285
-64.4124
-59.3803
-61.6053
-59.7029
-58.4523
-60.3858
-59.5205
-58.6761
-60.5293
-60.4345
-61.6647
-59.6742
-60.7353
-62.4378
-59.4554
-61.1139
-61.3909
-61.4898
-54.7938
-61.8906
-62.5466
-61.5115
-59.1436
-60.8357
-59.3527
-60.6894
-52.4456
-60.0117
-62.5064
-61.18
-60.1283
-62.4916
-61.3346
-61.1888
-62.4721
-63.877
-60.6994
-59.654
-62.4006
-62.2372
-62.8544
-62.2671
-58.6611
-62.1504
-61.6683
-60.1078
-60.5687
-60.1626
-60.1556
-60.3097
-56.5093
-59.2978
-60.9315
-60.2633
-56.7181
-62.8045
-62.1342
-59.6221
-60.8006
-61.068
-61.1633
-57.3018
-55.3473
-58.6506
-59.5244
-61.6331
-61.1375
-60.7937
-61.6312
-60.055
-60.883
-61.9083
-61.6947
-60.3497
-61.9572
-61.1218
-60.6152
-62.1449
-61.9881
-60.471
-61.1893
-62.159
-59.8413
-61.1124
-61.4046
-61.0385
-61.542
-62.1516
-60.667
-61.5432
-59.8133
-62.0651
-61.2144
-61.7645
-62.0925
-62.0096
-62.3607
-54.7866
-61.1594
-57.5293
-59.7128
-62.4524
-63.0378
-59.4814
-57.5489
-58.9793
-59.7874
-56.7684
-61.0987
-61.5063
-61.8713
-63.8378
-60.2238
-61.7416
-62.9392
-60.8598
-62.4518
-61.6239
-61.7873
-59.1298
-61.125
-62.5915
-60.9457
-62.4211
-63.902
-62.5238
-61.6662
-61.5338
-59.4016
-63.3411
-62.0585
-59.9762
-62.1651
-62.8561
-61.022
-60.9754
-61.6817
-61.9458
-58.8963
-58.7829
-62.159
-60.8915
-61.6146
-60.6213
-63.8204
-61.3136
-60.8677
-59.9622
-63.8499
-59.9404
-60.583
-61.3667
-61.6194
-60.2706
-60.8989
