-36.2332
-35.6303
-35.6303
-34.4965
-35.3351
-36.1779
-35.0549
-36.1779
-35.5024
-37.9676
-36.3068
-33.8225
-34.4597
-34.0631
-37.9676
-35.4795
-36.2332
-35.3704
-36.1516
-36.1516
-34.7671
-37.9676
-35.7842
-37.9676
-35.4795
-36.1516
-35.3249
-37.9676
-35.2638
-36.1779
-35.3704
-33.9755
-37.9676
-36.1516
-35.3181
-36.1779
-37.9676
-36.3068
-35.1156
-33.2962
-37.9676
-36.2091
-36.087
-35.2333
-35.7842
-34.1871
-36.2532
-35.4795
-34.3204
-37.9676
-33.427
-36.243
-35.3249
-34.1993
-34.5827
-34.7731
-35.3704
-37.9676
-37.9676
-36.1516
-36.1516
-37.9676
-36.1516
-33.2565
-36.2532
-35.7842
-35.6303
-37.9676
-35.2339
-34.2307
-35.3249
-37.9676
-35.4659
-35.4659
-34.2675
-35.3351
-35.5425
-34.2709
-35.5024
-36.243
-33.3725
-34.7731
-36.243
-37.9676
-35.3249
-35.2246
-35.2129
-36.2532
-36.2332
-35.7842
-36.243
-34.3204
-35.6303
-36.243
-34.3204
-37.9676
-36.3068
-36.243
-35.4659
-35.3249
-35.6303
-34.3645
-35.6303
-37.9676
-35.2129
-35.1156
-35.6303
-34.3004
-35.3704
-36.2091
-37.9676
-35.7842
-34.9517
-33.8514
-35.394
-35.5024
-35.1156
-36.087
-36.1516
-36.1516
-36.087
-35.2352
-34.5827
-34.4965
-35.5024
-35.2246
-34.7671
-35.3996
-34.8905
-36.2532
-35.3351
-35.2426
-35.3704
-36.2332
-36.1516
-35.3704
-33.0351
-36.1779
-35.6303
-36.2332
-35.2339
-34.8649
-35.3526
-34.4965
-33.9163
-35.5425
-34.7671
-37.9676
-34.6663
-35.5024
-35.2352
-35.3181
-36.243
-35.5425
-37.9676
-37.9676
-35.2246
-36.1516
-35.7842
-35.394
-37.9676
-36.1779
-36.243
-35.7055
-34.3473
-33.9442
-36.2332
-37.9676
19355
-35.2638
-37.9676
-34.332
-37.9676
-34.8649
-36.1779
-34.5352
-35.3249
-34.3473
-37.9676
-37.9676
-34.3496
-36.243
-37.9676
-36.2332
-35.7842
-33.0956
-35.2352
-34.2957
-36.2332
-34.9517
-35.3249
-34.4332
-34.6587
-34.4366
-36.3068
-34.9517
-35.0294
-35.5024
-35.3249
-36.243
-34.8456
-33.2962
-34.9239
-34.7671
-36.1516
-35.7842
-37.9676
-36.1516
-37.9676
-35.5024
-35.3351
-37.9676
-35.5024
-35.172
-36.243
-34.4874
-35.5024
-34.9517
-35.4659
-37.9676
-34.6336
-34.4039
-32.2688
-35.7842
-19.747
-34.4597
-36.243
-36.1516
-35.2129
-37.9676
-35.5425
-35.3123
-35.3181
-35.4659
-37.9676
-35.3699
-37.9676
-35.5425
2033.54
-36.2332
-36.1516
-36.243
-37.9676
-34.4597
73774.2
-37.9676
-34.0412
-35.3351
-36.2091
-36.1516
-35.3351
-34.3209
-34.3473
-36.3068
-36.2332
-34.8456
-34.7671
-37.9676
-37.9676
-35.1594
-35.0825
-31.6176
-36.2532
-34.4366
-35.1149
-36.2332
63576.8
-36.2332
-35.172
-36.3068
-34.6336
-35.1775
-35.3249
-36.2091
-34.9517
-36.2532
-35.3123
-34.3899
-36.1516
-36.2332
-34.3725
-34.7455
-34.3004
-36.2332
-35.6303
-36.2532
-36.2532
-37.9676
-36.1516
-35.2426
-36.2532
-36.1779
-35.5024
-36.243
-35.5024
-36.3068
-37.9676
-37.9676
-35.7842
-36.1516
-37.9676
-36.3068
-35.6303
-35.3704
-35.5425
-35.7842
-34.5259
-34.4039
-34.0632
-34.7671
-35.3181
-34.8905
-36.243
-34.8713
-34.3899
-33.9003
-34.3572
-34.2164
-35.3181
-33.6414
-36.3068
-35.0294
-35.2129
-35.3704
-36.2332
-35.0896
-33.8566
-36.2332
-35.2129
-34.4755
-34.6848
-33.9314
-36.2532
-34.4042
-22.7487
-36.2532
33666
-34.2475
-34.7671
-35.6303
-35.6303
-36.1516
-34.9517
-36.243
-34.7599
-36.243
-35.172
-35.394
-36.2332
-34.4755
-35.5425
-29.4774
-37.9676
-33.3738
-34.6105
-34.8456
267899
-35.3249
-35.6303
-36.2091
-34.7671
-35.3996
-34.3899
-35.7842
-36.2532
-36.2332
-35.0294
-37.9676
-28.3121
-37.9676
-37.9676
-35.4619
-36.2332
-35.394
-35.4795
-34.3725
-35.3996
-34.5801
-24.8427
-35.1775
-33.6691
-34.1871
-35.0549
-37.9676
-37.9676
-36.1779
-34.4597
-35.7842
-34.0848
-34.29
-35.2246
-35.3351
-37.9676
-33.9588
-33.9441
-35.2905
-34.8905
-35.3526
-37.9676
-34.4039
-35.3181
-35.5024
-34.0151
-35.5024
-35.3123
-34.5801
-36.243
-35.2129
-36.2332
-35.6303
-35.1594
-34.3549
-33.4112
-36.243
-36.1779
-35.3704
-36.243
-34.7671
-34.5827
-34.4755
-35.5024
-34.4597
-35.6303
-36.2532
-34.3169
-37.9676
-36.1516
-36.243
3.93158e+006
-36.3068
-34.4366
-35.2246
-36.2532
-35.3699
-36.2332
-36.243
-35.3123
-34.1888
-34.2157
-34.7599
-37.9676
-35.7842
-36.3068
-35.3181
-35.6303
-37.9676
-36.243
-35.1775
-36.243
-33.9956
-36.3068
-35.3181
-35.2638
-35.4659
-35.1709
-34.8456
-36.2532
-34.3165
-35.4659
-36.243
-35.3526
-35.394
-36.2532
-37.9676
-36.2332
-33.8832
-36.087
-37.9676
-34.3004
-35.0549
-34.1603
-34.3899
-35.1149
-36.2332
-35.5024
-36.243
-36.1779
-37.9676
-37.9676
-35.1149
-36.1779
-35.1594
-34.4892
-35.2678
-33.9956
-37.9676
-35.5425
-37.9676
-36.243
-35.7842
-37.9676
-37.9676
-35.3996
-35.3249
-21.9731
-33.3318
-35.1594
162121
-37.9676
-37.9676
-37.9676
-36.1779
-37.9676
-36.243
-35.0555
-36.2532
-34.1888
-36.3068
-35.6303
-34.1871
-35.3526
-37.9676
-33.8225
-35.6303
-34.8649
-34.2957
-35.2352
-34.4042
-35.3123
-35.3704
-36.243
-35.2352
-34.0933
-35.6303
-32.1652
-35.5425
-34.834
-35.3704
-33.8832
-36.2332
-34.8905
-35.7842
-34.3645
-36.1516
-34.7455
-34.7731
-35.172
-36.2532
-36.2332
-36.1516
-37.9676
-35.5425
-36.243
-35.6303
-35.3526
-35.2129
-37.9676
9.13088e+006
-36.1779
-37.9676
-37.9676
-34.3496
-37.9676
-34.2917
-36.1779
-34.2526
-35.394
-36.087
-36.243
-37.9676
-35.172
-36.243
-37.9676
-36.3471
-36.243
-36.3068
-37.9676
-33.2503
-35.7842
-36.2091
-34.0412
-35.3351
-35.1156
-35.7842
-37.9676
-36.2532
-37.9676
-33.944
-37.9676
-35.0294
-36.1779
-36.2332
-36.087
-33.0455
-35.3249
-35.4659
-35.6303
-35.3996
-34.074
-36.3068
-35.5024
-34.6105
-35.3526
-35.2638
-37.9676
-33.4063
-33.5092
-37.9676
-35.3123
-37.9676
-35.4611
-37.9676
-35.5024
-37.9676
-36.2332
-36.3068
-35.4659
-33.2314
-37.9676
-35.3526
-36.1779
-35.3181
-35.7842
-33.9533
-33.9588
4.60537e+006
-34.8905
-37.9676
-35.3351
-36.3068
-34.3725
-37.9676
-37.9676
-34.1878
-37.9676
-35.2339
-35.2638
-33.5749
-37.9676
-35.3351
-35.3704
-34.4332
-35.0294
-36.3068
-35.3351
-35.4795
-34.9239
-35.3249
-36.087
-34.9239
-34.8713
-34.0344
-35.5024
-35.5425
-35.1149
-35.7842
-34.4965
-37.9676
-36.2332
-36.3068
-35.3123
-35.5425
-34.7671
-35.6303
-33.1164
-35.3249
-37.9676
-34.6693
-34.7731
-35.3526
-35.3351
-36.2332
-34.9239
-35.2638
-34.3899
-36.2332
-34.7131
-33.3977
-34.8456
-35.394
-36.3068
-34.4434
-33.9954
-35.7842
-37.9676
-36.2532
-36.243
-35.3526
-34.3473
-35.0555
-35.6303
-36.2532
-36.2532
-35.394
-37.9676
-35.6303
-33.1686
-34.2006
-37.9676
-36.2091
-37.9676
-35.5024
-34.0802
-35.1149
-35.394
-34.2675
-34.1409
-35.3351
-34.4005
-37.9676
-35.3526
-34.1883
-35.0555
-35.7842
-36.1779
-34.4597
-35.3123
-37.9676
-34.7671
-34.8713
-36.2532
-35.3249
-36.3068
-35.2638
-34.3483
-36.1779
-36.2532
-35.2638
-35.5024
-33.3295
-36.3068
-35.394
-37.9676
-35.7842
-34.1193
-37.9676
-35.3704
-36.1516
-37.9676
-35.0896
-35.3181
-33.1801
-34.7455
-35.3181
-34.7636
-36.2332
-35.3699
-34.3264
-35.3123
-35.3996
-34.0636
-33.8339
-34.3725
-35.2426
-31.3165
-34.6693
-34.0632
-34.0244
-35.3996
-34.4366
4064.1
-33.5761
-37.9676
-36.1516
-35.5024
-37.9676
-35.7842
-35.5425
-34.2709
-34.3473
-36.3068
-33.2563
-26.5564
-37.9676
-35.6303
-36.087
-37.9676
-35.5024
-36.2532
-34.7671
-34.2675
-33.1786
-35.172
-34.8456
-36.3068
-36.3068
-37.9676
-34.6336
-37.9676
-34.2709
-36.3068
-34.3496
-35.3123
-36.1516
-33.4739
-32.338
-36.243
-35.6303
-35.3526
-34.7731
-35.1709
-36.243
-34.2709
-33.3754
-33.3725
-34.8649
-37.9676
-34.2307
-36.1516
-37.9676
-35.2638
-34.5792
-36.243
-35.2129
-35.7842
-37.9676
-37.9676
-34.7455
-36.2332
-36.087
-34.3899
-37.9676
-35.5425
-36.1779
-36.3068
-34.8713
-36.3471
-34.2092
-35.6303
-34.4042
-37.9676
-36.1516
-36.1779
-35.6303
-22.5209
-33.5287
-34.2482
-35.3249
-33.8646
-36.1779
-35.4659
-36.243
-34.3204
-36.2332
-37.9676
-34.6824
-35.1709
-35.1709
-35.1594
-36.243
-36.243
-33.8832
-34.4042
-34.0632
-33.235
-37.9676
-35.0555
-36.1779
-36.243
-36.087
-36.1516
-35.2352
-34.3204
-35.7842
-35.3704
-34.7636
-36.2532
-37.9676
-36.3471
-34.6587
-35.394
-36.1779
-35.7842
-35.3351
-34.3899
-34.0636
-35.5024
-35.4795
-35.5024
-36.1516
-34.8832
-34.8713
-35.6303
-36.1779
-35.3351
-34.8456
-35.3704
-34.332
-37.9676
-37.9676
-35.4659
-34.3483
-34.3204
-35.5024
-36.3068
-36.243
-36.243
-35.5024
-36.2532
212600
-35.5024
-36.3068
-34.4042
-35.1775
-35.5024
-35.394
-37.9676
-35.0549
-35.3123
-35.0555
-36.243
-37.9676
-34.1878
-36.243
-35.3249
-35.7842
-36.1779
-37.9676
-35.394
-34.7636
-36.2332
-34.074
-33.2468
-36.243
-35.2246
-37.9676
-35.3249
-35.2129
-37.9676
-36.2532
-34.8713
-34.29
-34.9517
-36.243
-36.2091
-35.3704
-33.4923
-37.9676
72377.4
-35.7842
-37.9676
-37.9676
-35.6303
-33.1492
-34.8713
-35.4659
-34.2475
-34.5827
-36.1779
-34.8713
-37.9676
-37.9676
-34.2675
-34.3264
-33.427
-34.7671
-35.6303
-35.3249
-36.243
-36.2091
-35.3704
-36.243
-35.0102
-36.243
-35.394
-34.8649
-35.3351
-37.9676
-36.2332
-34.0893
-34.8713
-36.3068
-36.2332
-36.1516
-34.8713
-35.0555
-35.4659
-35.1709
-26.9321
-35.1149
-35.7842
-33.9187
-36.087
-34.8713
-35.2129
-36.2532
-36.1779
-36.1779
-36.243
-35.3123
-33.9187
-35.7842
-35.3123
-37.9676
-34.3725
-35.3996
-35.6303
-35.7842
-37.9676
-35.6303
-37.9676
-34.4366
-34.0654
-34.3165
-35.3351
-35.3249
-35.1775
-36.243
-35.6303
-34.8649
-35.2426
-36.2532
-35.3123
-35.0555
-36.3068
-37.9676
-37.9676
-33.3443
-36.1516
-34.9517
-36.2332
-37.9676
-35.3699
-37.9676
-36.243
4.36745e+006
-36.243
-36.1516
-36.243
-33.0924
-37.9676
-37.9676
-34.7671
-34.4366
-35.0825
-34.0931
-35.5425
-35.3351
-34.0933
-36.2532
-35.3699
-34.7671
-37.9676
-36.2091
-34.3483
-35.6303
-36.243
-35.5425
-34.5967
-37.9676
-34.3725
-37.9676
-34.4332
-36.243
-34.3483
-33.4138
-35.394
-34.9517
-34.3204
-35.6303
-35.3699
-35.4659
-31.253
-36.2332
-34.8456
-35.394
-37.9676
-37.9676
-36.243
-35.3249
-34.3725
-36.1516
-34.7455
-36.3068
-35.7842
-34.1883
-36.3471
-34.7671
-36.087
-33.2249
-36.1516
-36.243
-37.9676
-34.4877
-34.8456
-35.1149
-35.1594
-35.3181
-35.2339
-34.3264
-35.0294
-36.3068
-35.1594
-35.1594
-35.3699
-35.3351
-34.4147
-33.5092
-36.2332
-34.7671
-37.9676
-35.2246
-37.9676
-34.3139
-35.7842
-35.3699
-36.2332
-33.427
-35.6303
-34.0893
-37.9676
-34.3264
-36.243
-34.3514
-34.6693
-35.0896
-35.3249
-37.9676
-35.5425
-33.9867
-25.5847
-34.4597
-37.9676
-35.7842
-36.243
-35.1594
-33.3065
-35.3123
-36.2532
-35.1775
-33.2249
-36.3068
-37.9676
-36.243
-34.3514
-34.3004
-36.243
-36.1779
-33.8727
-35.4659
-34.8649
-35.5425
-34.4877
-36.3068
-34.5024
-35.2638
-37.9676
-36.2532
-34.3514
-35.2246
-35.3996
-35.3704
-35.6303
-35.0294
-36.1516
-35.1594
-35.3181
-35.3181
-36.243
-35.6303
-35.7842
-35.6303
-36.3068
-36.2332
-34.4424
-35.3249
-36.3068
-35.0294
-35.2426
-35.4659
-35.5024
-36.1779
-35.6303
-35.3181
-34.3645
-37.9676
-37.9676
-36.3068
-36.2332
-34.3899
-34.4965
-32.0358
-37.9676
-37.9676
223438
-36.2532
-34.9239
-34.3004
-34.8456
-35.1775
-34.2709
-35.1149
-37.9676
-33.8721
-36.2332
-35.4795
-35.7842
-33.0948
-36.1516
-36.1516
-36.087
-35.1594
-37.9676
-35.3996
-34.0195
-36.2532
-36.2332
-37.9676
-37.9676
-36.2532
-36.2332
-34.4597
-36.2332
-37.9676
54631
-34.0195
-35.3996
-36.243
-35.2905
-34.3473
-36.3068
-35.5425
-35.5425
-34.9517
-36.087
-35.7842
-34.3725
-33.3295
-36.243
-34.3165
-37.9676
-37.9676
-35.2129
-35.5024
-36.2332
-33.4839
-36.2332
-35.2638
-35.0294
-37.9676
-34.3165
-34.332
-35.3699
-37.9676
-34.0041
-36.2091
-34.5024
-37.9676
-33.8727
-37.9676
-37.9676
-37.9676
-35.7842
-36.087
-36.2532
-34.332
-36.3068
-36.243
-35.4659
-35.7842
-35.1709
-37.9676
3.6892e+008
-35.2426
-35.7842
-35.3704
-34.4799
-37.9676
-35.3181
-35.7842
-36.1516
-37.9676
-34.9517
-35.0825
-34.9239
-36.2332
-37.9676
-37.9676
-36.087
-34.4147
-35.3123
-37.9676
-34.8713
-34.5259
-35.5024
-34.5892
-35.5024
-37.9676
-34.074
-36.2332
-37.9676
-35.2426
-34.3139
-35.7842
-23.8954
-35.2129
-34.332
-36.3471
-36.087
-35.3249
-33.4644
-35.2339
233799
-34.3899
-32.1631
-34.3204
-37.9676
-36.243
-33.8832
-36.3471
-36.243
-35.172
-31.9072
-35.5024
-35.3249
-34.7455
-37.9676
-36.1516
-34.4597
-35.6303
-36.1779
-35.0825
-36.1516
-36.1516
-35.1594
-31.6004
-36.2532
-35.3249
-34.2231
-35.3526
-36.2091
-35.2638
-34.3459
-35.3526
-35.3351
-36.087
-34.7671
-35.172
-34.3004
-35.3181
-37.9676
-34.1767
-33.235
-37.9676
-36.3068
-35.7842
-35.3249
-37.9676
-35.7842
-33.5382
-37.9676
-36.1516
-34.9517
-35.2638
-35.3249
-35.3249
-34.3961
-37.9676
-34.6536
-35.4659
-34.9517
-37.9676
-35.2129
-36.2332
-36.087
-36.1516
-34.4042
-35.3249
-37.9676
-34.2164
-33.1164
-35.6303
-37.9676
23573.2
-35.4795
-36.2532
116853
-37.9676
-34.7511
-35.2246
-37.9676
-33.3754
-35.0896
-34.9517
-35.1156
-34.8713
-36.1779
-37.9676
-34.4147
-35.3351
-36.087
-36.243
-33.2478
-35.3123
-34.3286
-35.6303
-37.9676
-36.3068
-34.4005
-35.1775
-36.243
-37.9676
-34.7511
-35.7842
-36.2091
-37.9676
-35.3699
-33.7312
-34.0535
-36.1516
-37.9676
-35.3249
-33.4138
-34.1888
-34.3549
-35.1594
-35.1709
-37.9676
-35.0294
-33.3773
-35.7842
-33.0322
-35.3123
-35.3526
-35.3249
-35.3181
-36.1516
-33.8566
-37.9676
-34.3725
-35.2129
-36.1779
-34.0388
-35.3526
-36.3068
-35.1775
-33.8339
-34.0244
-35.7842
-35.6303
-36.087
-34.0244
-35.3123
-36.243
-36.2332
-35.0896
-35.3699
-34.4042
-36.087
-34.3549
-37.9676
-33.0948
-34.3899
-35.5425
-36.2532
-35.2638
-36.243
-35.6303
-33.8148
-34.7671
-35.3181
-35.6303
-37.9676
-33.8514
-35.3526
-34.3264
-37.9676
-36.1516
-34.9239
-35.2339
-36.3068
-36.2091
-35.2905
-33.7472
-36.1516
-35.3249
-34.3496
-36.243
-35.0825
-34.6336
-35.172
-35.5024
-35.172
-36.243
-37.9676
-34.2092
-34.4147
-34.6693
-34.3473
43095.1
-34.4039
-35.5024
-35.6303
-36.1516
-36.3068
-35.5024
-34.3004
-36.1516
-37.9676
-36.1779
-37.9676
-34.3496
-34.3353
-37.9676
-34.3253
-37.9676
-35.5425
-35.7842
-35.5425
-36.1779
-35.3996
-35.4659
-35.7842
-34.6336
-35.0294
-36.3068
-35.7842
-33.2249
-36.087
-37.9676
-36.3068
-36.3068
-36.3068
-36.087
-36.087
-34.4074
-35.2246
-35.0294
-35.3123
-35.3181
-34.2675
-36.087
-36.243
-35.2246
-34.3514
86194
-35.6303
-35.394
-36.1516
1.06483e+006
-35.6303
-35.2426
-35.6303
-36.3068
-35.2129
-35.1156
-34.2231
-37.9676
-35.5425
-36.3068
-34.3514
-36.2332
-37.9676
-35.5024
-37.9676
-36.1779
-37.9676
-37.9676
-33.1504
-33.3022
-36.243
-34.2709
-36.243
-34.3899
-36.087
-33.2168
-34.1746
-36.1779
-35.3704
-35.0549
-36.087
-36.1779
-34.8456
-36.1516
-35.5024
-33.9867
-34.9517
-35.1594
-35.2246
-36.243
-35.5425
-37.9676
-13.0023
-35.5425
-35.2638
-34.332
-36.2532
-37.9676
-37.9676
-37.9676
-34.2164
21489.5
-36.3068
-34.3204
-35.0549
-36.087
-36.3068
-34.3204
-35.3351
-33.0932
-36.1516
-35.3249
-36.2532
-36.2332
-35.0294
-33.2503
-35.5024
-36.3471
-33.9003
-36.243
-34.3514
-35.6303
-37.9676
-35.3249
-35.4795
-37.9676
-36.1779
-35.0896
-33.4112
-34.7671
-35.3704
-34.0931
-35.172
-37.9676
-35.3704
-34.1883
-35.2638
-33.2232
-34.4597
-34.4597
-35.2246
-34.3549
-36.1516
-36.1516
-35.7842
-35.6303
-35.2638
-24.4312
-35.0896
-35.3123
-35.172
-33.1679
-35.2246
-36.087
-36.2532
-37.9676
-36.087
-37.9676
-34.5259
-34.9423
-34.6336
-34.3252
-35.5425
-35.2129
-36.243
-34.3725
-36.2332
-34.9239
-35.3526
-35.3996
-35.5024
-35.394
-35.5425
-33.8727
-34.3483
-35.1775
-37.9676
-34.8456
-36.2532
-34.8713
-35.3181
-36.1516
-33.3197
-37.9676
-37.9676
-36.243
-34.3169
-35.3249
-35.6303
-35.3249
-33.944
-33.4138
-36.2091
-37.9676
-36.087
-35.5024
-35.7842
-36.2091
-34.7731
-36.243
-35.6303
-35.1775
-36.3068
-35.2246
-35.2638
-35.0294
-36.1516
-34.3209
-36.2532
-35.3526
-35.7842
-35.3249
-37.9676
-36.1516
-36.2532
-35.4659
-34.3863
-35.6303
-35.3704
-34.3549
-35.3249
-36.243
-35.3526
-36.243
-35.2246
-35.5024
-35.1594
-34.3204
-34.4039
-34.7671
-35.6303
-34.5118
-34.4147
-34.4597
-35.2339
-34.3496
-36.2091
-34.4892
-35.4795
-35.2463
-37.9676
-37.9676
-34.3496
-33.2314
-34.3252
-37.9676
-34.3204
-35.2638
-35.5024
-36.2091
-36.2332
-33.9533
-34.7731
-35.4619
-35.0896
-34.2157
-36.1779
-33.9003
-35.3996
-34.7787
-36.2091
-35.5024
-35.2426
-36.087
-35.394
-36.1516
-35.3249
-36.087
-33.9163
-33.1591
-35.2246
-36.3068
-35.2638
-35.3181
-34.9517
-32.2688
-35.1775
-37.9676
-35.4619
-34.4755
-36.2332
-37.9676
-35.5425
-36.2332
3.29889e+008
-35.2638
-37.9676
-34.7671
-34.1118
-36.1516
-35.394
-34.9517
-34.4147
-34.0412
-34.9517
-35.1924
-37.9676
-34.6487
-35.3704
-35.2246
-36.087
-36.3068
-35.3181
-33.9833
-36.2332
-35.3704
-34.3004
-33.4839
-35.1709
-36.087
-35.1149
-35.2129
-34.7671
-34.0719
-35.3526
-35.4619
-35.0549
-35.3181
-35.3526
-36.3068
-34.0848
-35.394
-35.172
-35.3249
-34.139
-37.9676
-34.3204
-36.1779
-35.7842
-36.2332
-34.2526
-34.7511
-35.1775
-35.3351
-36.2532
-37.9676
-35.6303
-36.087
-32.6629
-37.9676
-36.3068
-34.1521
-35.6303
-36.087
-33.4528
-35.172
-34.7671
-31.0002
-32.78
-35.394
-36.1516
-36.2332
76621
-36.1516
-37.9676
-33.19
-32.6431
-34.3725
-36.1779
-36.3068
-35.7842
-36.2091
-36.2332
-35.6303
-33.2962
-34.4965
-36.087
-34.2092
-35.172
-36.1779
-35.426
-36.1516
-34.4042
-34.3169
-37.9676
-35.3526
-37.9676
-34.9517
-35.3181
-37.9676
-35.172
44756.9
-36.1779
-34.0231
-33.7908
-36.2532
-35.2905
-33.3773
-35.394
-36.2532
-34.1888
-36.2332
-34.9239
-36.243
-35.0555
-35.3996
-34.131
-34.5259
-36.1779
-34.3139
-36.2332
-36.3068
-37.9676
-37.9676
-36.3068
-34.2092
-33.4138
-34.6336
-33.427
-35.3123
-35.4795
-35.2638
-35.394
-34.3264
-35.5425
-35.0896
-35.6303
-37.9676
-35.1156
-34.5827
-34.3232
-37.9676
-34.8905
-35.1594
-34.7731
-34.013
-37.9676
-36.243
-34.0654
-37.9676
-37.9676
-34.332
-36.243
-36.2332
-35.7842
-34.3169
-37.9676
-36.087
-28.6794
-32.8761
-34.4042
-36.1779
-37.9676
-33.9003
-34.0388
-37.9676
-36.1779
-34.2157
-36.243
-34.8905
-33.9205
-37.9676
-35.5425
-34.4791
-36.087
-33.3076
-36.2332
-34.5892
-36.2332
-35.2426
-33.6691
-34.2709
38011.2
-35.3526
-35.0555
-35.1149
-36.3068
-36.087
-36.2332
-37.9676
-35.5024
-36.2332
-35.5024
-35.5024
-34.6693
-33.235
-34.7671
-35.2426
-35.5024
-35.1594
-37.9676
-34.0385
-36.243
-34.7671
-34.8713
-35.7842
-35.394
-37.9676
-35.5425
-36.1779
-34.8905
-36.3471
-37.9676
-36.087
-33.1801
-34.1101
-34.8905
-35.3249
-35.1709
49108.9
-35.5024
-37.9676
-35.7842
-35.4659
-35.3699
-35.3249
-37.9676
-34.8905
-35.2638
-34.8905
-35.0555
-37.9676
-36.243
90951
-34.5827
-35.2426
-36.2532
-37.9676
-35.3526
-35.3699
-35.2638
-37.9676
-35.2129
-35.2246
-36.243
-35.3123
-36.087
-35.3249
-35.394
-37.9676
-36.3068
-36.243
-35.4659
-35.3704
-36.3068
-34.2006
-35.2129
-35.0294
-36.243
-34.29
-35.3249
-34.4597
-36.1516
-36.1516
-35.7842
-37.9676
-33.944
-35.2129
-33.9163
-36.2332
-36.2332
-35.2638
-35.6303
-36.1516
-35.172
-37.9676
-34.4042
-35.1594
-35.3526
-35.5024
-34.7671
-35.3123
-35.1594
-36.243
-33.9442
-36.2532
-34.6587
-37.9676
-36.243
-34.3209
-37.9676
-35.2426
-36.243
-33.8566
-37.9676
-35.4619
-37.9676
-35.3526
-36.2532
-34.505
-35.0294
-35.4659
-34.9517
-37.9676
-34.3725
-33.3065
-34.3496
-37.9676
-33.1801
-37.9676
-35.172
-35.5024
-36.243
-35.3351
-36.2332
-34.6468
-37.9676
-37.9676
-35.2339
-33.9628
-35.0294
-37.9676
-35.5024
-35.4795
-35.3996
-35.5425
-35.2339
-36.1516
-37.9676
-34.849
-36.087
-35.4619
-37.9676
-37.9676
-36.2532
-35.1775
-34.4147
-34.1235
-34.505
-34.4965
-35.2129
-35.1775
-19.0441
-34.8713
-36.2332
-36.2532
-35.426
-35.172
-36.1516
-36.3471
-36.2091
-35.3699
-33.9442
-33.4138
-35.3704
-36.2091
-35.3249
-35.2638
-35.5425
-34.0933
-34.3496
-37.9676
-36.243
-37.9676
-35.7842
-35.3123
-37.9676
-35.2426
-36.2332
-35.0549
-34.2231
-36.2091
-34.4892
-36.087
-37.9676
-37.9676
-35.3181
-37.9676
-36.1516
-35.0294
-34.4434
-37.9676
-36.1516
-36.2332
-36.3471
-35.1775
-35.5024
-34.0412
-35.4795
-35.7842
-34.2709
-35.0549
-33.4112
-36.243
-37.9676
-34.4877
-35.2352
-35.394
-36.087
-34.4147
-37.9676
-37.9676
-36.1516
-35.0294
-33.1197
-35.6303
-35.2129
-35.3526
-34.7671
-36.2532
-35.0896
-34.7671
-33.427
-37.9676
-34.9517
-20.6141
-35.2426
-34.3353
-34.7455
-35.1156
-36.1779
-37.9676
-35.2339
-35.6303
-36.1779
-35.5425
-37.9676
-35.5024
-37.9676
-35.3249
-36.1516
-36.1779
-36.1516
-34.6468
-37.9676
-34.6693
-35.0294
-37.9676
-37.9676
-35.7842
-34.0412
-35.3996
-34.0848
-34.0802
-35.0294
-37.9676
-34.8456
-35.2905
-35.6303
-35.2905
-36.087
-36.243
-34.7671
-34.7671
-35.3699
-35.4659
-37.9676
-37.9676
-34.3353
-35.3123
-36.243
-37.9676
221858
-36.1779
-34.4965
-34.8649
-36.243
-36.2532
-35.2352
-35.394
-37.9676
-32.145
-35.4795
-36.243
-35.3181
-34.8456
-37.9676
-35.3526
-36.243
-34.2675
-34.9517
-35.1594
-35.0294
-35.6303
-35.7842
-36.1516
-35.7842
-34.4245
-37.9676
-36.2332
-34.5825
-37.9676
-36.1516
-36.2332
-34.9517
-34.2675
-36.1779
-34.4039
-36.1516
-36.2332
-34.067
-35.394
-35.3526
-36.3471
-23.2778
-35.0294
-34.3459
-36.2332
-36.3068
-35.3123
-35.3249
-35.3249
-34.1767
-34.2709
-36.243
-35.0294
-36.1779
-36.2532
-35.6303
-34.6693
-35.5425
-35.5024
-34.7731
-35.2426
-35.7842
-37.9676
-35.172
-35.4041
-36.2532
-35.2426
-37.9676
-35.1149
-37.9676
-36.2332
-35.7842
-35.0555
-36.1779
-34.6693
-35.394
-36.087
-35.7842
-37.9676
-35.0825
-36.2332
-36.3068
-34.3004
-36.243
-33.9956
-35.3996
-35.394
-36.2332
-37.9676
-34.3473
-33.9077
-35.4619
-35.3249
-36.243
-36.2332
-34.3004
-35.6303
-35.7842
-35.5024
-35.3699
-36.243
-34.3004
-34.4366
-33.3065
-37.9676
-34.7599
-37.9676
-35.0549
-35.6303
-35.3249
-33.8625
-34.067
-35.0294
-35.4795
-35.172
-36.1516
-36.087
-35.1149
-35.3249
-36.2332
-35.3123
-34.3645
-36.3068
2.08292e+007
-34.3863
-34.2856
-35.7842
-33.2563
-34.0893
-34.7671
-36.1779
-35.4795
-37.9676
-33.7349
-37.9676
-35.3249
-35.6303
-36.3068
-35.7842
-36.1516
-34.8649
-35.3704
-36.2332
-35.1156
-34.3264
-36.1516
-35.6303
-37.9676
-35.3249
-37.9676
-34.0244
-36.2532
-36.2532
-34.0848
-37.9676
-34.3252
-34.3204
-36.1779
-35.5024
-36.2332
-37.9676
-35.2426
-37.9676
-34.131
-34.3545
-37.9676
-33.3754
-35.2339
-35.2339
-36.2532
-34.9517
-34.8456
-36.1779
-36.243
-36.3068
-34.3514
-34.7731
-36.1516
-34.4366
-35.5425
-32.0042
-34.6587
-35.7842
-35.2129
-34.9517
-36.2532
-36.1516
-36.2332
-34.32
-34.3169
-34.9517
-34.3209
-35.4659
-36.243
-35.3249
-33.8841
-34.6824
-34.4597
-34.4074
-34.4965
-36.1779
-34.7671
-36.3471
-35.0294
-35.394
-34.0654
-35.3249
-35.5425
-36.087
-35.5425
-34.7671
-35.2638
-33.5204
-36.2332
-36.243
-36.2332
-34.8905
-34.7671
-35.394
-35.0825
-36.3471
-36.087
-34.3899
-35.3526
-33.2503
-36.1516
-35.2352
-37.9676
-35.2339
-35.1156
-31.9365
-36.1779
-34.3232
-34.8905
-36.243
-34.0542
-36.3068
-34.1101
-37.9676
-35.3123
-36.2332
-35.5425
-34.4597
-36.1779
-34.3209
-37.9676
-35.2638
-35.397
-37.9676
-37.9676
-35.0825
-35.3704
-35.1775
-37.9676
-33.3295
-36.1516
-35.3351
-30.109
-34.5892
-36.243
-37.9676
-34.3165
-35.7842
-35.3249
-36.3068
-34.4597
-35.3123
-37.9676
-37.9676
-34.4892
-33.427
-34.9517
-35.2638
-36.2332
-35.5024
-37.9676
-35.2129
-36.2532
-37.9676
-35.394
-34.7731
-34.3725
-35.1775
-36.4243
-36.2332
-35.6303
-34.3961
-36.2532
-36.1779
-35.3181
-35.172
-35.1156
-33.1182
-37.9676
-35.394
-37.9676
-35.394
-35.3123
-36.1516
-36.1516
-36.2532
-34.0884
-36.1779
-27.9329
-37.9676
-35.7842
-36.2332
-35.2246
-34.3264
-36.087
-34.1235
-36.2332
-35.3526
-34.2157
-35.0294
-34.3252
-34.9239
-34.8713
-35.2339
-37.9676
-37.9676
-34.8649
-34.3473
-34.1521
-34.0231
-35.394
-34.6105
-37.9676
-35.3704
-34.8713
-37.9676
-35.1775
-36.3471
-34.8456
-36.1779
-35.3526
-35.3699
-35.7842
134122
-36.087
-34.3139
-35.6303
-35.2129
-36.3068
-35.4659
-35.3181
-37.9676
-35.5024
-35.172
-36.243
-33.571
-37.9676
-34.7671
-33.3318
-34.0802
-28.29
-35.7842
-37.9676
-34.9517
-35.4659
-35.3526
-34.4877
-35.7842
-36.1779
-36.3471
-35.5024
-35.0555
-34.4965
-33.0932
-35.0825
-36.243
-37.9676
-36.1779
-37.9676
-35.4659
-36.3068
-35.3249
-36.1516
-36.2332
-37.9676
-37.9676
-34.9517
-34.4042
-36.3068
-34.2157
-35.0896
-35.5024
-35.394
-35.6303
112216
-35.3181
-37.9676
-36.2332
-35.7842
-34.7671
-35.7842
-36.1516
-37.9676
-34.7671
-33.2376
-36.1779
-35.3996
-35.5425
-37.9676
-35.5425
-37.9676
-36.1516
-35.6303
-37.9676
-34.3899
-35.6303
-29.7778
-35.394
-37.9676
-36.2332
-36.243
-37.9676
-36.2091
-33.3725
-36.243
-37.9676
-37.9676
-36.1779
-27.955
-37.9676
-35.394
-34.2097
-36.1516
-35.3351
-35.4611
-36.243
-36.087
-37.9676
-35.5024
-35.4659
-34.3496
-37.9676
-34.5259
-34.5776
-35.3123
-35.3249
-35.172
-34.2709
-35.7842
-36.1516
-36.087
-35.1594
-37.9676
-36.243
-34.9517
-34.4005
-35.3996
-35.5024
-37.9676
-37.9676
-35.1594
-36.243
-36.1779
-35.3526
-36.3068
-37.9676
-37.9676
-35.1594
-34.3483
-35.3181
-34.3863
-34.7671
-36.243
-35.7842
-36.1516
-35.1149
-35.7842
-33.3443
-35.3123
-34.9517
-33.2016
-34.3264
-37.9676
-36.087
-36.2332
-34.1871
-35.1149
-35.4659
-34.8713
-34.1101
-35.3181
-35.3351
-35.2905
-36.3068
-34.4755
-34.6336
-36.1516
-36.243
-37.9676
-37.9676
-24.6085
-37.9676
-36.243
-33.3678
-34.4434
-35.7842
-34.3169
-35.1775
-35.3526
-34.8456
-34.2475
-35.1156
-37.9676
-34.2097
-35.2129
-33.0948
554706
-33.3022
-37.9676
-36.3068
-34.4005
-34.3645
-35.1594
563872
-35.7842
-36.3068
-36.243
-36.1779
-34.8713
-35.2246
-34.7671
-36.243
-36.2332
-36.243
-35.5024
-35.3526
-35.3181
-36.2532
-36.1516
-34.0631
-36.2532
-35.3181
-37.9676
-35.0294
-35.0294
-36.243
-36.243
-35.6303
-35.3704
-36.1516
-35.394
-34.3899
-36.2332
-35.1149
-35.3249
-33.9588
-35.5024
-35.3704
-35.4659
-36.2332
-36.2332
-36.243
-35.6303
-35.3249
-34.3496
-34.1883
-36.3471
-34.3514
-34.8713
-35.7842
-35.0294
-36.1516
-37.9676
-36.1779
-35.2638
-34.0609
-34.2675
-37.9676
-33.235
-36.1779
-36.1516
-37.9676
-34.3473
-34.5807
-36.243
-37.9676
-36.2332
-34.4005
-34.0802
-35.1149
-36.087
-36.3068
-34.2157
-24.1489
-32.0837
-35.3123
-37.9676
-34.29
-35.3526
-34.7731
-37.9676
-37.9676
-37.9676
-35.3699
-34.8284
-35.2426
-36.3068
-35.5425
-36.087
-35.3704
-35.0896
-34.3264
-34.2245
-37.9676
-35.4659
-36.2532
-34.4039
-36.1779
-34.3473
-35.6303
-35.2426
-34.9517
-35.2426
-34.9517
-37.9676
-35.2246
-35.3526
-37.9676
-37.9676
-33.9442
-33.9163
-34.6487
-35.6303
-34.8456
-35.7842
-36.087
-34.8649
-34.6587
-35.1709
-35.172
-37.9676
-37.9676
-34.2675
-35.3249
-34.3473
-37.9676
-36.3068
-35.3704
-35.2905
-36.1516
-35.7842
-35.3181
-35.4619
-35.3123
-35.3123
-36.1516
-36.2332
-35.3123
-33.4739
-35.7842
-35.1709
-37.9676
-35.2129
-37.9676
-36.3068
-35.2129
-34.9517
-35.0555
-35.3249
-36.087
-37.9676
-34.2231
-35.3526
-35.2339
-35.3351
-35.6303
-36.2532
-36.243
-35.5425
-35.3351
-36.1516
-33.9867
-36.087
-35.0636
-36.243
-36.1779
-37.9676
-36.2532
-36.243
-34.8905
-34.1767
-36.1516
-37.9676
-36.2332
-33.9755
-35.6303
-35.2426
-37.9676
-37.9676
-35.5024
-35.5024
-34.8456
-35.172
-35.3123
-35.3249
-37.9676
-34.3004
-34.3264
-36.087
-36.2532
-34.3204
-34.4366
-35.0294
-37.9676
-36.2332
-36.2332
-36.3068
-34.3264
-34.6336
-35.2129
-33.535
-34.8649
125081
-37.9676
-36.3068
-36.087
-34.8456
-37.9676
-35.0294
-34.1409
-35.1149
-35.3704
-34.3473
-34.4366
-36.243
-36.243
-33.9588
-35.6303
-34.8713
-36.1516
-35.3249
-33.9956
-35.5425
-34.3899
-34.1235
-37.9676
-33.2917
-35.2246
-35.4795
-34.3899
-35.3996
-36.243
-35.0294
-37.9676
-35.5024
-36.2332
-34.4965
-36.3471
-35.4795
-37.9676
-34.4042
-37.9676
-35.2426
-35.3249
-35.394
-35.2426
-35.3996
-34.2526
-35.6303
-36.3068
-36.1516
-36.1779
-35.3249
-36.1779
-35.7842
-36.1516
-34.8649
-35.1156
-33.5051
-36.1779
-36.243
-34.5827
-25.3208
-33.944
-34.4597
-33.9285
-35.6303
-37.9676
-35.2246
-36.1516
-35.6303
-36.2332
2561.94
-34.0802
-35.2352
-37.9676
-36.087
-35.2246
-37.9676
-35.3996
-35.394
-33.9285
-34.6587
-35.7842
-34.4039
-37.9676
-34.2157
-35.2129
4926.71
-34.9239
-34.9517
-34.3645
-34.9517
-36.1516
-36.1779
-35.7842
-34.0041
-36.1779
-36.2532
-33.834
-33.3107
-35.5024
-36.087
-37.9676
-34.3863
-36.243
-34.4597
-35.2426
-35.2129
-37.9676
-37.9676
-35.7842
-37.9676
-36.1516
-35.2638
-36.1779
-35.6303
-35.1775
-33.0572
-34.29
-36.243
-34.4005
-35.3249
-34.8713
-34.9517
-34.7731
-36.1516
-36.3068
-35.0294
-35.6303
-36.243
-33.9879
-36.2332
-34.3264
-37.9676
-34.2157
-35.394
-37.9676
-29.0913
-29.6032
-34.0631
-36.2332
-34.6105
-34.5024
-35.5024
-35.394
-32.7247
-36.1779
-20.7175
-31.2541
-34.1888
-35.1775
-37.9676
-35.2638
-34.7692
-35.172
29553.1
-35.1775
-36.2332
-36.3471
-35.7842
-34.4877
-35.6303
-35.5024
-34.7455
-31.0732
-35.3249
-34.4755
-35.3699
-36.243
-33.0948
-35.5024
-37.9676
202587
-34.4042
-35.3351
-35.1594
-34.4147
-34.3483
-36.243
-35.0549
-36.3471
-35.4659
-34.0464
-35.394
-35.7842
-34.7455
-35.4619
-34.3473
-35.2246
-36.087
-34.8905
-37.9676
-34.1409
-35.3181
-36.1516
-34.0848
-35.172
-35.2339
-36.243
-36.2532
-34.3169
130684
-37.9676
-36.1516
-36.087
-34.4597
-34.5259
-35.4659
-36.1779
-35.7842
-36.243
-34.3204
-34.4597
-35.2638
-34.8713
-36.2532
-35.2129
-33.9163
-36.087
-35.3249
-35.7842
-35.7842
-34.0412
-36.087
-35.1149
-36.3471
-36.3068
-34.7671
-37.9676
-33.9314
-34.4597
-34.7671
-36.1779
-37.9676
-35.2426
-35.7842
-36.1516
-34.3623
-35.1775
-33.1501
-34.3473
-35.1156
-36.2332
-35.394
-33.9833
-35.2129
-34.4892
-34.1118
-37.9676
-35.3699
-37.9676
-34.2245
-34.4965
-34.3165
-34.0848
-36.2332
-33.9014
-33.7385
-34.8649
-35.3123
-34.3863
-35.5425
-36.3471
-36.3068
-36.243
-26.9652
-35.1775
-34.3209
-36.2532
-37.9676
-35.5425
-36.1516
-34.0041
-35.2426
-24.581
-34.8905
-35.1775
-34.29
-36.087
-36.2532
-35.3699
-37.9676
-36.1779
-36.3471
-34.4597
-36.3068
-34.4434
-32.8057
-36.1779
220955
-36.3068
-36.1779
-36.243
-36.2532
-34.4399
-37.9676
-35.7842
-34.4245
-36.2091
-35.2339
-36.2532
-37.9676
-36.2332
-35.6303
-36.2332
-34.2709
-36.3471
-35.2638
-34.3836
-37.9676
-35.5024
-33.3113
-35.394
-37.9676
-36.2332
-35.2638
-36.087
-36.3068
-35.6303
-34.4892
-36.2332
-34.8905
-36.1516
-35.3123
-34.7787
-34.8456
-35.3249
-35.7842
-36.2332
-36.087
-35.3526
-34.8713
-36.243
-34.7731
-35.1149
-36.243
-35.4659
-36.243
-37.9676
-37.9676
-35.3181
-35.5425
-35.3996
-35.3526
-34.7671
-35.1594
-37.9676
-35.3181
-33.8726
-37.9676
-34.742
-34.3899
-36.3068
-36.2332
-34.4434
-34.8905
-36.3068
-36.3068
-37.9676
-35.6303
-36.087
-36.1779
-33.4373
-35.5024
-35.7842
-34.3353
-34.3004
-34.3459
-34.8456
-36.2332
-36.2332
-36.2532
-34.4799
-34.3172
-37.9676
-35.3351
-33.507
-36.1779
-36.243
-36.2532
-36.1516
-36.087
-33.8904
-37.9676
-35.3526
-36.243
-35.0896
-34.9517
-34.3473
-37.9676
-35.3181
-34.2092
-37.9676
-36.1516
-34.8713
-35.1775
15754.7
-35.5024
-37.9676
-34.3204
-33.8339
-35.3181
-35.4795
-37.9676
-36.1779
-34.3204
-34.4965
-35.2638
-35.6303
-34.8713
-35.5425
-35.3181
-35.5024
-34.9517
-37.9676
-33.9533
-36.2532
-35.3699
-35.3351
-36.3068
-37.9676
-36.3068
-36.243
-36.3068
44694.6
-35.3249
-36.2332
-35.5024
-35.6303
-34.9517
-36.1516
-37.9676
-34.3169
-34.6824
-35.5425
-34.3899
-35.2638
-36.2332
-37.9676
-35.3526
-34.0151
-36.2332
-35.3704
-36.2091
-35.7842
-36.1516
-35.5024
-30.3492
-36.1516
-36.243
-35.3526
-34.9239
-37.9676
-36.3068
-35.4659
-34.4965
-36.2332
-35.7842
-37.9676
-35.3181
-37.9676
-37.9676
-34.3204
-35.0896
-34.4597
-35.3123
-35.3526
-33.9755
-36.2332
-34.3169
-36.3068
-33.1182
-35.2339
-34.6336
-35.6303
-35.172
-35.3351
-33.1786
-29.6495
-34.3645
-35.172
-34.6587
-36.1516
-34.0848
-36.2332
-34.1767
-36.243
-37.9676
-35.4659
-33.1504
-35.5425
-36.1516
-34.0632
-37.9676
-35.6303
-33.0932
-36.2332
-37.9676
-34.2092
-34.3204
-34.3204
-34.2164
-36.1516
-35.172
-36.243
-37.9676
-36.3068
-36.3068
-34.332
-35.3996
-33.4899
-37.9676
-34.7671
-35.5425
-35.7842
-34.9517
-36.243
-35.7842
-34.8649
-35.2339
-36.2332
-35.7842
-35.4659
-33.1959
-35.2905
-35.3181
-36.087
-36.3471
-34.0654
-34.8713
-34.3473
-36.1779
-37.9676
-36.2332
-36.2532
-36.2332
-34.4039
-35.4795
-36.3068
-35.3704
-36.2532
-34.3916
-35.1775
-34.4965
-35.0825
-33.0322
7.01657e+007
-34.7455
-33.2016
-36.243
-34.6105
-36.3068
-37.9676
-36.087
-36.1516
-33.235
-34.4755
-35.3704
-36.1516
-36.243
-37.9676
-35.7842
-37.9676
-33.9003
-36.1779
-36.087
-36.1779
-36.3471
-34.4399
-34.1767
-34.4059
-34.3264
-34.8713
-36.1516
-37.9676
-35.5024
-35.3123
-34.8832
-33.4138
-36.243
-34.0848
-35.2339
-36.2332
-34.3514
-34.3169
-34.2709
-37.9676
-35.172
-34.2157
-35.1149
-34.8649
-34.9517
-36.2332
-34.1767
-34.3165
-34.8713
-36.1516
-34.9239
-33.3443
-33.235
-36.243
-33.4406
-36.087
-35.2246
-33.2926
-35.7842
-36.2091
-34.4042
-33.1686
-37.9676
-35.2426
-34.7671
-33.9014
-35.7842
-36.1516
-35.7842
-37.9676
-35.3526
-34.8456
-34.9517
-34.7511
-37.9676
-35.3123
-34.7731
-35.4659
-36.3471
646674
-35.1156
-33.235
-35.4795
-36.3471
-35.3526
-35.2246
-35.6303
-34.3252
-32.0967
-35.5024
-35.3249
-35.0294
-36.2332
-35.3249
-36.3068
-35.0294
-35.3181
-37.9676
-34.8713
-36.243
-35.7842
-36.3068
-34.4366
-35.0294
-36.2332
-37.9676
-36.3068
-36.1516
-34.9517
-34.7131
-37.9676
3.34485e+007
-34.3165
-35.5425
-36.2532
-33.0313
-35.3526
-34.9239
-36.2532
-35.3526
-35.6303
-35.394
-35.1775
-36.2532
-35.1156
-33.0593
-34.8713
-34.3514
-36.2332
-37.9676
-36.2091
-35.7842
-34.4147
-35.6303
-35.7842
-37.9676
-37.9676
-35.2638
-35.3704
-36.3068
-36.243
-35.2638
-36.087
-35.3249
-36.1779
-36.1779
-36.243
-34.7455
430755
-35.0896
-36.2532
-35.3704
-35.7842
-34.4965
-35.2638
-35.3704
-34.8905
-37.9676
-35.0825
-35.2426
-35.3699
-34.3473
-35.3704
-35.7842
-35.394
-37.9676
-35.5425
-37.9676
-35.2246
-35.5024
-35.0294
-34.8905
-35.6303
-33.8339
-36.3068
-37.9676
-35.6303
-35.0825
-36.3471
-35.3699
-36.243
-35.3699
-35.2638
-34.079
-35.3123
-36.3471
-34.7671
-37.9676
-35.3351
-34.0388
-34.5967
-35.3699
-35.2246
-36.3068
-35.1156
-35.3996
-37.9676
-37.9676
-34.5352
-35.5024
-34.5827
-34.3496
-36.087
-36.243
-37.9676
-34.7671
-36.2332
-33.9339
-35.1149
-35.7842
-36.2332
-35.1775
-35.1149
-35.3351
-36.243
-36.1516
-36.1779
-35.7842
-34.3153
-36.243
-35.7842
-34.0344
-34.5825
-35.3526
-35.172
-35.5425
-34.1883
-36.243
-34.7455
-35.1149
-34.0848
-35.3704
-33.8339
-34.1871
-34.0231
-35.3699
-36.1516
-36.1779
-36.2532
-35.4659
-34.3264
-36.1779
-34.8905
-35.3351
-35.7842
-36.3068
-36.3471
-33.1857
-35.3249
-36.2332
-35.2638
-35.3704
-35.5425
-35.2426
-35.4795
-33.2563
-35.3351
-36.3068
-35.6303
-36.3068
-35.7842
-35.0294
-37.9676
-35.0294
-34.6105
-36.243
-34.1409
-37.9676
-33.9314
-35.7842
-33.427
-37.9676
-36.1779
-35.3996
-34.2092
-37.9676
-35.4795
-37.9676
-36.2532
-35.2246
-34.2307
-33.9205
-34.8713
-36.243
-35.0294
-34.7455
-36.3068
-35.3123
-36.087
-36.243
-35.5024
-34.1871
-33.944
-34.4144
-37.9676
-36.3068
-37.9676
-35.3704
-37.9676
-36.243
-36.1779
-34.3169
-37.9676
-37.9676
-36.087
-36.2532
-33.4063
-34.3496
-36.1516
-34.4892
-34.2006
-35.7842
-35.1149
-34.074
-37.9676
-33.1801
-33.3107
-37.9676
-37.9676
-34.4597
-35.7842
-35.2638
-36.3068
-36.2332
-35.5024
-35.3526
-36.2532
-37.9676
-35.2129
-34.3863
-36.2332
-36.2332
-36.3471
-36.2532
-36.2332
-34.8713
-35.2426
-35.0294
-35.6303
-34.2957
-35.3351
-35.3351
-36.243
-34.2675
-36.243
-36.087
-37.9676
-36.3471
-34.0385
-34.3899
-37.9676
-36.2532
-34.9517
-34.1603
-20.3607
-35.3699
-35.6303
-35.3704
-32.5021
-35.1775
-35.3996
-34.8713
-35.4795
-34.5801
-36.3068
-35.2339
-35.1709
-35.3249
-35.3249
-35.4619
-33.3318
-35.3996
-34.4366
-35.3249
-34.8905
-36.243
-37.9676
-35.0555
-36.2532
-36.1779
-34.5825
-36.1516
-36.1516
-37.9676
-36.243
-35.0825
-36.243
-34.0719
-35.6303
-35.6303
-35.3351
2.08675e+006
-33.9903
-37.9676
-34.3169
-35.6303
134997
-35.3526
-34.3264
-34.8456
-35.7842
-35.0896
-36.3068
-35.4659
-36.087
605200
-36.2332
-35.7842
-36.243
-35.7842
-35.6303
-36.087
-34.4005
36879.2
-34.5222
-36.3068
-36.087
-35.7842
-37.9676
-35.3351
-33.2647
-35.3123
-33.9588
-36.2332
-36.2532
-36.1516
-37.9676
-36.2532
-37.9676
-34.7671
-36.087
-34.4042
-34.7671
-34.4597
-35.0825
-34.4639
-33.3065
-36.2332
-33.2503
-35.394
-34.4147
-35.0294
-35.2905
-35.394
-35.7842
-36.3068
-35.1775
-36.2532
-34.3725
-35.2339
-34.6725
-36.2532
-35.5024
-29.924
-35.6303
-35.3181
-36.087
-36.087
-37.9676
-34.0385
-32.1795
-35.4659
-32.2498
-35.2339
-34.9517
-35.6303
-35.0294
-35.5425
-36.2332
-34.0632
-34.4597
-36.243
-36.243
-35.2905
-37.9676
-35.0549
-35.1149
-35.6303
-35.0294
-34.7511
-33.9314
-36.2332
-33.9588
-34.2092
-36.1779
-37.9676
-34.3264
-36.2332
-35.4659
-35.2905
-33.8727
-35.3526
-35.2339
-35.2129
-34.2709
-35.7842
-35.2339
-36.243
-35.3351
-36.1516
-35.172
-36.1516
-37.9676
-35.5425
-36.2532
-37.9676
-37.9676
-34.2709
-34.1118
-34.4039
-35.3351
-35.394
-34.7671
-35.4659
-37.9676
-35.5425
-35.0479
-36.1516
-34.8649
-35.3526
-35.3181
-34.3252
-34.332
-35.3526
-37.9676
-34.3645
-36.2332
-34.3264
-34.3169
-35.4619
-36.243
-35.2638
-35.5425
-34.1746
-34.3944
-36.2332
-37.9676
-36.243
-34.4005
-34.8713
-36.1516
-35.5024
-37.9676
-35.3123
-35.4795
-33.4604
-34.3204
-35.394
-37.9676
-34.2709
-34.1603
-37.9676
-36.087
-34.7731
-35.5024
-35.1594
-36.243
-37.9676
-34.6587
-37.9676
-35.5425
-34.3209
-36.2332
-36.087
-36.1516
-35.5024
-35.3526
-34.3353
-35.2246
-35.3123
-36.2332
-35.5024
-36.2332
-35.3123
-35.172
-35.4659
-35.7842
-37.9676
-35.3704
-35.7842
-35.6303
-35.0896
-37.9676
-36.2332
-35.394
-37.9676
-36.2332
-35.6303
-36.2332
-34.3725
-36.087
-34.2709
-34.8456
-34.3473
-22.1929
-35.3249
-35.3351
-34.5825
-35.3996
-34.5825
-33.235
-35.172
-37.9676
-34.4755
-37.9676
-37.9676
-36.087
-37.9676
-36.2332
-35.3351
-36.1516
-34.0848
-34.7131
-34.6336
-35.7842
-35.3351
-35.2129
-35.3351
-35.3526
-36.1779
-36.2332
-37.9676
-34.0385
-35.5479
-36.2332
-35.2426
-34.3725
955497
-35.3699
-33.235
-35.2638
-34.8456
-34.2709
-35.2638
-35.2426
-35.5024
-35.0555
-36.243
-36.3068
-35.5024
-34.3549
-36.1516
-35.6303
-34.9517
-37.9676
-37.9676
-35.0555
-36.2332
-35.4659
-37.9676
-37.9676
-36.2332
-35.3123
-36.1779
-36.3471
-34.4597
-33.1501
-37.9676
-35.5024
-37.9676
-36.243
-35.2426
-36.2332
-36.3068
-35.3249
-35.3996
-34.5967
-34.3204
-36.1516
-36.2332
-35.3699
-35.6303
-33.4194
-34.3353
-34.2006
-34.9517
-37.9676
-37.9676
-36.3068
-34.3459
-36.087
-35.1775
-35.3181
-37.9676
-36.2332
-33.9867
-36.087
-30.2379
-35.3704
-35.3181
-35.172
-36.1779
-34.1101
-35.1156
-36.087
-34.4755
-37.9676
-35.172
-35.5024
-35.3123
-33.1957
-37.9676
-35.7842
-36.243
-37.9676
-36.1516
-37.9676
-33.2695
-34.6468
-36.3471
-35.3526
-36.3068
-35.3996
-34.4245
-34.4597
-35.3526
-34.3139
-35.2129
-35.4659
-36.087
-35.3181
-35.1156
-34.4366
-35.7842
-36.243
-36.2332
-33.2468
-35.0896
-34.1235
-34.8649
-35.5425
-35.2426
-34.4965
-36.3068
-35.3123
-34.2164
-35.2246
-34.4892
-35.3699
-36.1516
-37.9676
-36.243
-35.394
-35.7842
8.53355e+006
-34.1603
-37.9676
-36.2532
-33.9755
-35.6303
-35.1775
-35.0549
-34.3165
-36.1516
-37.9676
-37.9676
-35.0294
-35.4659
-35.7842
-35.0825
-35.7842
-36.243
-35.3526
-35.7842
-35.394
-37.9676
-35.3181
-34.5259
-34.8456
-35.2638
-35.0294
-34.3172
-34.9517
-36.1516
-35.7842
-34.3899
-35.6303
-36.1779
-36.243
-36.1516
-35.1775
-37.9676
-34.2164
-34.5892
-35.1594
-37.9676
-35.3351
-34.7511
-36.243
-34.4434
-35.3249
-33.4112
-34.332
-35.1594
-34.8456
-37.9676
-35.6303
-36.2332
-36.243
-35.394
-35.3704
-36.3068
-35.0549
-36.243
-34.3863
-36.1516
-34.2526
-32.2298
-35.1775
-35.7842
-34.0631
-36.2332
-37.9676
-37.9676
-35.7842
-35.2246
-35.1156
-36.2332
-34.5967
-35.2426
-34.2006
-36.1516
48034.7
-36.1516
-36.243
-35.5024
-34.4147
-36.2332
-36.2532
-35.1149
-37.9676
-34.9517
-36.243
-35.6303
-34.013
-34.9517
-34.0884
-34.4147
-35.172
-34.3204
-37.9676
-19.3433
-35.3181
-35.3699
-35.2339
-35.394
-36.2332
-36.2532
-36.243
-34.3165
-37.9676
-34.4799
-37.9676
-34.3863
-35.6303
-35.3526
-36.1516
-33.1237
-35.3996
-35.3249
-36.2332
-35.0319
-36.3068
-36.243
-34.4965
-36.2332
-37.9676
-35.7842
-34.7731
-25.4318
-34.9517
-36.1779
-34.3459
-34.3899
-35.1156
-35.2095
-36.2332
-36.2532
-35.394
-36.1516
-34.8456
-34.5967
-34.4892
-36.2091
-35.2638
-33.0752
-36.1516
-35.5425
-35.2426
-33.3977
-34.4597
-35.8612
-35.2638
-35.3249
-35.3996
-34.4005
-34.8649
-34.8713
-36.243
-34.3496
-37.9676
-35.2905
-35.2426
-35.0549
-35.2426
-35.1775
-34.332
-34.1603
-35.4611
-36.087
-34.4042
-35.0444
-34.0388
-34.4042
-35.0555
-35.2129
-33.0948
-35.5024
-34.4877
-35.3996
-34.1883
-34.4965
-33.3295
-34.0848
-33.2647
-35.7842
-34.9517
-34.6105
-36.3068
-35.3704
-34.0412
-35.2339
-33.9903
-34.8456
-36.2332
-35.3704
-35.394
-35.3249
-35.2426
-35.7842
-35.7842
-36.2091
-35.6303
-36.243
-35.0549
-35.5425
-36.243
-33.2076
-36.1516
-35.3699
-37.9676
-27.9529
-35.0294
-36.2332
-34.9517
-36.2332
-34.5259
-36.243
-36.1516
-34.3863
-37.9676
-35.1156
-36.1516
-37.9676
-35.5425
-37.9676
-35.3249
-35.7842
-34.8713
-35.6303
-34.4039
-34.5967
-34.1888
-35.3699
-36.3068
-35.6303
-35.3123
-35.6303
-34.9517
-35.3181
-34.4597
-34.0802
-36.2091
-31.5325
-37.9676
-37.9676
-35.7842
-35.3526
-34.3899
-36.2332
-34.6487
-36.1779
-35.0555
-35.0294
-36.2532
-37.9676
-36.3068
-35.0825
-36.2332
-35.2426
-35.5024
-35.3526
-35.5425
-34.6984
-35.1149
-35.4659
-37.9676
-34.8713
-35.5425
-34.9517
-34.2307
-34.3204
-36.2532
-36.2332
-34.1193
-36.243
-34.8713
-36.3068
-36.243
-37.9676
-36.2332
-35.5024
-36.087
-34.4877
-35.6303
-34.7599
-35.3351
-35.4795
-34.9517
-35.2246
-37.9676
-34.9517
-36.3068
-35.7842
-36.2332
-35.5024
-34.4434
-34.6663
-34.4147
-36.243
-35.1149
-36.2532
-35.3699
-33.5761
-35.3996
-34.171
-35.7842
-35.3704
-34.3004
-35.3249
-34.9517
-37.9676
-34.9517
-36.2532
-35.3996
-35.3249
-35.2638
-36.2532
-35.3181
-36.3068
-35.7842
-34.3545
-37.9676
-36.1516
-35.3996
-34.8456
-36.3068
-36.087
-36.1516
-35.3249
-34.3204
-37.9676
-37.9676
-37.9676
-37.9676
-34.4039
-35.3351
-34.4755
-35.6303
-33.5051
-36.1516
-34.8456
-33.427
-37.9676
-37.9676
-34.0848
-36.2332
-35.3123
-37.9676
-35.5425
-35.2426
-35.1709
-36.3068
-35.0555
-34.3899
-35.3123
-36.2332
-36.087
-27.7539
-33.2468
-36.3068
-34.4144
-35.4611
-35.6303
-35.4611
-35.5425
-34.0041
-36.243
-36.243
-36.1779
-35.2426
-35.394
-36.2532
-35.3181
-35.5425
-36.087
-35.7842
-34.5801
-34.0654
-36.1516
-36.1779
-35.0896
-35.2426
-34.5259
-33.2647
-33.1591
-36.1779
-37.9676
-37.9676
-36.2332
-35.6303
-34.1603
-35.3249
-37.9676
-35.2905
-35.1149
-36.3471
5.3683e+006
-33.3721
-36.3068
-36.1516
-35.7842
-36.1516
-37.9676
-35.2339
-36.2091
111347
-35.1149
-37.9676
-34.332
-36.1779
-35.1775
-35.0825
-35.6303
-37.9676
-34.3725
-34.2231
-35.2352
-34.3545
-37.9676
-35.3123
-34.8649
-34.0893
-35.1149
-36.1516
-34.4597
-34.7455
-36.1516
-34.7671
-35.1149
-35.2129
-35.3249
-35.6303
-35.4659
-34.7731
-35.3699
-34.3899
-34.1235
-34.4434
-36.2332
-37.9676
-34.7671
-34.1409
-37.9676
-35.4795
-36.243
-35.5425
-21.9775
-34.7455
-26.4406
-35.2426
-34.1101
-36.1779
-35.3996
-35.5425
-35.2638
-32.9351
-36.087
-35.3699
-36.087
-34.7671
-34.7731
-35.4795
-35.3249
-36.2332
-34.3139
-36.243
-34.8713
-35.3123
-34.8456
-35.3526
-35.3526
-34.1603
-35.394
-37.9676
-33.9533
-36.243
-33.1686
-36.2532
-34.3496
-34.5825
-36.1779
-34.3204
-36.3068
-37.9676
-36.2532
-33.0351
-34.4755
-37.9676
-34.1302
-37.9676
-34.7671
-37.9676
-34.0884
-36.1779
-34.4718
-35.4611
-37.9676
-37.9676
-36.2532
-34.0195
-36.243
-34.6693
-35.1149
-35.2339
-35.6303
-36.2332
-36.087
-33.1364
-36.3068
-35.0825
-33.9314
-35.3699
-36.2532
-36.3068
-36.087
-33.9903
-37.9676
-36.243
-35.3704
-35.2339
-35.3351
-35.4659
-37.9676
-35.6303
-35.2129
-36.3068
-36.2332
-33.4112
-35.394
-35.2246
-35.3123
-37.9676
-35.394
-34.6984
-36.087
-35.2129
-36.087
-33.5293
-37.9676
-33.2413
-35.5024
-35.2426
-35.0825
-34.0632
-35.2246
-35.7842
-35.3249
-34.7511
-36.1516
-35.7842
-36.243
-35.3526
-35.5024
-36.243
-34.2284
-34.8649
-35.7842
-33.0351
-34.0848
-35.1156
-36.2532
-37.9676
-36.3068
-36.1779
-36.243
-30.0687
-34.3473
-37.9676
-35.1775
-34.8713
-37.9676
-36.1779
-34.4074
-35.3181
-36.3068
-34.3725
-34.6824
-34.7671
-35.2905
-34.8649
-35.1594
-34.7671
-36.1779
-35.1149
-34.5032
-33.944
-34.4424
-37.9676
-35.3123
-35.5024
-35.2129
-34.3004
-35.394
-34.1871
-34.3725
-35.7842
-34.3725
-35.3249
-35.3351
-36.1779
-34.3264
-33.4912
-34.3961
-36.087
-36.2532
-35.1775
-35.3526
-35.3526
-35.0294
-34.4245
-37.9676
-35.3181
-34.0632
-23.364
-33.1957
-34.3204
-35.1709
-37.9676
-37.9676
-34.3204
-35.3996
-36.243
-33.2376
-35.3123
-36.3068
-35.3351
-35.7842
-36.2532
-34.3353
-35.3526
-33.1801
-34.332
-33.2314
-34.0802
-36.243
-35.4659
-34.4245
-33.3725
-35.2129
-35.3249
-35.5024
-35.6303
-35.3704
-35.2352
-34.8905
-34.8713
-35.4659
-34.0848
-35.3351
-35.0896
-34.3899
-34.1235
-35.1775
-35.0294
-36.243
-33.4138
-37.9676
-35.0294
-35.3351
-37.9676
-33.3754
-35.1775
-36.1516
-35.5024
-35.7842
-35.3123
-35.6303
-36.2532
-34.3165
-36.243
-35.1149
23032.4
-35.3699
-36.087
-34.1521
-34.7671
-36.1779
-36.2532
-34.5825
-36.2532
-35.3704
-36.1516
-37.9676
-35.1156
-34.1878
-35.3704
-35.5024
-36.2532
-37.9676
-36.2532
-34.3483
-35.0825
-35.1775
-36.243
-35.3123
253144
-34.5259
-35.7842
-35.5425
-35.4659
-35.2638
-36.2091
-35.0294
-37.9676
-34.1409
-35.2129
-35.1594
-36.243
-34.9239
-36.2332
-35.1594
-35.3996
-33.1504
-35.4659
-36.2332
-32.0442
-35.4659
-35.5024
-35.7842
-34.5259
-36.1516
-35.7842
-36.243
-34.1101
-35.0294
-36.2332
-34.332
-35.3123
-36.2332
-34.074
-37.9676
8226.69
-34.3473
-37.9676
-35.5024
-36.3068
-33.427
-35.5425
-37.9676
-36.2532
-36.3068
4154.79
-34.4147
-31.367
-35.3123
-36.1779
-35.2638
-36.1516
-37.9676
-33.5299
-34.067
-33.8625
-34.4147
-36.1779
-35.6303
-36.3471
-34.5118
-34.3496
-36.1779
-34.6663
-37.9676
-36.2332
-34.5698
-36.2532
-35.1775
-35.5024
-36.087
-26.1084
-36.1516
-36.243
-37.9676
-36.2332
-35.2339
