403462
840635
1.50756e+006
1.70172e+008
8.7876e+006
1.03233e+006
37834.6
732268
1.89696e+006
8052.14
3.57674e+011
527570
2.65238e+006
150547
2.82061e+006
4.82018e+007
4.656e+006
6.64211e+006
7.44491e+009
236567
418973
2.54599e+007
2.77546e+006
170458
85076
372008
364511
5.25226e+008
834589
622379
674239
4.44718e+010
4.7621e+006
2.14542e+007
2.21771e+009
2.44984e+007
209837
282060
7.03154e+007
6.90826e+008
2.94171e+006
4.81435e+006
1.29571e+006
2.1754e+007
86638.1
7.49493e+007
51364.5
18700.2
77608.4
6.27428e+008
8.33267e+009
2.23545e+010
3.41667e+008
1.89392e+006
1.12596e+010
425256
51353.5
1.14552e+007
9.32035e+006
2.04932e+009
72271.5
795050
7.20753e+009
211896
3.89532e+006
3.89492e+009
5.10443e+006
4.76536e+006
443234
2.97234e+008
2.50431e+009
2.74996e+010
5.03887e+007
8.00572e+006
1.58121e+007
3.07765e+006
1.43804e+007
1.04659e+009
8.57217e+007
675254
1.22972e+008
1.02056e+009
2.92921e+011
4.92999e+007
2.90009e+006
470361
2.14618e+007
4.15781e+009
1.95673e+008
1.89109e+007
60270.2
96106.3
956116
4.53485e+007
1.00493e+010
5.60411e+011
2.60842e+011
253998
6.64134e+006
6.38546e+006
1.0965e+006
22095.6
1.88725e+010
661011
1.13334e+020
9.02454e+010
1.16171e+006
87220.7
4.23661e+006
3.85112e+006
3.62365e+006
7076.35
2.28904e+007
5.6644e+008
853024
9.14181e+008
809692
1.01533e+007
580749
1.79431e+009
37958
3.00178e+008
1.60945e+007
952272
1.16325e+013
2.30381e+007
4.88615e+007
1.15885e+009
150151
24081.5
1.96352e+006
1.96943e+009
2.61432e+007
53425.6
7.80927e+009
6.46494e+007
1.40504e+011
3.56165e+007
1.62588e+006
1264.12
7.06519e+010
176416
2.18685e+007
3.94788e+006
3.87862e+006
2.61918e+010
1.694e+006
3.00602e+008
3688.2
57351.2
47479.6
1.27161e+006
4.26523e+008
43091.6
1.54736e+008
6.34857e+007
105682
5.72237e+009
3.83527e+006
2.00293e+010
7.32187e+006
1.21425e+006
4.7288e+012
8.55212e+007
4.05325e+009
90169.3
3.83545e+007
537941
6.77395e+007
5.02205e+009
623620
185789
1.23776e+008
1.10257e+009
730699
6.08138e+011
2.23189e+009
3.74211e+006
63031.8
4.01395e+006
111079
158854
2.12497e+009
9.06595e+007
1.80925e+010
2.7848e+007
4.86945e+009
5.46997e+007
3.54858e+006
199670
3.67102e+006
2.84476e+009
5.96942e+011
2.3652e+007
2.79465e+009
475158
233055
2.07276e+006
6.62439e+007
1.24277e+009
9.478e+006
1.88289e+010
122140
1.00516e+007
448938
5.62572e+006
149077
1.50472e+009
2338.07
1.37013e+006
1.7452e+007
2.15248e+009
1.42127e+007
1.47548e+009
395164
88404.5
4.45676e+007
2.02419e+014
8.29668e+007
1.11766e+007
1.05813e+008
3.14352e+006
1.86053e+009
7.81315e+007
1.91403e+011
2.58512e+006
100173
2.90055e+007
4611.43
227324
7.36831e+010
1.5344e+010
8.12542e+008
6.86037e+006
6.64395e+009
6.86036e+007
2.25142e+008
2.00336e+006
62763.7
301722
18614.2
9785.6
6.81354e+006
5.36132e+009
2.05693e+010
831569
523756
42540.1
683190
4.46408e+006
2.46876e+013
2.59128e+007
99206.8
9.10908e+006
3.01037e+011
4.58391e+013
101718
71064.9
3.5588e+007
2.50092e+007
10000.7
4.78904e+008
1.88336e+015
207592
5.10296e+009
8.86956e+007
1.32444e+008
4.91655e+010
163864
3.41951e+010
219936
7.81628e+007
1.46852e+010
3.51213e+008
1.37954e+006
210969
6.67583e+008
102474
2.10457e+007
14260.3
638168
1.49562e+008
2.13661e+008
5.8094e+008
1.71856e+011
1.69107e+008
132028
3.17283e+009
6.73834e+008
4.53665e+006
3.04946e+009
248272
4.16707e+008
1.48178e+006
1.67259e+008
2.16933e+006
5.68989e+008
36613.7
2.0333e+006
82466.7
1.80489e+009
3.27414e+007
2.66594e+011
1.09629e+006
4.39485e+007
1.94318e+009
274813
2.36925e+006
6.61332e+006
559000
12832.1
2.2912e+007
1.22106e+007
7.0286e+006
1.34894e+007
3.91265e+007
7.68748e+008
62733.9
1.35086e+008
333268
2.65001e+006
697079
4.81808e+009
1.02045e+007
1.79144e+006
7.83347e+006
7.82476e+006
4.51333e+010
40938
1.15856e+008
9.12861e+008
596429
33422.6
397526
6.55653e+006
6.34585e+007
1.36972e+012
453241
1.12135e+009
1.75528e+007
6.87883e+008
502632
4861.16
7.9655e+006
3.79775e+006
1.78907e+008
8.15798e+007
1.69013e+007
33449.8
789368
3.71396e+007
1.98893e+007
1.21845e+013
3.66525e+006
1.51228e+007
220780
139343
2.7105e+007
607582
503085
1.09007e+010
1.32044e+007
167537
2.60289e+009
71524.4
6.34046e+006
601983
1.04665e+009
1.39168e+006
1.78599e+009
20591.6
5.80172e+007
112418
2.77936e+008
30197
44322.1
9.63292e+006
3.01638e+009
1.48236e+010
116128
107302
101612
1.08117e+006
4.82468e+006
7.34906e+011
2.84458e+011
4.2557e+011
2.63498e+010
3.0966e+008
293973
3.01309e+006
3.42266e+006
6.94739e+012
3.83029e+010
9.16513e+007
1.08478e+006
210676
79501
1.15587e+006
173372
38547.5
842902
3.56315e+006
157104
1.51264e+007
4.69095e+007
1.15904e+007
498282
930234
1.45856e+007
1.43761e+008
28964
1.20915e+006
12940.6
110303
2.7071e+008
107006
38164.5
1.39756e+008
3.37337e+006
9.80316e+006
807608
69913.3
5.98801e+008
57071.6
3.02171e+007
5.69966e+007
15035.9
307616
421299
2.18081e+006
2.70805e+009
1.93546e+007
3.57121e+011
8.12542e+009
4.88259e+006
96707
1.73317e+006
5.32457e+007
9.17416e+006
4.05496e+011
1.22588e+008
5.08229e+006
1.1637e+007
3.0305e+007
1.1914e+006
1.90664e+007
6.74449e+007
6.82768e+006
2.73219e+009
1.5083e+007
3.24478e+007
103597
1.84422e+006
2.02074e+013
3.02274e+006
1.43414e+006
1.50682e+011
4.12389e+008
181880
1.13703e+007
7.90207e+010
910393
631283
18116.8
1.26018e+008
7.96553e+011
796009
7.8384e+008
6.0745e+006
260716
1.46404e+006
246521
8079.7
1.16896e+014
5.42736e+006
2.368e+011
2.61797e+007
1.31819e+006
2.0281e+008
4.0588e+007
5.48483e+007
34046.3
2.38239e+008
283911
5.96214e+006
4.28495e+008
2.6526e+009
4.32995e+006
1.82121e+008
4.4735e+006
6.76325e+007
127340
1.32062e+007
519655
2.50618e+006
3.11948e+007
1.28793e+009
8.74182e+006
1.8261e+010
134263
995674
964358
511621
19570.6
1.0851e+007
1.9335e+009
5.99424e+006
97155.7
1.50838e+007
2.2836e+008
4.60241e+009
3.18542e+007
24017.5
4.17197e+007
6.57473e+007
60830.1
16845.3
205076
14449.7
34050.7
1.86632e+010
5.12151e+011
121002
1.2485e+008
35259.9
7.22847e+009
11742.8
2.16066e+006
304290
5477.91
8.1893e+011
6.20546e+006
451139
307439
558542
3.23073e+007
311073
2.49105e+008
1.21014e+009
2.63e+006
7.53145e+006
18648.8
1.63261e+008
1.48655e+008
155890
1.01625e+009
3.75268e+006
687344
6.03959e+009
2.47688e+006
1.8025e+008
2.26844e+008
204283
6.05227e+009
375929
111943
1.67652e+011
956098
4.11359e+006
6.52035e+006
143754
1.48889e+007
3.4857e+008
1.74668e+010
1.10079e+007
1.68531e+007
8.36449e+010
2.96865e+006
1.09486e+008
397475
975869
3.99066e+009
1.5642e+015
806913
1.2231e+008
7.38881e+008
2.29722e+009
25076
586689
1.1861e+008
7.74407e+008
5.78421e+008
6.8224e+006
9.03436e+009
1.62107e+008
2.06621e+006
297497
4.26159e+006
2.81095e+006
1.30626e+006
6.73665e+008
4803
2.64309e+007
4.8368e+006
2.6675e+010
29882.8
9.58025e+007
4.68684e+010
4.46325e+010
4.71931e+006
764005
7.3884e+006
9.74584e+008
2.77538e+006
9.70284e+006
3.00202e+006
5.03456e+008
2.5926e+010
8.83435e+006
362832
3.06696e+007
13038.5
5.0246e+006
1.14436e+006
1.9688e+010
1.9491e+009
4.44482e+006
383747
2.50285e+011
1.04954e+007
2.56341e+013
1.25139e+008
8.77807e+009
272569
22222.6
149290
3.40662e+007
2.44108e+007
6.68256e+007
58990.2
1.66389e+010
8093.07
6.47176e+006
8.28899e+007
1.25987e+007
2.19863e+010
17018.8
1.13637e+007
361140
796855
7.90343e+008
23320.5
5.44108e+010
1.01382e+008
1.04136e+008
1.65531e+006
340013
749005
3.41456e+007
1.47822e+007
2.93129e+009
3.53393e+010
4.37813e+011
1.9218e+008
1.45627e+009
1.40625e+008
659514
2.87118e+006
166778
4241.59
1.76112e+006
1.19159e+007
1.13268e+006
723319
2.51184e+008
3.62976e+006
1.50674e+007
26865.4
1.8606e+007
2.63373e+006
1.58597e+007
5.80228e+007
2.88379e+006
7.1211e+006
871205
5.74149e+009
1.00956e+007
4.70094e+009
1.59439e+006
3.23965e+006
9.79161e+006
1.2974e+009
1.69924e+007
22140.7
1.4371e+007
137599
7.54693e+006
4.59026e+007
981731
2.44065e+008
2.8169e+012
4.52038e+007
1.86939e+007
7.61965e+008
1.29816e+007
5.61654e+007
2.91698e+007
271302
219941
376493
31550.4
8.64457e+006
197858
2.25131e+009
1.03174e+008
2.13252e+007
1.80479e+008
36950.6
19442.2
5.30648e+011
9.0111e+007
8.53312e+010
109461
1.3065e+008
2.17685e+006
1.87263e+010
1.23182e+011
74175.9
4.38907e+006
3113.38
5.09441e+007
2.18653e+008
323566
2.27218e+012
2.3114e+007
567572
4.00386e+006
4.84928e+006
1.65691e+007
2.18838e+007
5.94069e+007
3.81194e+013
31866.9
2.03182e+007
6.76689e+010
6527.02
413063
1.88934e+006
23507
1.47943e+006
562233
126613
326310
1.85658e+015
6.88751e+009
553286
5.80197e+006
1.01518e+009
318826
2.88675e+007
277833
7.49099e+007
8.14539e+007
425074
8.89241e+012
8.02488e+006
1.55225e+011
848583
2.41398e+011
608797
1.12862e+012
4.65784e+006
1.37505e+014
6.40324e+008
280530
1.83036e+014
4.48877e+008
126043
1.05946e+006
8.49813e+007
243332
52009.3
3.58976e+006
88084.2
2.0413e+008
4.04038e+008
9.25777e+011
426901
5.75958e+011
4.44625e+007
1.63914e+008
373556
6.12542e+006
1.49498e+006
2.8198e+010
7.67531e+007
4.36441e+009
5.10705e+007
3.39885e+006
37877.4
360165
9.14996e+009
6.54594e+006
240984
1.85952e+006
5.78192e+012
6.38701e+009
225316
1.06321e+008
132432
1.17817e+007
1.11646e+006
39114.2
47870.7
6.00353e+007
5.3359e+010
11615.7
3.47546e+006
277933
6.60482e+006
1.12558e+010
9.6873e+007
6.65182e+007
455821
332794
162469
2.81389e+007
8.44627e+009
540103
1.16588e+006
2.65587e+008
4.29788e+006
5.30627e+008
7.68329e+009
4.77928e+006
25084.7
4.71795e+008
418143
7.68698e+006
1.91837e+006
1.00515e+006
6.85874e+008
1.60691e+007
1.31147e+009
1.36744e+009
1.06603e+007
4.69712e+008
6.84728e+007
1.00234e+006
1.2731e+007
2.52961e+006
321035
197316
1.41421e+008
8.0543e+008
3.0804e+007
1.15988e+006
6.42128e+009
6.73889e+006
2.02532e+008
1.26555e+007
8.42823e+006
2.33281e+008
67674
2.13978e+009
1.1432e+007
125165
1.02977e+009
2.62801e+006
4.50517e+009
5.9918e+007
41269.7
8.07572e+006
2.43758e+007
8.95995e+006
1.70082e+006
38465
9.97743e+007
4.49619e+007
2.07142e+011
181492
7.50311e+007
9.68175e+010
1.62092e+011
266428
1.9234e+009
4.29198e+010
92594.1
1.48504e+008
2.2949e+015
8.63353e+009
2.22837e+007
936832
5.59374e+006
36580.9
397935
733441
5.88799e+012
1.14762e+008
54869.7
69496.2
24358.6
9.59433e+010
8.22526e+006
30738.3
5.94145e+010
5.59803e+007
1.51972e+006
113465
1.06722e+008
4.4075e+007
1.19663e+006
5.07883e+006
2.8486e+006
1.01834e+006
2.53018e+006
1.72331e+010
1.53906e+007
656197
2.38161e+006
36046
1.30083e+006
64889.2
4.79873e+006
413693
9.3421e+006
1.73252e+006
5.14968e+006
3.37756e+008
7.72485e+006
1.20748e+007
1.58349e+008
93659.7
521665
2.23426e+006
8.30533e+007
4.1297e+006
9.9717e+007
1.33141e+008
44357.6
493028
6.81663e+011
1.31633e+012
2.99372e+006
5.27822e+007
285217
4.04115e+007
1.39877e+010
1.24946e+006
1.79543e+009
7.68333e+006
893033
1.55898e+009
1.66979e+011
1.27804e+006
41351.2
8.91249e+006
3.23344e+012
2.44981e+009
2.41026e+006
1.63163e+012
243078
1.48669e+010
1.19406e+008
1.24927e+008
8.67423e+008
2.46277e+008
2.6952e+012
1.30531e+009
1.50889e+006
1.46177e+011
1.61581e+007
1.24953e+006
4.11341e+011
3.10617e+006
5.35299e+006
5.68355e+007
1.63817e+007
322856
713674
3.71268e+011
22232.1
5.0536e+009
5.88554e+006
2.03477e+007
137497
3.35813e+006
182682
52250.2
9.56622e+008
3.26054e+008
1.1112e+009
3.25155e+007
1.88537e+006
2.01173e+006
6.42019e+007
1.02589e+009
7097.19
1.12002e+008
2.71271e+007
2.48059e+017
295568
1.14884e+006
7.45032e+006
166584
5.88761e+008
1.17642e+008
596948
3.96204e+009
3.48246e+007
3296.05
79021.2
409301
118636
2.67613e+006
3.31442e+006
9.63508e+007
1.11755e+008
5.07328e+011
2.54703e+006
8.57836e+006
5218.44
2.1736e+012
165713
2.22815e+008
2.19521e+010
2.55217e+011
2.27323e+009
139263
4.45917e+012
3.84081e+006
1.66176e+007
683403
610773
1.33651e+006
5.63637e+010
1.11228e+009
2.75179e+010
187421
3.12659e+007
8.46692e+006
1.98824e+007
8.61272e+008
1.11667e+008
2.2489e+008
7.07829e+007
2.97452e+008
14483.1
424049
2.23728e+006
15316.6
7.8405e+007
3.7977e+006
6.70694e+010
344862
1.80539e+006
5.69292e+006
17887.1
6.54485e+009
1.57955e+006
1.10304e+008
2.6899e+006
2.5208e+010
112563
42092.2
4.72898e+009
1.38909e+006
1.75721e+008
8.07475e+007
6.2492e+012
7.45442e+011
16804.1
1.52902e+007
408832
146068
866692
7.22243e+006
165681
1.06067e+007
83979.3
4.13208e+013
1.45072e+006
2.03472e+006
2.07794e+006
49750.6
2.49206e+008
2.75897e+009
7.08881e+006
1.29305e+010
1.3865e+007
19872.7
391782
299224
1.0469e+009
4.11343e+011
1.58954e+015
6.62679e+006
4.1263e+008
41807.3
63868.9
4.95363e+006
3.97982e+010
1.90235e+006
3.41149e+006
14698.1
5.73969e+007
5.20893e+008
2.43877e+007
1.52935e+009
1.10784e+008
7.45274e+007
390674
1.08614e+009
1.2006e+006
1.39946e+009
7.02755e+006
101326
925022
8.65572e+009
1.51654e+006
3.82385e+006
57628.8
2.04545e+011
346063
9.52024e+011
4.34391e+010
1.11053e+008
284588
23491.8
824929
692271
130210
141772
1.1879e+012
7.13032e+010
1.06506e+006
54670.7
1.21454e+006
7.62433e+007
241803
1.03854e+009
2.80378e+006
1.85581e+006
1.4475e+010
14648.6
1.4697e+007
3.96284e+006
11924.1
8.13442e+007
87574.9
5.00009e+012
1.67253e+006
1.02464e+009
1.92597e+013
23520.1
4.18425e+008
490103
1.04621e+011
1.88521e+008
109684
1.43026e+006
3.29647e+008
3.67187e+009
3.06366e+007
2.22618e+006
1.68779e+009
2.6011e+007
2.33898e+008
4.56923e+006
253865
15096.4
1.12016e+007
324586
5084.1
886367
5.61234e+006
159357
6.24974e+006
7.86642e+006
129213
8.4243e+010
1.87558e+010
3.00365e+009
2.35002e+006
95926.8
1.86832e+008
6.64657e+006
1.37877e+007
8.28189e+007
1.1556e+007
7.85099e+008
8.2178e+007
3.66151e+006
7.49019e+006
3.92269e+009
1.57068e+010
47236.7
540384
8.23775e+007
1.22309e+014
500119
41533
2.02332e+006
436049
1.34522e+006
1.68116e+007
4.58982e+006
5.54486e+006
1.55828e+007
9.8972e+006
41393.5
5.3798e+008
948781
1.05397e+007
1.1727e+006
3555.19
1.05286e+009
7.82724e+006
699861
538199
7.40356e+007
356372
4.31661e+007
6.22424e+006
1.34927e+009
142471
1.10514e+007
1.41077e+008
2.19495e+006
1.38723e+008
3.6522e+010
6.1644e+006
1.03622e+007
402791
2.18415e+009
6.45455e+011
6.49348e+007
358261
8.09182e+006
111135
9.98919e+006
1.76822e+006
6.8969e+011
8.72047e+006
1.24365e+010
1.41099e+014
1.60099e+011
2.2399e+006
364407
1.13916e+007
18501.8
5.17384e+013
3.40469e+006
2.16832e+007
1.22368e+008
18500.7
3.66281e+008
9.36591e+006
2.3162e+012
1.7266e+008
5.97968e+007
2.37581e+006
1.2392e+007
43099.6
4.15441e+007
1.09296e+007
274222
845406
5.81451e+006
1.95482e+008
1.1337e+008
196862
1.13046e+008
8239.61
2.18466e+007
2.38947e+008
5.92124e+013
6.94236e+007
2.19654e+008
4.09996e+008
7.07379e+006
1.42635e+007
416543
525029
45107.8
6.87688e+006
1.69982e+009
2.11288e+006
1.40722e+006
210401
1.33354e+009
2.58362e+009
1.06612e+006
1.40513e+006
7.54887e+006
5.40439e+010
8.66563e+009
2.82716e+006
4.15455e+007
3.33604e+006
2.26352e+006
2.55894e+006
6.9841e+012
3.00703e+006
1.76052e+007
8801.01
930372
5.51738e+010
6.43067e+013
8.04429e+007
2.70278e+006
10344.9
522230
1.56293e+009
3.36197e+006
1.50277e+008
190612
6.46066e+014
1.72678e+007
2.79935e+009
4.35898e+008
107850
1.20678e+007
288435
1.08199e+009
835214
1.09216e+006
307083
552558
713197
396786
8.5104e+010
5.1604e+008
68030.1
1.3276e+006
6.04336e+011
4.65091e+010
50124
6.12372e+006
3.45404e+009
2.5202e+008
1.50868e+014
5891.07
118793
3.29104e+006
7642.19
16886.1
3.42471e+010
8.35142e+007
2.1747e+007
4.30687e+007
75712.9
6.85379e+006
279220
4.76227e+009
7.14088e+008
3.23906e+007
7630.86
3.70207e+008
2.269e+007
123330
1.48016e+009
1.40666e+012
848560
1.50626e+008
942245
1.80281e+008
25458.5
5.42806e+007
3.82891e+007
2.76265e+010
410183
418831
5.59903e+006
6.67156e+007
1.18501e+006
30089.8
403036
3.00408e+006
1.64918e+008
1.57219e+008
7.55064e+008
3.18919e+011
1.38216e+010
3.74826e+006
529835
1.06154e+013
2.09823e+006
6.88937e+006
6.77498e+007
4.65215e+006
2.14951e+006
2.54823e+007
2.8194e+006
1.24517e+008
8.71529e+008
2.24133e+006
5.74777e+009
5.67839e+008
3.91712e+006
8.84731e+006
4.64809e+009
1.47692e+006
4338.96
100480
2.25934e+008
9.57368e+006
1.87074e+009
44340.6
3.02296e+009
626859
536225
1.57905e+006
2.90996e+007
1.16675e+009
1.52282e+007
7.67354e+008
2.17054e+009
970812
1.32649e+006
3.60901e+006
1.59091e+010
1.2691e+006
1.49198e+008
6.01038e+007
9.10395e+008
5.8322e+006
4.24471e+008
135286
1.32773e+007
1.12326e+006
121924
1.25064e+006
138269
2.68452e+006
2.33374e+009
33389.1
1.28277e+007
1.65212e+008
6.9006e+006
2.0403e+007
2.75234e+006
359817
103738
1.82659e+008
2.26785e+010
20369.9
4.7225e+006
10416.3
2.78823e+009
4.90652e+007
34801.9
2.12501e+009
1.9439e+008
1.08652e+012
98257.9
273176
5.18023e+006
789189
1.9815e+007
5.68361e+007
1.37459e+006
1.18712e+008
3.91306e+006
8.05169e+007
821180
628843
1.11475e+012
839652
1.65411e+008
1.10664e+008
2.18847e+006
4.07611e+009
5.78483e+006
8.15447e+006
7.42641e+006
2.95706e+006
244938
1.092e+009
1.64504e+006
4.94757e+008
590237
1.10109e+006
5.78134e+007
6.8266e+008
1.07044e+011
165497
7.78388e+009
2.63112e+006
420070
1.72032e+006
176837
1.87668e+006
2.01158e+006
6.10311e+011
76227.9
8.05487e+007
3.0864e+012
1.1498e+006
488419
103699
4.32103e+007
2.18736e+006
9.48551e+007
647834
6.69322e+010
7.6682e+007
439374
3.0626e+012
6.88241e+008
4.51685e+006
2.21059e+009
5.7991e+006
1.0343e+006
1.08833e+012
9.20527e+009
2.0832e+012
5.82208e+009
1.17716e+007
41563.8
2.34524e+009
69985.7
1.37637e+008
5.90754e+010
146542
259549
4.45397e+006
9.09201e+009
1.25756e+008
1.09851e+008
1.09646e+007
5.80106e+006
3.14677e+009
1.50376e+011
404768
631101
2.54815e+007
3.30648e+006
107198
1.52037e+006
199001
1864.38
299884
1.15803e+010
7.09183e+007
226981
615674
2.36088e+011
6.43742e+011
2.22124e+006
390815
343689
7.48994e+006
196962
1.17645e+008
8.48393e+006
4.93298e+009
306095
51087.2
1.43469e+006
8.30659e+009
63581.7
1.02786e+006
6.55527e+011
1.07338e+006
812582
8.83206e+006
2.34624e+010
33652
2.70439e+006
2.4473e+007
163072
3.11311e+010
1.00792e+013
487737
1.18527e+010
2.30618e+007
9.1603e+006
31786.9
7.01254e+007
4.99292e+006
4.91119e+006
259423
3.47222e+007
116493
2.21961e+006
2.23613e+007
295832
2.64192e+009
1.22893e+014
1.05755e+008
66238.7
436644
443597
3.25464e+007
2.97928e+010
847653
7.26e+010
118845
119707
9.8874e+011
2.73818e+008
8.08956e+008
3.48505e+006
818068
1506
2.33046e+007
5.36062e+007
2.62832e+012
2.44419e+009
245463
306360
1.04855e+009
8.2369e+009
103154
448861
8.12232e+007
1.20527e+006
1.53126e+011
2.0265e+007
30081
1.73938e+007
442303
17151.1
4.28959e+008
1.38945e+007
1.36644e+007
928685
5.83424e+006
6.38884e+010
1.99674e+008
192383
8.26079e+007
64534.8
1.58466e+009
2.35344e+007
1.85471e+006
3.1628e+007
1.79719e+008
734304
1.40363e+008
1.24033e+010
77086.6
1.58723e+009
2.43594e+006
7.29277e+007
910731
7.90464e+006
3.83804e+008
439051
1.71151e+008
5.95994e+008
453816
403128
92106.1
2.03927e+008
6.40568e+007
4.21995e+006
703596
9.93596e+007
3.71529e+007
605856
1.97056e+006
9591.58
93487.9
666225
5.66357e+008
2.4066e+007
1.48048e+007
1.22593e+006
4.13346e+007
9.63568e+006
2146.49
81010.1
1.86712e+007
2.9208e+007
18299.8
4.76446e+009
72048.3
383967
205894
9.05361e+007
7.74509e+008
871912
646683
458267
1.06297e+007
1.47163e+009
8.6127e+007
5.77569e+009
4.11596e+008
1.59061e+009
9.48333e+006
4.29468e+008
59245.9
2.39656e+007
2.00238e+010
1.54056e+006
5.54385e+006
3.5192e+010
78486.7
3.34801e+006
412806
18220.9
4357.65
179040
894792
1.04338e+007
324969
1.46209e+006
2.79731e+010
2.56049e+007
1.19438e+008
1.50008e+006
1.60987e+007
8.82864e+009
1.11035e+007
829358
1.07332e+007
1.06734e+011
354529
3.18926e+013
2.3785e+008
286993
23627.7
1.07654e+006
2995.15
2.28874e+008
14857.3
163140
32181.8
1.16558e+007
1.54981e+006
2.78249e+006
7.44607e+009
398298
5.2359e+007
18543.5
3.21483e+009
1.29425e+006
7.48338e+012
2.31189e+006
66191.9
1.32363e+009
1.32651e+009
206921
2.18222e+009
72259.3
1.20042e+006
9.20633e+008
4.1463e+007
598628
4.78653e+010
7.13314e+006
2.56325e+006
3.5475e+007
3.31905e+006
4.99242e+011
1.95121e+009
1.10146e+006
1.01696e+006
4.25601e+006
5.89804e+006
1.14646e+006
4.95672e+007
752958
478354
2.38501e+006
1.67108e+007
6.10183e+006
9.20923e+008
398126
3.66711e+007
8.91067e+010
9.52036e+006
2.34643e+006
1.71264e+007
1.63541e+006
4.11419e+006
1.66024e+009
1.80738e+006
9.9818e+006
5.51903e+008
134541
230494
1.20007e+013
80186
7.34157e+006
2.53813e+007
5.09412e+007
3.12413e+007
1.86258e+006
7.32627e+008
50427.3
357773
182430
2.88126e+006
125586
67792.8
6030.23
168900
1.51591e+012
3.07177e+006
452358
609941
1.60493e+007
4.60981e+006
4.21712e+006
1.02307e+006
9.68257e+007
2.66246e+009
3.28389e+006
7.07859e+007
2.86852e+011
1.62465e+007
584117
66858.8
24268.3
4.97532e+006
62321.5
976212
1.02953e+010
1.77366e+007
8.70605e+008
1.52185e+006
9.80733e+007
717244
1.13236e+010
5.46295e+015
3.53982e+010
1.81839e+007
3.54686e+011
6.67557e+011
1.33339e+009
71227
1.32966e+008
6.25835e+009
2.04304e+009
6.44763e+007
3.71291e+008
6.52832e+006
1.08e+006
36353
61319
21838.5
155503
1.8807e+007
260109
1.85605e+006
6.27847e+007
46041.1
6.56012e+009
576012
1.60594e+006
1.15272e+006
5.62004e+006
574457
1.52897e+007
1.02273e+009
310341
293962
1.8017e+008
3.49318e+008
1.18867e+007
5.50423e+006
587103
4.61011e+008
349695
9.95937e+006
420818
1.69965e+006
8.90052e+007
3.08269e+006
2.18977e+006
2.80552e+010
7.93786e+006
1.0927e+007
65390.2
2.06577e+007
1.66868e+007
1.34924e+006
5.96837e+006
4.25326e+007
6.39882e+007
5.385e+006
153351
1.6373e+007
25912.3
42448.3
87646.9
9.32249e+006
5.17225e+007
569003
3.88376e+006
46802.1
8.06336e+010
573828
86389.6
2.1177e+006
7.83977e+008
4.44655e+006
1.33065e+006
1.5605e+009
37758.5
4.84113e+006
4500.59
2.40642e+007
4.65384e+010
4.27033e+008
6.94416e+007
1.30378e+007
7.63151e+006
182258
5.28533e+007
185652
5.49037e+007
5.17256e+013
7.23322e+013
1.02159e+006
2.08805e+007
3.07697e+007
4.01526e+006
5.63431e+007
5.23044e+007
2.95143e+009
4.07121e+007
713792
172207
7.81987e+006
3.67206e+007
158701
2.70804e+011
698191
1.42533e+010
1.01561e+009
2.43985e+015
1.66692e+009
1.53426e+007
64322.2
4.95483e+006
2.60704e+008
2.24922e+008
5.77188e+007
1.7634e+010
7.38198e+006
1.74252e+007
97775
5.64766e+007
633446
136035
4.17453e+006
1.7749e+007
1.52146e+006
24033.3
3.99722e+008
3.1129e+007
2.94818e+006
1.20119e+006
1.15793e+007
5.96148e+012
7.72567e+013
1.452e+011
30244.9
694554
2.04348e+006
318486
12154.7
865768
1.90486e+006
1.04938e+006
59592.9
4.30746e+006
1.44366e+006
1.95587e+011
8.92318e+007
2.12869e+008
2.97431e+006
462541
9.94409e+006
2.82432e+009
61544.5
196081
1.29924e+012
2.46243e+006
2.70417e+006
3.42404e+008
309593
2.17351e+007
440903
2.95771e+010
1.12513e+006
3.49751e+006
2.92597e+008
2.20732e+006
2.89325e+006
1.26574e+008
227243
7.9651e+008
51148.8
7.20699e+007
3.79902e+009
3.31747e+009
1.19854e+011
9.51966e+006
4.75084e+007
22111.2
2.14625e+007
827990
4.5598e+006
852730
427662
3.50389e+009
158479
263907
9.28095e+007
422005
4.23129e+007
2.49028e+008
1.28909e+006
1.84477e+006
3.03916e+009
746586
26018.3
1.66843e+007
2.68552e+006
2.41101e+007
6.43918e+007
3.67657e+006
1.00921e+006
6.37417e+006
129948
6.17193e+007
3.12333e+010
381525
1.34735e+006
143102
41619.6
6.7996e+010
15054.4
1.23645e+007
4.05756e+013
1.10987e+006
2.89968e+010
7.51494e+018
809594
37249.7
692931
3.02702e+006
3.24689e+007
1.35135e+008
2.56766e+012
118270
2.04241e+006
1.14939e+008
4.54014e+007
77438.8
413971
216216
2.63076e+009
1.55799e+006
2.33911e+007
1.12117e+007
21763.7
693298
5.27749e+006
6.15333e+008
3.23287e+006
7.40404e+008
166621
5.45042e+010
9311.89
5.65417e+006
1.134e+007
32062.9
8.44977e+009
9.33977e+009
51572.5
1.12784e+011
242440
5.36273e+007
4.64185e+006
5.01734e+008
1.90934e+008
2.84458e+009
4.31181e+011
1.60084e+008
3.49603e+006
4.81174e+007
2.40992e+011
1.32515e+006
1.90282e+007
2.07183e+006
5.37204e+006
88756.1
7.20981e+007
1.69973e+007
1.24716e+007
718528
5.83196e+006
290141
167112
7.13313e+013
5.06067e+009
1.34255e+007
1.99917e+006
1.94555e+014
80591.5
1.36059e+006
1.82649e+007
4.38302e+008
1.31279e+008
9.16824e+010
4.72767e+007
1.65928e+007
1.5862e+010
1.63027e+007
8.95397e+006
49469.6
388018
4.71296e+006
3.65605e+007
6.61901e+010
3.31457e+012
689630
477969
3.58382e+007
374076
4.1003e+008
7.24859e+010
2.96376e+006
173761
7.13558e+006
1.2382e+015
1.40455e+006
77666.7
386143
9.83178e+009
1.0578e+006
44211.5
1.41241e+010
8.18589e+011
3.10811e+007
41028.9
1.43655e+011
904917
6.0644e+008
4.48447e+009
1.80303e+007
35833.5
1.75168e+007
406929
9.64306e+009
513757
3.40407e+006
3.83105e+007
297411
3.34271e+007
2.81683e+008
228920
80004.3
1.35904e+006
7.82008e+006
1.4011e+006
3.43855e+010
258366
1.25194e+008
5.60344e+006
4.43674e+011
5.8789e+006
1.07156e+010
8.74563e+007
2.29785e+007
2.81573e+009
754950
73275.3
2.03696e+007
283275
1.75099e+008
1.55764e+007
2.52097e+007
75878.2
1.45088e+007
187643
1.47019e+008
1.07873e+006
6.65769e+009
284577
19687.6
48103.4
249245
594377
9.0311e+006
393167
631250
4.81601e+008
1649.42
81596
5.06025e+007
1.62366e+006
152644
1.11868e+006
2.3214e+009
36487.2
1.34936e+007
38940.4
6.15275e+006
795794
885372
368569
162215
2.38208e+009
3.29651e+008
1.75609e+007
1.60313e+006
1.61842e+006
1.36997e+006
1.91528e+009
19860.7
63235.4
1.48769e+007
3.44199e+007
310913
77734.2
4.49118e+007
1.83326e+010
4.59159e+009
1.91444e+006
212013
927782
3.49305e+009
399403
2.99777e+006
1.85491e+008
110753
1.56185e+006
4.41006e+006
1.58969e+007
1.58826e+006
2.08009e+007
1.80278e+010
71550
119248
123243
62095
297355
3.61316e+006
2.39668e+008
3.53997e+009
159210
1.94373e+008
4.14109e+008
439350
102098
210759
944237
25647.2
4.26116e+006
8.33955e+006
2.89941e+007
2.9804e+008
2.31845e+008
4.33537e+006
1.37736e+008
47654.9
6.18771e+006
2.37731e+009
9.90206e+006
395805
3.11081e+009
1.58461e+006
1.39463e+009
36811.5
75681.9
836568
6.08617e+009
40776.7
3.78008e+007
3.86693e+006
1.29403e+009
1.26444e+007
369500
6.63361e+007
6.65262e+007
6.03825e+007
4.61587e+011
5.61344e+008
1.22745e+012
193206
6.61362e+006
499261
9.3148e+007
6.51465e+007
3.62476e+010
20358.6
4.48811e+009
3.43269e+008
2.73242e+007
27374.6
4.31355e+008
1.57305e+006
2.55531e+007
6.95125e+006
2.34879e+006
723148
1.17422e+010
283807
1.77912e+007
1.29238e+006
3.03109e+010
1.02091e+008
891532
6.32122e+008
3.7892e+008
8.21534e+007
233884
1.60334e+006
2.56349e+010
7.11868e+007
2.40638e+007
309666
6.17897e+006
52112
1.24956e+006
295392
8.30294e+017
1.84364e+008
355699
3.36319e+009
1.09427e+006
7.70631e+006
194704
210829
218030
1.48017e+008
89907.8
4.2227e+009
325885
7763.86
1.65031e+007
295353
88179.4
6.63621e+008
4.78335e+008
3.56351e+007
288856
26786.6
5.45865e+006
41895.9
32205.9
2.72908e+007
407628
3.16826e+006
5.28577e+007
11123.3
25508.8
1.8591e+011
110301
4.73794e+009
498316
577787
245149
1.1929e+007
113884
8.12429e+006
9.45977e+006
80373
3.85337e+013
1.50806e+008
5.08431e+009
1.91379e+011
990342
4.50399e+006
1.71631e+008
702856
58717.5
1.99807e+010
4.72938e+006
17565.4
3.03903e+008
1.70292e+013
716880
6.55325e+006
1.31101e+007
3.7625e+007
2.28515e+006
41945.1
1.81842e+006
4.79526e+006
607112
1.34472e+014
2.81142e+006
1.84078e+006
2.50238e+006
1.95545e+014
2.46869e+008
1.65807e+011
1.57205e+010
16085.6
6.98305e+007
2.64968e+009
4.197e+006
1016.44
2.55396e+006
4.24825e+006
2.22816e+006
4.98415e+007
909416
1.64584e+007
1.46195e+008
8.86564e+013
2.27679e+006
2.44067e+006
1.08387e+007
4.4269e+008
1.33325e+007
1.59704e+006
45179
6.15093e+007
1.71654e+007
56369.4
296948
1.16093e+011
157838
108098
1.74398e+010
1.87274e+010
184447
4.82307e+007
9.91308e+006
9.45623e+009
1.47851e+010
72668.8
771660
6.93872e+006
1.37437e+008
5.26043e+007
1.43348e+012
1.01849e+009
9.60741e+006
3.84653e+006
1.5507e+007
5.04763e+009
1.32639e+006
4.24744e+006
1.24386e+006
1.71902e+006
2.0173e+008
11934
1.10417e+011
1.63076e+006
1.17155e+006
3.02835e+009
1.71861e+007
4.0542e+009
1.62847e+008
3.4959e+007
91722.6
6.82474e+008
3.09545e+008
1.07422e+013
242476
1.44903e+006
3.07961e+006
531572
2.85915e+006
7.45003e+008
4.72512e+006
1.07912e+009
3.41631e+014
4.87689e+008
279676
1.30977e+006
7.87215e+006
1.04686e+009
8.24048e+010
2.74343e+009
5.57051e+008
637742
4.2048e+007
3.55951e+012
4.39046e+007
7.85287e+006
2.49475e+006
344091
371142
3.28586e+013
5.12359e+009
2.31843e+006
35600.3
3.62234e+010
3.1186e+007
359825
2.02111e+010
1.75403e+008
1.94535e+008
895562
1.04513e+006
8.22217e+008
2.82963e+006
70058.8
4.64329e+007
8.51253e+006
315286
703248
2.65245e+008
7.24694e+011
9.53032e+006
962066
1.87529e+008
412040
5.81252e+006
4.03939e+008
2.10928e+007
1.37903e+007
6.6579e+007
561429
1.7676e+007
362367
347998
3.60889e+008
9582.65
28795.3
1.41078e+006
6.04633e+006
6.30494e+007
4.8251e+008
3.69601e+008
4.27195e+006
1.67531e+014
3226.72
3.15599e+006
993346
5.22854e+006
443694
2.37532e+011
6636.97
7.73267e+011
5.78847e+008
738181
568231
2.95501e+006
2.91594e+016
9.55428e+006
8.66675e+006
1.24419e+009
18473.1
2.15031e+010
369025
1.40804e+007
2.5292e+009
2.35985e+007
1.58458e+008
1.5573e+007
3.43081e+006
2.07209e+006
3.48722e+006
2759.46
26272.8
2.06642e+011
116538
2.24962e+010
184342
165568
49305.5
6.3532e+013
5.94078e+009
7.37153e+008
4.7709e+007
5.82387e+007
4.89024e+009
1.12733e+006
3.29852e+006
262929
5.73773e+006
410489
3.73527e+008
1.02451e+007
2.77784e+011
6.32909e+006
2.62134e+007
75788.6
140804
43379.5
4.94595e+011
1.34789e+007
1.8003e+006
8.27554e+010
44429.3
2.35396e+008
1.58635e+012
919848
7.87338e+008
4.80003e+006
7.76303e+007
1.81062e+008
1.6672e+013
1.26021e+007
964595
2.73393e+008
2.48261e+009
2.40869e+006
1.25349e+006
436298
1.45589e+008
6.95525e+006
3.43617e+006
1.0807e+006
100251
9.33262e+008
32597.8
145365
2.51302e+006
369649
1.08663e+007
4690.4
1.46895e+006
98148.3
1.70391e+007
1.64409e+006
592094
6.12567e+008
2.44869e+006
5.44952e+006
663207
4.54877e+008
247912
341422
1.13241e+007
1.99421e+006
3.3822e+009
1.61578e+008
1.34741e+011
2.40147e+012
4.37851e+007
2.52076e+006
508555
1.6908e+006
5.57461e+010
18804.1
4.17034e+007
1.3749e+009
4.796e+006
1.19597e+007
3.48065e+007
1.74853e+010
1.84184e+006
111253
1.50053e+009
1.72337e+007
9.72439e+006
4.40096e+010
1.63464e+007
1.37637e+008
6.25453e+007
1.29242e+007
920806
5.21683e+008
2.05585e+010
5.23215e+006
1.68163e+007
917117
3.26528e+008
4.33042e+006
667650
200501
9.14447e+007
1.10639e+007
11005.7
3.19403e+009
420576
104808
6.10057e+006
223203
1.38676e+006
8.27254e+010
8.61635e+006
3.35315e+006
70260.7
415316
7.46123e+011
190220
4.60636e+007
1.06495e+008
2.77016e+007
4.00972e+007
573610
9.91434e+007
210212
2.67011e+006
5.63228e+006
603447
602840
174023
50289
5.03264e+008
180359
1.16029e+006
1.82614e+008
159173
1.70625e+007
9.64841e+006
1.12581e+008
605618
2.16644e+006
1.36278e+007
1.52194e+009
238222
1.61088e+009
4.5945e+008
145668
3.7137e+006
1.8911e+008
1.80085e+009
3.02625e+015
2.48925e+007
2.39878e+007
1.42508e+006
4.70135e+007
5.22517e+009
1.29579e+006
3.79857e+009
6.53875e+007
3.53468e+009
1.01099e+006
1.68572e+010
6.4738e+006
1.10093e+008
5.41854e+009
1.06318e+006
4.28839e+006
4.3146e+007
114798
621211
5.42655e+006
4.75552e+007
51876.1
7.21778e+008
3.95239e+007
4.51297e+007
1.28814e+007
4.67866e+010
5804.21
1.63068e+012
5.51065e+008
9.2133e+008
1.26728e+007
1.75291e+007
683981
68143.5
2.32361e+006
6.30148e+010
2.62129e+009
228762
2.88617e+009
168563
4.91217e+006
3.21106e+007
3.80912e+010
1.52324e+006
8.33429e+010
1.91586e+008
4.98915e+007
5.44209e+006
1.07364e+007
1.10439e+008
28301.8
1.59806e+007
1.75196e+006
5.34189e+007
1.86397e+009
18354.3
560217
8.52957e+007
15467.5
1.70826e+006
1.5662e+007
1.58418e+008
647419
1.00297e+009
2.87131e+006
400967
8.59124e+007
9.19685e+007
1.78611e+007
307425
2.37704e+007
9.57522e+006
1.34361e+008
7.51314e+011
587056
2.56963e+008
3.64667e+006
5.40008e+007
7.04621e+006
16777.6
28294.1
70507.9
1.04401e+006
8.46213e+008
404636
1.83321e+007
5.46808e+008
1.32787e+006
984322
1.15866e+007
1.12806e+006
2.41049e+010
4.76113e+006
5.51344e+007
365849
2.27958e+006
178318
2.10549e+013
1.03616e+010
3.02815e+010
6.72705e+008
2.79288e+010
213915
599278
1.12334e+010
8.6139e+006
8.5219e+009
38957.7
421428
4.14931e+007
1.65521e+007
1.0683e+008
7.12355e+006
2.53019e+007
1.39712e+008
2.73211e+007
4.75574e+006
2.13984e+007
7.89835e+007
4.87368e+008
638388
8.59133e+009
4.00772e+009
1.16355e+009
9.26202e+009
47758.3
6.9962e+014
3.36488e+006
3.25603e+006
10198.3
2.10449e+009
32719.3
8493.04
1.9598e+006
4.27409e+007
1.77134e+006
212934
2.69176e+006
3.28197e+007
1.92104e+007
104613
65073
1.0942e+013
4.24694e+008
855162
5.17118e+007
246006
2.782e+007
7.08595e+007
4.09681e+007
1.69865e+007
1.79086e+007
1.40639e+007
70776.3
2.16046e+007
6.03626e+006
1.7524e+007
483877
426443
2.71342e+008
80581.1
65395.1
2.55861e+008
1.51747e+008
2.64149e+006
1.78603e+008
2865.52
734553
7.20366e+008
2.85978e+008
44789
379991
2.61055e+010
4.76188e+007
2.07979e+013
49208.7
1.0833e+006
1.08565e+006
1.18281e+006
1.38286e+007
4.91117e+006
531885
42795.3
2.04404e+009
785189
9.90693e+007
275112
1.09111e+006
687159
746356
105354
1.17413e+007
181613
5.14639e+009
1.52184e+006
2.27476e+007
1.61353e+006
1.35666e+006
5.04764e+011
2.49376e+008
4.37432e+007
277596
141474
626356
1.1814e+006
30557.4
5.30649e+006
1.77408e+012
61224.4
8339.82
1.54724e+006
320527
797345
81488
91320.9
1.53882e+006
1.59146e+007
1.43417e+006
1.19097e+008
9.87209e+007
2.29431e+007
1.14369e+007
850499
5.17485e+008
520240
2.5554e+009
113464
780272
1.6057e+007
1.74446e+007
86927.2
1.36189e+007
4.19205e+008
192907
146698
4.41007e+012
1.43862e+007
1.46601e+006
846196
409802
609319
325725
816697
2.22262e+006
838750
117882
9.78161e+008
1.02198e+007
1.35027e+006
95591.6
1.55101e+009
5.58858e+007
2.1501e+006
2.50318e+006
4.01516e+009
993805
282787
142272
2.78204e+006
3.31081e+009
1.48541e+010
7.73708e+006
4.64569e+010
66563.2
1.5509e+008
340227
1.42492e+006
3.07485e+009
4.72839e+006
4.55454e+009
2.62724e+009
307790
7.91085e+006
5.55066e+014
41256.1
1.30235e+007
2.19647e+006
1.91345e+006
1.51052e+007
9.07888e+011
1.17366e+006
7.32017e+006
1.80346e+007
4.15944e+011
2.10484e+007
785378
9.91954e+009
75306.3
5.0622e+007
185245
4003.23
1.6758e+006
3.09878e+007
5.45576e+008
16801.7
1.67075e+006
8.26557e+007
7.6201e+006
1.15338e+008
6.60767e+006
2.00779e+010
4.84742e+006
1.69566e+008
7.3469e+008
166328
61561.2
3.57371e+009
6.27391e+008
2.1612e+007
1.46436e+008
963288
20201.6
1.32781e+006
1.05703e+007
6.06353e+006
1.60107e+011
7.20413e+011
80483.1
3.50681e+009
6.60886e+007
2.27804e+006
1.44788e+007
87767.7
2.24376e+012
2.35933e+007
2.57506e+009
2.29499e+013
2.1034e+006
5587.73
68695.6
5818.07
2.55014e+008
8.35713e+006
41087.1
2.41036e+006
1.24198e+006
5.27549e+007
937080
1.49024e+012
1.27498e+006
2092.36
21436.3
63373.7
5.335e+006
371706
1.23064e+008
1.99901e+007
606947
188680
2.562e+007
4.84331e+006
1.30129e+006
4.24042e+006
9.49037e+008
1.64227e+006
9.22258e+007
4.46578e+009
7.18646e+006
3.33554e+007
4.78153e+006
3.49025e+008
1.563e+006
881675
6.46806e+006
4.44704e+010
433399
3.55398e+006
112630
1.06842e+006
9.75525e+006
785920
5.70384e+007
644214
358581
2.0498e+006
1.68888e+012
8.80171e+008
1.3239e+010
3.30643e+007
194552
324911
205832
89759.3
2.05962e+009
1.76267e+006
225924
5.27524e+006
8.26164e+006
682510
266893
2.78789e+006
5.16588e+007
7.69431e+007
4.0031e+008
8.25778e+007
310589
7.49949e+008
8.96604e+006
93933.7
3.51476e+007
129763
1.22099e+009
1.63394e+007
5.42018e+007
5.83076e+006
19688.8
2.41313e+009
1.13739e+008
62079.9
74102.8
3749
6.73454e+006
9760.28
100393
2.94965e+006
1.59275e+006
3.69234e+007
972831
2.91362e+008
9.76158e+010
684992
5624.97
2.96062e+011
2.964e+014
1.01972e+010
8.18949e+006
170423
6.75007e+006
2.51487e+007
1.54834e+009
4.2092e+007
1.26275e+007
2.76513e+007
173288
1.11912e+014
26840.1
7.65211e+006
2.7267e+011
9.35014e+008
1.70556e+006
2.80429e+010
6.91063e+007
1.87353e+007
5.02858e+006
3.04715e+010
2.2894e+012
3.39289e+006
8.47918e+006
1.2971e+006
3.81163e+008
7746.84
814780
5.11219e+008
8.38694e+012
984643
106020
310466
71536.3
3.81837e+009
1.69833e+006
7.09901e+006
123265
8058.63
3.22761e+009
6.03423e+011
5.3128e+010
7.14632e+007
7.06036e+013
538007
6046.49
3.02121e+007
211709
1.65837e+006
6.84323e+008
8.22633e+007
2.17537e+006
2.92319e+006
636229
142505
4033.27
500100
9.88442e+007
210517
6.53055e+011
1.09713e+007
1.27697e+006
198234
1.0806e+008
554586
4.20695e+006
3.03765e+006
2.74716e+012
1.69531e+006
4.15293e+008
1.54622e+006
6.40336e+010
256005
468873
6.62606e+006
6.10865e+008
485107
9.35914e+006
7.18405e+006
338115
1.87046e+007
23383.3
1.95312e+006
593955
423150
6.90531e+007
1.82521e+009
388775
7.75939e+008
1.74678e+007
1.10259e+009
500190
1.18719e+006
4.88911e+008
3.41647e+006
1.86129e+007
12546.5
4.63924e+006
2.60798e+006
298918
38117.5
96369.4
4.25683e+007
2.01355e+008
427066
217841
3.03128e+008
4.44687e+009
7.71523e+007
256478
853992
7.47961e+015
1.22371e+006
1.16284e+006
1.21965e+006
2.05136e+008
2.98597e+006
121842
422376
337859
2.968e+007
3.29439e+007
2.27089e+008
2.10444e+009
7.16446e+008
1.44503e+006
2.92671e+006
9.71998e+009
3.38091e+009
7.45032e+006
3.13699e+011
149420
5.49138e+007
1.04115e+007
36013.3
1.47496e+007
2.01475e+006
2.61421e+006
6.23118e+009
3.71635e+006
4.45472e+007
4.28795e+007
2.77013e+010
3.93264e+008
58767.1
5.89234e+014
1.84102e+006
357878
2.20572e+007
3.36672e+008
5.44033e+006
2.5667e+008
911352
9.66364e+011
2.06425e+014
1.90864e+009
6.57172e+006
3.49648e+006
1.47356e+007
849213
8.24193e+007
2.18994e+006
1.41992e+008
2.1738e+007
7.10646e+009
3.04715e+006
206611
5.81145e+008
5.21305e+008
4.66493e+006
1.49647e+011
8.72441e+007
3.80222e+007
136721
7.34517e+007
353877
1.87745e+006
65089.7
1.59631e+007
2.01254e+010
1.045e+010
3.84973e+010
9.34392e+007
2.52732e+007
2.26415e+006
439354
78473.4
3.29265e+011
1.38317e+009
1.16065e+007
644816
47069.1
1.93162e+006
3.08181e+007
5.46224e+009
289930
1.00529e+007
48506.1
47389.3
269651
2.55436e+009
154321
3.31802e+008
1.81833e+007
1.29191e+012
1.66761e+013
22351.6
3.66834e+007
296717
285485
7.11027e+011
14882.9
4.33011e+008
9.79043e+006
3.35086e+006
940644
586327
3.26267e+008
1.65656e+010
1.19607e+010
2.52948e+011
1.32742e+006
2.95835e+011
1.25135e+006
334713
1.20823e+008
239935
135475
5.60412e+007
4.89913e+007
1.55447e+008
7.90572e+007
827493
65190.6
1.96462e+010
1.05978e+006
1.1447e+007
7.99053e+016
6390.48
2.24635e+006
3.41889e+007
3.1591e+007
8.99469e+008
43509.5
598372
8.28984e+010
1.3676e+006
1.64372e+007
9.46503e+008
259968
7.53016e+016
2.6205e+006
3.13382e+010
1.52006e+006
9.90236e+007
1.32062e+006
3.38265e+008
5.16287e+009
20402.6
7.72413e+006
35725.8
98447.5
5.74865e+008
521854
2.06644e+009
7.39896e+009
1.18683e+006
2.32083e+006
296622
7.22258e+008
3.11093e+008
4.94857e+007
4.78272e+007
2.11066e+008
1.65098e+006
153683
269026
1.69903e+006
939085
1.90478e+008
1.23881e+008
622876
5.27766e+007
662164
9.45128e+011
7.69717e+006
2.96405e+008
49848.6
50664.1
1.09979e+006
1.6568e+009
30158
157719
1.176e+011
13032.5
391683
4.32847e+007
2.37323e+006
2809.02
2.72321e+006
1.83205e+006
569263
18749
128223
94239
1.53948e+006
6.00355e+006
1.92082e+006
1.93586e+012
1.55756e+006
6.08147e+007
4.90211e+006
7.94187e+006
1.22895e+009
61917.6
1.75731e+007
1.23171e+011
3.04424e+006
5.03419e+008
193280
4.04261e+017
980349
13556.9
2.61747e+007
1.82213e+010
895680
170915
49561.4
4.2211e+008
1.50658e+007
1.51447e+007
1.80209e+007
1.68327e+007
2.85131e+006
2.85583e+007
1.77252e+007
1.40637e+007
148582
8.49454e+012
2.85288e+007
260051
1.18806e+006
4.34261e+008
819588
3.12449e+007
9.15651e+006
2.68185e+008
582813
14877.4
1.18875e+009
7.07191e+008
116215
1.14979e+008
1.79339e+006
1.2403e+011
2.80573e+006
1.48361e+006
951847
3.65506e+006
4.99142e+012
2.92705e+008
5.8756e+008
346269
535861
171409
1.02888e+007
152556
641576
27391.4
2.87833e+008
3.16333e+012
1.28696e+012
1.02417e+009
1.62771e+008
1.62419e+007
5.51746e+006
187240
980564
434682
8.44073e+006
809108
6.55273e+006
6.1948e+006
206150
1.03095e+008
8.44869e+008
1.08447e+006
947590
9497.82
217797
1.14758e+006
1.56977e+008
5.75921e+006
7198.06
6.91765e+008
1.16623e+008
2.03457e+006
1.16197e+006
5.01149e+010
1.70276e+006
2.01181e+007
9.19329e+008
104540
51657.9
2.24489e+007
8.15543e+006
1.37373e+007
1.16643e+007
995108
5.30272e+007
1.86647e+009
7.86985e+006
1.67387e+007
145618
2.45793e+007
2.57182e+006
3.23703e+006
565405
3203.38
1.04688e+009
7.82876e+009
2.96777e+006
2.33246e+008
7443.14
441522
232300
1.97232e+007
1.18954e+008
7.21616e+011
5.41659e+006
1.10149e+008
4.52265e+008
4.79598e+006
125261
440130
2.0474e+006
3.74334e+010
2.98153e+006
1.5717e+008
38465.6
1.34363e+006
1.05516e+009
394172
1.53341e+011
3.24193e+007
18087
297861
1.42259e+008
217293
1.47073e+009
4.52057e+007
1.39302e+006
9.58034e+007
1.54502e+007
1.92515e+007
979.062
91853.5
2.08364e+010
4.85789e+006
6.63313e+008
694788
141502
5.66253e+010
6.15698e+008
33128.1
931593
5.08014e+007
3.50213e+008
156.238
1.7404e+007
184705
253414
712214
6.84039e+011
3.92755e+006
8.60029e+006
90458.5
4.5315e+007
2.81479e+013
4.76413e+008
92941.4
1.84926e+010
1.79642e+006
1.51718e+006
9419.61
1.09006e+006
5.21064e+012
4.19114e+008
4.74634e+006
297471
9.50778e+009
2.34337e+008
5.45971e+009
1.58443e+012
5.88569e+006
6.6078e+006
2.85263e+008
2.63906e+007
3.64853e+008
8.61779e+013
1.49162e+006
2.17021e+007
4.3068e+006
5.23668e+010
625047
1.78664e+012
1.05621e+009
1.11063e+007
2.56347e+012
1.92569e+006
7.87967e+009
96424.8
1.17259e+009
1.0281e+007
6.33521e+006
1.40924e+006
1.61537e+007
4.67285e+006
689293
2.84997e+006
9.62214e+010
1.35403e+013
14993.8
7.42472e+008
1.49985e+008
3.23014e+009
71980.3
3.37422e+008
2.4134e+006
2.06317e+007
1.55091e+007
5.82994e+007
674427
709519
1.55208e+009
5.55874e+011
9.15088e+006
1.56294e+007
1.32908e+009
5.17436e+008
5.91311e+009
59770.9
201681
8.15515e+008
2.53046e+006
4.44493e+006
1.15162e+007
4.12309e+006
61388.6
156235
19499.4
52107.7
1.10324e+010
1.28881e+006
3.04772e+006
177805
5.87671e+006
1.12454e+007
3.18626e+007
1.50958e+011
5.52472e+008
1.488e+007
4.13167e+006
356186
9.11135e+008
1.36179e+007
1.6088e+007
169899
5.57742e+006
1.86019e+009
132079
4367.28
2.55707e+007
913824
1.82179e+010
3.09396e+006
1.97477e+011
5.90094e+007
4.68327e+006
1.27452e+010
2.74899e+006
8.30137e+006
1890.33
2.97441e+008
1.26869e+008
4.76785e+007
1.91203e+009
175547
121812
124681
7.09104e+008
8.86153e+006
4.29131e+009
50137
2.25032e+006
3.94856e+007
292345
2.90031e+009
5.34412e+010
1.54117e+006
3.7448e+007
3.04074e+013
6.82814e+006
8.04444e+006
47679.4
2.40736e+008
2.1362e+007
1.3188e+006
2.25822e+009
1.15595e+007
2.35359e+010
94785.9
70034.6
187738
2.38812e+008
1.43423e+006
2.64936e+007
1.7258e+010
409548
531330
44222.4
2.4686e+009
26925.2
3.39196e+007
51821.7
2.48023e+009
3.06986e+006
1.0263e+007
1.03244e+012
25027.4
1.09664e+006
1.95009e+009
1.122e+009
1.34568e+007
26862.8
420389
73527.1
230540
980132
1.89927e+006
3.44542e+008
5.34982e+006
2.98512e+013
4.27144e+006
49388
7.0972e+006
131741
28184.6
16797.6
6.29083e+007
3.03102e+008
4.38254e+009
4.27897e+006
1.957e+008
5.50693e+009
2.33254e+007
2.69013e+006
1.3929e+006
695386
389315
271719
99604.4
5.90132e+006
7.8296e+007
9.45504e+007
3.84278e+006
7.29226e+006
5.29815e+007
1.36347e+013
1.41023e+007
9796.61
748259
3.31275e+007
3.45474e+006
7.40549e+007
3.79314e+006
49278.3
1.37935e+006
1.3139e+008
13292
452811
5.1003e+017
318313
420260
2.50189e+009
1.46202e+008
1.70046e+006
5.39947e+006
1.39436e+010
151896
3.0985e+010
6.41731e+008
1.35184e+007
1.41418e+010
56743.1
26161.6
1.31419e+009
200402
1.45201e+008
2.53095e+008
3.01188e+007
1.27063e+007
5.9266e+006
294439
2.71205e+006
5.66528e+006
21272.8
6.28377e+006
3.71956e+006
2.14546e+008
41157.5
337740
8.44745e+009
1.23883e+007
1.97692e+013
1.63927e+009
4.92236e+008
600764
41019
1.66981e+007
246300
1.21679e+011
7.59865e+006
3.42604e+006
1.81442e+007
2.21026e+009
3.60955e+008
35451.7
27827.5
21404.4
3.5591e+007
7.14894e+006
1.67793e+006
7.48666e+011
1.25711e+008
1.14754e+007
1.70577e+006
343705
994693
6.63743e+006
2.50887e+009
3.65733e+007
1.24517e+007
1.8335e+009
9015
6.97723e+007
8.11262e+006
31514.8
5.63803e+008
5.87986e+007
89800.6
1.97213e+006
3.42703e+007
1.05209e+007
3.31085e+020
484074
460959
159056
113116
14159.2
2.74373e+009
101182
3.45247e+006
1.78296e+006
4.18523e+007
335412
8829.33
1.58845e+006
250572
660960
1.1722e+007
38949.8
9.63091e+008
615491
19892.3
9.55353e+010
1.18964e+009
3.69486e+006
1.26286e+008
1.2938e+008
1.9743e+007
1.86215e+010
647523
1.89148e+007
877356
47436.2
7.71282e+008
1.22686e+010
2.36154e+006
3.42312e+008
5.87225e+007
3.06501e+009
47646.6
1.72469e+007
42316.4
1.55027e+007
4.12674e+006
1.15196e+008
3.06385e+007
6.36467e+010
983442
2.49215e+011
2.05803e+015
3.78246e+008
3.11478e+007
5.67529e+009
1.28154e+010
4.06666e+007
181786
2.71472e+010
141189
6.75698e+008
2.06123e+009
2.53702e+007
7.39267e+009
2.26354e+010
568592
6.14984e+007
3.18608e+010
1.36096e+009
2.79384e+006
566958
5.59871e+009
3.31468e+007
4.7691e+007
8.61405e+006
8.5259e+006
8.01832e+008
218721
2.05133e+008
2.34516e+008
2.1834e+006
3.29826e+010
3.93224e+006
7.04122e+008
26327.9
8.99898e+007
1.45747e+007
4.72622e+009
4.24653e+006
32677.6
662657
42669.7
160679
345121
109211
2.9948e+007
7.129e+007
2.22004e+006
1.64421e+007
2.07033e+007
1.31481e+007
1.59252e+007
151842
2.74294e+008
333415
1.37623e+011
589489
4.91844e+010
1.03615e+009
9.44709e+009
1.27857e+008
35641.4
5.57847e+007
3.06034e+009
2.44431e+012
3.23321e+009
1.39245e+006
8.95169e+009
319832
7.26069e+006
1.79525e+006
6.2474e+007
72644.3
3.20981e+008
5.36442e+006
2.96121e+006
7.62052e+006
2.60735e+007
1.5624e+006
239436
7.0611e+007
1.74859e+009
610364
46407
6.9906e+007
244338
2.83047e+006
5.76205e+006
2.17956e+007
1.28041e+007
298296
996969
923737
1.22846e+007
3.40239e+006
58291.1
8.02781e+007
2.32508e+007
5.2885e+011
1.61101e+008
16491.4
1.73467e+009
3951.81
3.04366e+006
1.31713e+006
2.44975e+006
3.06286e+007
79810.9
4.71746e+008
1.37849e+011
4.08553e+007
5.31665e+006
7.51236e+007
1.14051e+010
2.59042e+013
2.89128e+008
6.27857e+007
2.60904e+007
6.5072e+009
5107.17
3.5335e+006
15223.9
318990
4.7076e+015
58616.5
7.04997e+007
1.1013e+007
4.9955e+014
6.36348e+007
1.42094e+007
915481
1.06435e+008
1.87931e+007
5.58397e+007
51145
1.12488e+007
3.6887e+010
9.98328e+011
1.90172e+008
4.29305e+007
2.66693e+006
2.18104e+006
1.11145e+006
3.16185e+008
472926
9.62186e+009
1.67109e+007
2.0511e+010
4.9614e+009
1.26355e+006
1.07802e+007
1.46937e+007
305466
2.62074e+010
600009
1.90986e+006
2.4293e+010
68435.6
62232.9
1.49722e+012
1.23229e+007
3.38368e+007
8.22772e+010
755582
3.26927e+007
302887
1.50658e+006
392717
473645
3.4224e+008
5.07831e+011
9.3209e+006
2.23061e+014
7.71733e+010
675.843
6.17423e+008
2.16759e+006
1.78176e+006
2.94669e+006
761312
2658.62
3.47945e+009
1.12698e+006
4.39049e+008
469612
1.08828e+007
1.43012e+006
1.79013e+008
128574
220422
56312.9
1.40133e+006
3.20571e+007
5.16042e+015
1.00303e+007
1.3156e+006
107708
512161
5.38756e+007
1.88485e+008
1.8078e+007
497902
86892.5
116669
8.0197e+006
6.74989e+008
7.41002e+006
2.18634e+007
42114.6
2.47553e+008
2.62514e+014
778846
4.87141e+006
20329.3
364123
534308
2.59837e+012
1.86145e+006
3285.8
8.58278e+007
3.71688e+008
1.18623e+010
1.11804e+011
5.48677e+009
3.42991e+011
1.26224e+012
5.087e+006
4.81449e+008
110874
1.15679e+006
34542.3
2.77628e+011
4.50742e+006
484586
6.42643e+007
951385
10857.4
7.19356e+007
8.30403e+007
32881.3
1.44339e+006
1.18723e+008
4.54714e+007
4.63539e+007
3.22942e+008
196527
2.34715e+008
1.80839e+007
5.3927e+006
4.51866e+011
4.70706e+008
132630
1.31625e+007
1.06878e+008
2.62318e+010
29523
1.35835e+010
3.00531e+009
6.94129e+007
1.7278e+007
1.60572e+006
5.44742e+007
311718
1.08443e+007
1.43166e+009
1.3927e+013
374246
2.88067e+006
1.00224e+007
149474
1.20314e+008
44239.7
77910
3.03071e+006
7.37489e+006
1.55421e+006
950260
3.21145e+008
1.42768e+006
448249
4.08523e+008
77891.8
7.24404e+006
4.47103e+008
1.93936e+014
1.12156e+007
289117
1.09552e+007
1.25864e+006
1.3263e+006
44783.2
2.43166e+008
1.42161e+006
30556.7
154193
274536
6.50419e+006
2.91336e+007
2.14158e+015
472683
2.07777e+007
2.83292e+010
95264.5
2.52324e+008
3.52251e+006
33240.9
2.14117e+007
1.00211e+007
142799
1.76972e+006
7.91243e+008
727774
4.38211e+009
4.30842e+008
706948
1.01279e+008
2.41466e+010
34901.5
2.35207e+007
6.09174e+006
2.63536e+006
2.57969e+006
3.15444e+007
1.83277e+008
9359.81
2.19737e+006
9348.72
1.04448e+006
1.7583e+011
2.11202e+006
3.79441e+007
3.02341e+006
1.90871e+007
17371.9
192010
1.15299e+007
184692
47269.9
3.53007e+007
33270
7.7056e+006
786192
7.3106e+008
4.48218e+006
7.73912e+014
1.26763e+008
1.38507e+012
2.77196e+008
952372
167692
2.02241e+006
2.75541e+007
479321
3.8368e+008
56173.9
3.40435e+008
829011
5.17169e+009
764704
758975
1.8714e+007
486302
2.25226e+006
6.17037e+006
82615
8.33888e+006
2.78454e+007
30439.3
4.73541e+007
1.26684e+009
8.45497e+012
4.12893e+008
5.44152e+006
3.85029e+008
9.03757e+009
8.09086e+007
335676
1.11341e+007
109341
658590
254510
177186
8.19917e+006
9.89245e+010
478849
3.9064e+006
7.48355e+006
1.89958e+006
165792
1.43675e+010
4.72257e+008
1.0424e+008
139807
37367.5
2.76252e+008
158134
1.60327e+008
58108.7
500974
2.01109e+006
82818.3
178380
2.6432e+008
4.41811e+010
5.8608e+007
8.70458e+006
2.84956e+009
4.25962e+009
4.34394e+010
2.44799e+006
8.66701e+009
3.3174e+007
14201.3
8.71391e+008
1.32627e+010
9.20005e+007
173001
19136.7
9.85925e+008
1.22327e+006
4.94949e+006
1.68306e+008
8.35994e+006
2.75605e+006
1.72366e+009
601924
2.61791e+008
1.08277e+006
2.56209e+007
5.48303e+007
1.10251e+008
45511.5
3.04736e+006
2.94235e+010
131651
773349
1.42641e+012
2.02247e+006
1.45124e+008
8.9319e+007
2.9662e+006
43616.8
4.21697e+006
2.36009e+006
2.31021e+006
657104
800580
1.31908e+006
1.51218e+006
1.76757e+007
931574
10165.1
1.42116e+007
30817.1
292374
2.7505e+006
3.1357e+011
22133.8
4.3745e+007
2.9959e+006
193882
1.8074e+008
4.87224e+009
5.63984e+006
287092
8.9045e+008
4.9014e+010
936466
211097
1.31797e+009
242863
2.15556e+008
6.06252e+006
44129.7
1.14229e+006
1.91412e+008
4.15586e+011
2.03322e+008
1.9e+009
8.39841e+007
1.52173e+008
300810
7.94819e+008
5.44845e+008
1.36692e+012
2.91721e+008
1.59203e+006
2.30709e+007
540011
3.2733e+015
965302
4.29012e+009
3.76806e+006
1.31218e+007
1.54243e+006
2.87706e+006
2.16847e+006
93856.3
4.21222e+008
3.14228e+006
1.06594e+006
9.61767e+007
3.0885e+010
2.63017e+009
6.48843e+011
1.70247e+009
1.06181e+007
1.71124e+013
6.51209e+006
2.26906e+009
124244
2.28955e+006
2.27611e+008
1265.15
1.4819e+008
89042.9
4.23782e+006
7.51269e+006
1.199e+009
4.03468e+008
5.98766e+006
1.92884e+008
419343
1.65096e+008
8.98853e+006
2.08568e+008
3.27012e+007
7.84859e+008
1.75838e+008
2.96997e+006
22438.2
6.64064e+006
2.52195e+013
4.70326e+006
7.54245e+006
2.96253e+006
119386
2.32333e+006
1.37559e+006
1.78198e+007
39851.7
28903.4
3.04965e+011
7.37816e+006
1.3993e+006
8.9007e+010
103443
1.1702e+007
7.54365e+006
3.46459e+007
1.34599e+006
198681
46006.3
1.15476e+010
13903.8
2.19881e+012
3.3866e+006
738940
2.15356e+007
4.09198e+006
5.98397e+006
574217
9.6985e+007
1.90784e+010
3.448e+009
25303.7
4.99178e+008
2.89858e+007
159350
8.55731e+010
2.52264e+006
78081.6
1.15266e+006
1.00786e+006
386016
6.80181e+008
8.4954e+007
176675
1.32326e+009
2.04542e+009
8.27174e+006
3.19944e+006
9.78678e+009
2.0334e+006
4.38873e+006
5.06333e+010
247722
1.00742e+009
1.6398e+010
5.74177e+006
8.17033e+006
1.44643e+014
121838
6.49175e+007
9628.03
5.31517e+008
3.76056e+010
1.01052e+007
1.69612e+006
2.59428e+007
5.68287e+007
1.19555e+007
1.42174e+010
911560
7144.53
1.76123e+006
8.17311e+006
8.35774e+007
1.14632e+007
1.27837e+008
142636
2.48205e+012
55336.2
8.59726e+007
2.7978e+007
604593
260182
2.23994e+007
1.19744e+008
3.78922e+006
5.99322e+006
9.62606e+007
31195.6
602172
1.70653e+008
1.30151e+007
1.53012e+008
284997
722806
221591
2.11895e+006
114252
1.7433e+006
3.04144e+006
870318
1.55174e+007
1.15103e+007
9.02072e+007
331904
8439.4
2.06963e+006
1.52915e+007
2.22796e+007
1.07823e+007
51532.2
1.265e+006
1.07108e+008
2.26369e+006
1.58502e+008
1.70954e+006
4.57563e+008
17835.7
4.09382e+012
731649
5.3604e+006
395371
11436.8
3.54499e+010
5.08378e+007
611590
1.35243e+007
1.71195e+008
1.07803e+006
393384
2.79478e+006
1.09539e+009
7.11086e+007
525203
1.502e+006
14585.9
2.72035e+006
524070
4.16357e+006
1.34279e+006
1.34836e+006
1.29998e+008
7.52935e+009
9.22112e+006
498048
5.58809e+006
725611
3.83504e+006
1.48703e+006
1.22826e+007
5.62993e+006
1.48684e+007
5.35729e+010
8609.79
24152.1
5.62221e+006
1.46598e+006
2.74078e+008
1.62714e+008
3161.93
584065
8.98487e+006
4.91011e+011
42630.1
5.91875e+009
4.81254e+009
139743
2.35849e+008
3.59393e+008
786224
39996.7
5.35712e+006
3.29534e+007
1.61967e+009
21463.8
3.91884e+011
4.86468e+010
2.55717e+007
529836
9.15184e+008
4.1301e+007
2.90706e+006
8.58918e+006
1.60444e+007
1.18507e+006
2.9726e+011
4.1035e+011
4.58704e+007
2.46805e+011
30254.1
1.1825e+008
1.12681e+008
8.49786e+007
55267.1
1.16107e+006
7.6989e+007
1.46254e+009
3.22542e+015
385812
853291
2.58598e+007
2.81868e+008
595988
125805
1.57563e+006
5.71108e+006
210149
5.33938e+006
1.13521e+006
16034
4.65871e+009
3.86859e+007
1.11911e+009
4.31133e+008
2.07398e+008
4.49189e+006
1.10756e+006
2.58987e+006
62456.1
1.67012e+010
3.84966e+008
13760.4
87963.2
2.50704e+009
5.01061e+011
1.95846e+006
2.36639e+006
1.3177e+010
1.64417e+008
26480.2
460816
88903
471962
1.64654e+009
1.69793e+011
6021.93
1.16168e+006
329652
7.58815e+008
68184.4
203559
6.50625e+010
2.13864e+007
30416.4
296506
39427.7
8.6573e+010
4.0472e+006
1.6774e+006
70501
4.48458e+007
2.13652e+007
5.37637e+009
7.09974e+008
908104
838731
53268.3
9.9512e+007
2.44617e+008
611189
1.5353e+008
9.44518e+010
429758
1.67583e+006
1.46153e+008
8.78264e+009
5.50665e+007
1.38097e+006
32650.3
347437
3.43699e+008
1.42552e+009
1.45829e+009
1.20271e+009
1.0192e+008
2.24457e+011
2.8477e+008
1.31097e+006
2.11567e+011
382398
1.57885e+007
6.63203e+007
1.551e+008
3.23525e+009
8.98828e+008
5.34188e+006
2.0995e+006
5.91896e+007
1.15697e+006
8.25885e+006
2.17788e+009
792873
2.24546e+006
3.29429e+008
6.33946e+010
548275
2.45416e+006
8809.58
1.57716e+010
6.57409e+006
7.37995e+007
2.74643e+006
3.71087e+006
1.19467e+007
2.01839e+016
5.24185e+006
185617
509906
1.84369e+006
116475
1.31652e+006
2.80936e+007
618394
525664
4.32551e+010
1.94657e+006
2.5391e+006
4.32318e+007
1.18966e+007
50923.9
186137
1.66328e+007
591461
206363
4.72523e+006
7.07467e+006
4.87772e+008
1.32987e+006
3.13376e+006
34442
813006
2.48778e+008
6.10229e+009
6.77453e+010
9.13249e+010
177174
38670.6
6.22326e+006
565843
69514.2
5.37182e+006
3.49416e+008
7.79534e+008
2.04682e+009
5.45029e+006
183888
5.53629e+007
1.13066e+006
198253
7.82438e+010
1.56521e+008
7172.98
4.53269e+006
2.52592e+007
304090
73411.4
817982
17064.5
114771
221619
81046.7
584531
2.62225e+006
1.21315e+013
6.62807e+008
3.13372e+008
9.6568e+006
1.11222e+006
3.13773e+007
5.70879e+006
2.84139e+010
1.39968e+007
150897
8.41175e+007
5.24173e+008
2.48308e+006
163658
2.29404e+006
1.4875e+006
5.87504e+007
9.3552e+009
8.69623e+017
1.13612e+010
4.93478e+007
5.50889e+006
2.67667e+007
1.76591e+006
2.25593e+008
2.97673e+015
6.87757e+007
1.08168e+006
2.556e+008
5.4257e+007
2.24822e+007
2.43984e+007
123298
1.46446e+006
4.68985e+007
6.6332e+006
116895
163717
42117.1
4.51798e+006
5.0796e+008
3.0892e+009
5.36314e+009
947051
3.21385e+006
1.32662e+008
1.20223e+012
146197
9.65767e+007
2.86139e+006
1.05402e+008
2.62949e+008
795868
1.46594e+007
154026
9.23908e+006
6.11547e+009
193331
413967
1.53091e+009
518057
6.92732e+007
1.87359e+007
343109
709231
3.03208e+008
2.06103e+013
1.65314e+006
2.21097e+006
6.60352e+007
2.70285e+006
1.85956e+012
8.30513e+008
1.23916e+008
43349.5
1.66631e+007
4.62359e+009
1.90152e+006
6.57503e+009
150427
1.20225e+006
4.92942e+008
1.64837e+009
1.25596e+010
9.37064e+006
2.18667e+011
68127.5
7.80855e+007
1.87038e+007
37847.9
1.29848e+008
2.39312e+011
5.04316e+006
163939
4.58067e+012
7.38193e+006
4.79493e+007
1.34503e+007
1.59262e+008
287116
63670.3
1.12406e+012
3.8494e+008
124827
4.53627e+009
5.22569e+008
5.65701e+008
2.4609e+010
35800.9
2.15407e+008
2.46776e+007
9.08574e+006
7.38105e+008
30707.2
6.32673e+006
9.47697e+006
8.48307e+008
1.94976e+007
1.3518e+010
606969
2.03285e+007
7.78562e+007
1.38852e+007
1.26987e+006
92283.5
1.19503e+007
137412
12011.8
5.53388e+006
10396.3
5.88187e+008
1.01564e+009
7.67838e+006
2.55093e+011
1.08883e+009
6.93937e+006
2.06733e+007
1.07698e+006
22522.4
9.02584e+007
2.32036e+007
6.20701e+007
61564.9
4.20756e+009
5.50187e+008
686070
132825
119376
3.33313e+007
2.01139e+008
2.57136e+007
228389
1.55393e+009
4.14206e+008
2.18004e+008
4.24273e+011
75017.4
4.73689e+012
2.47062e+007
3.90414e+010
9.53181e+014
4.62214e+006
43285.7
576116
2.23624e+007
9.74554e+010
2.20447e+007
2.15246e+006
1.45091e+006
758240
59832.5
602341
