-95.1918
-89.9418
-92.0654
-91.9973
-90.3708
-91.7697
-95.565
-90.0679
-91.5204
-92.6082
-91.0699
-92.9572
-92.7743
-93.7345
-97.3488
-95.1131
-94.7018
-91.923
-88.9347
-95.2643
-88.0118
-93.784
-91.6373
-94.6372
4.00008e+006
-91.1999
-90.2235
-95.8928
-94.4185
-91.5176
-90.6743
-93.6752
-92.5507
-91.3049
-94.8666
-93.1168
-94.0535
-94.9978
-94.9621
-90.8499
-94.0285
-95.7485
-90.3035
-94.9097
-92.7783
-87.7027
-87.5731
-89.7526
-94.965
-91.7818
-93.2665
-95.7476
-93.7208
-95.4641
-92.0824
-93.7422
-95.7743
-89.7582
-93.3682
-92.8435
-93.5805
-93.0426
-94.2092
-90.2235
-89.3959
-93.4327
-94.2993
-90.0098
-95.1153
-91.7904
-90.1196
-92.1768
-89.5735
-91.2508
-95.9575
-93.6491
-90.5014
-90.8789
-92.223
-92.8539
-93.4236
-93.8755
-94.1549
404614
-93.6812
-88.6133
-92.2871
-93.6258
-92.0446
-91.5198
-92.1333
-93.8392
-91.5077
-92.5197
-92.2292
-93.7458
-95.8928
-91.6555
-91.0187
-92.2675
-91.7849
-89.5571
-95.7851
-94.3781
-91.9854
-88.4886
-92.9831
-95.8381
-94.6331
-93.2475
-93.2515
-90.3519
-94.2955
-93.3108
-93.2005
-88.0942
-90.2184
-94.0478
-95.8481
-90.3168
-90.8324
-93.1141
-94.5226
-89.9569
-92.6463
-90.5997
-91.3837
-89.4754
-91.206
-94.6393
-89.7441
-93.6589
-94.247
-89.865
-95.4404
-93.0708
-89.0107
-93.6039
-92.5786
-95.6467
-95.9498
-94.5139
-92.3308
-95.5743
-91.9259
-96.5167
-90.0547
-93.8961
-93.1878
-92.0532
-88.8365
-97.313
-94.3106
-89.8154
-91.7979
-94.1371
-93.4563
-95.8481
-91.0284
-93.9739
-94.962
-93.3439
-95.7152
-95.8763
-92.0112
-95.923
-94.2643
-93.1748
-91.5205
-91.9728
-92.8886
-93.0539
-93.6074
-93.5378
-97.3488
-90.9869
-89.95
-95.6822
-92.6507
-93.419
-87.363
-92.5368
-93.064
135165
-94.9981
-90.9033
-92.294
-95.9376
-91.9444
-89.3471
-96.5167
-95.5124
-88.6357
-88.5682
-96.5037
-92.075
-90.9293
-94.904
-93.4236
-95.6467
-94.904
-94.3614
-89.803
-90.9593
-97.313
-94.3179
-91.2655
-92.9894
-91.7605
-92.7412
-91.1776
-97.3488
-91.9901
-90.6573
-93.6162
-95.7904
-92.3503
-88.5099
-93.7768
-94.524
-94.133
-95.3964
-91.7902
-93.3752
-93.5264
-95.4404
-91.9124
-96.1464
-95.7743
-95.0241
-92.0869
-95.105
-91.7538
-94.3464
-94.0882
-92.2849
-91.007
-94.2376
-95.0912
-92.6444
-93.2933
-95.0595
-94.6362
-91.2322
-95.1503
-94.6559
-89.835
-92.4054
-94.78
-92.3919
-90.6238
-90.7715
-92.6236
-89.6924
-92.8314
-92.3573
-90.8424
-92.305
-94.1544
-92.9892
-94.0045
-92.1267
-88.1754
-93.431
-90.2255
-97.313
-93.4602
-92.7432
-94.0845
-95.6296
-90.688
-95.4982
-93.6842
-93.7595
-94.5016
-85.6339
-92.3899
-94.6234
-93.2009
-93.3942
-94.6027
-87.8449
-90.884
-89.0564
-96.2387
-93.943
-94.0961
4.76204e+006
-95.5124
-91.2659
-92.8579
-91.5913
-92.2409
-95.923
-91.8404
-87.6146
-96.4232
-94.7814
-90.511
-93.4705
-92.4864
-94.8184
-91.6913
-91.0812
-91.3129
-90.4474
-89.1594
-93.191
-93.0941
-90.0333
-95.4906
-95.6733
-89.9745
-91.5868
-94.3413
-87.4952
-96.5037
-91.6467
-89.7055
-94.6331
-94.0845
-84.1065
-92.2429
-93.5706
-93.8929
-89.7013
-92.8626
-91.9522
-90.9213
-91.4849
-92.3888
-90.5141
-92.5296
-93.9538
-95.1481
-91.3684
-95.154
-92.0041
-90.6501
-93.2981
-93.407
-94.9948
-91.452
-93.8483
-89.5289
-91.6886
-92.23
-93.9031
-92.6408
-92.8878
-91.4634
-89.2117
-92.2465
-90.3065
-90.641
-92.2118
-96.5167
-91.1428
-94.7904
-92.4073
-89.3058
-92.5667
-91.6106
-92.5808
-92.5915
-93.3349
-92.1684
-92.095
-95.7743
-95.0888
-92.0891
-91.051
-94.1549
-95.7152
-91.8415
-92.5654
-92.0569
-93.1345
-92.7399
-91.5759
-96.5167
-92.2352
-95.7904
-89.6443
-92.2473
-91.1046
-92.2322
-94.5958
-94.4029
-90.71
-92.3284
-92.6965
-95.0719
-93.4758
-94.7235
-93.7935
-91.7047
-94.9659
-91.5515
-91.9221
-95.5496
-94.7318
-90.711
-92.7096
-93.4567
-93.1617
-91.3539
-93.1177
-95.6467
-92.1973
-95.9376
-88.7904
-92.5351
-91.1743
-91.2328
-93.2075
-93.7141
-91.428
-93.8129
-94.7677
-91.8389
2.38705e+007
-91.9272
-94.026
-91.9919
-90.1971
1.69142e+006
-94.3716
-93.6907
-94.7456
-94.6346
-89.7098
-94.9181
-91.2268
-94.7456
-91.1299
15337
-95.8481
-91.634
-93.2353
-92.8067
-92.9817
-89.0957
-93.0547
-92.7216
-91.5845
-89.8636
-89.8498
-91.5548
-92.3082
-90.3466
-92.988
-93.4184
-93.3579
-93.723
-93.7554
-92.7218
-91.9741
-96.5037
-90.1946
-92.3633
-92.4211
-92.064
-92.0877
-94.2104
-95.923
-91.0942
-93.8503
-91.1403
-97.3488
-91.393
-91.9501
-90.6761
-95.6451
-91.5239
-93.913
-93.708
-92.6512
-89.1265
-93.0538
-89.8193
-93.6133
-96.4232
-88.0367
-93.7168
-87.927
-90.9014
-94.5468
-93.8173
-88.169
-88.9438
-91.4539
-92.6849
-95.8381
-94.8742
-92.7361
-92.4782
-93.4119
-91.3764
-94.071
-89.7821
-94.6416
-90.7781
-93.3548
1.00106e+006
-91.4509
-90.7121
-90.6016
-92.0334
-92.833
-96.2387
-90.6855
-90.021
-97.3488
-93.5121
-93.5651
-92.6764
-91.9202
-97.3488
-90.8824
-92.1045
-90.0585
-96.2387
-94.3959
-95.253
-89.7922
-91.8767
-94.0677
-90.3817
-94.4171
-94.2115
-90.5839
-89.8663
-90.1034
-88.9382
-93.7757
-90.3625
-92.6804
779601
-90.058
-93.9814
-86.3681
-93.0883
-92.7967
-92.4561
-91.3665
929057
-92.2565
-91.1782
-91.4195
-91.611
-93.185
-95.181
-92.1739
-95.565
-94.296
-91.8906
-93.7113
-91.2475
-90.9691
-94.4072
-95.154
-91.655
-92.5458
-92.48
-89.5513
-94.1841
-91.0179
-93.5847
-92.6574
-89.1589
-91.7729
-93.0588
-93.2009
-92.2071
-95.9376
-88.5505
-90.3885
-90.3691
-95.0029
-92.1875
-94.8483
-92.9262
-88.1317
-92.23
-91.7945
-91.8319
-90.8968
-95.7851
-92.1259
-94.6746
-92.1643
-94.1248
-95.0737
-91.3749
-93.588
-90.8788
-93.9345
-90.5335
-94.1426
-94.3197
-93.2194
-93.411
-96.2387
-92.3329
-93.8451
-92.725
-93.282
-90.5295
-94.0743
-91.8549
-91.8161
-94.5237
-94.0204
-90.035
-93.4803
-95.0674
-90.6146
-90.0176
-92.7684
-89.8457
-91.4404
-90.1491
-97.3488
-93.4941
-93.897
-96.3044
-92.5252
-93.5609
-95.6508
-97.313
-92.3
-90.0503
-94.0753
-91.3959
-92.4509
-96.5167
-95.9376
-93.2628
-95.7904
-93.7208
-93.8316
-92.5792
-93.7277
-96.1464
-92.4705
-87.4156
-91.3104
-92.432
-91.8056
-91.8316
-92.3623
-88.8138
-92.6561
-92.0122
-94.9269
-91.9639
-93.4765
-94.9382
-90.805
-95.8381
-93.1822
-94.4136
-89.496
-94.2501
-93.0179
-92.4624
-94.0263
-92.0088
-95.1153
-95.8618
-90.5008
-93.4224
-96.3044
-91.7464
459020
-91.5501
-92.9485
-92.776
-94.0045
-94.184
-90.597
-93.5612
-89.3414
-91.7035
-92.0833
-90.2765
-92.9617
-90.8762
-88.7791
-93.0627
-89.2156
-96.3044
-94.7986
-90.7651
-92.6793
-95.1346
-91.8133
-90.3862
-94.3019
-90.8999
-97.3488
-97.3488
-94.2701
-91.3406
-97.313
-94.3018
-92.2692
2.28349e+007
-94.3565
-91.4663
-90.6089
-92.5473
-90.3021
-96.5167
-87.986
-93.2367
-94.2454
-91.1169
-95.8928
-95.4487
-93.0664
-90.5601
-85.5698
-91.7707
-90.0952
-94.4083
-92.5107
-90.9745
-92.4812
-89.872
-92.8457
-93.3619
-88.5695
-93.4567
-96.3044
-90.8526
-93.6643
-95.9376
-89.3344
-93.0044
-90.6953
-92.4273
-95.0023
-95.8618
-95.8618
-95.8618
-90.6797
-94.811
-89.0792
-90.9729
-95.0743
-93.947
-94.9667
-93.4516
-94.2114
-95.7152
-90.8629
-94.314
-93.851
-92.1145
-95.7904
-88.3589
-94.3053
-92.6068
-89.8795
-87.3467
-97.3488
-94.0653
-95.0437
-88.6697
-92.4209
-90.254
-92.4823
-91.7722
-92.6974
-93.5328
-90.0184
262246
-94.4463
-91.7355
-96.3044
-91.8785
-91.7284
-93.8403
-93.5208
-93.7206
-92.7081
-90.5076
-90.9176
-96.5167
-92.0535
-96.2387
-92.6952
-95.8381
-93.0179
-92.569
-94.0468
-94.7467
-92.3021
-91.2759
-90.8123
-89.5551
-93.6908
-91.7137
1.6346e+007
-96.3044
-92.8778
-93.3706
-95.4259
-93.5218
-90.626
-91.5102
-91.2099
-92.2144
-91.4767
580843
-88.3102
-94.8666
-93.41
-91.6219
-94.6565
-94.4687
-97.3488
-93.9237
-91.8975
-91.9348
-89.9032
-93.3164
-92.2922
-79.0854
-94.2535
-93.0517
-94.4191
-91.1358
-88.2628
-92.1741
-90.4091
-94.0723
-90.9963
-91.3759
-89.8071
-94.4982
-96.4232
-93.4253
-91.0223
-94.7318
-94.0646
-90.2903
-95.5124
-91.8834
-93.7204
-93.965
-92.1989
-94.026
-92.418
-95.6296
-95.6296
-94.962
-97.3488
-92.9897
286222
-90.6591
-95.4404
-92.4622
-92.1143
-92.8798
-91.688
-88.9731
-94.0527
-93.2318
-91.0935
-94.3446
-92.9197
-91.6862
-92.0456
-93.7355
-91.577
-93.0094
-95.0221
-93.5409
-90.9351
-91.6846
-93.9794
-91.7959
-90.5292
-95.9498
-92.5781
-88.9349
-90.8409
-95.2726
-95.1481
-94.0557
-95.9457
-87.3667
-88.9351
-95.7476
-93.6212
-96.3044
-93.9814
-91.2149
-90.541
-93.8298
-92.8055
-95.2157
-94.4471
-92.4166
-97.3488
-90.8425
-90.1217
-89.7494
-90.7966
-94.9572
-95.9376
-90.35
-93.3571
-95.4674
-93.6978
-89.9934
-93.9424
-94.2846
-96.5167
-93.1754
-91.3684
-89.3982
-94.6108
-89.9408
-90.2586
-89.1157
-92.5526
-93.6817
304901
-94.3323
-96.2387
-87.4235
-91.9928
-91.085
-92.8657
-90.4007
-95.2462
-92.4948
-91.1403
-91.6183
-90.308
-94.3964
-91.8303
-92.0891
-95.1805
-92.411
-95.6822
-92.3489
-92.3127
-94.2099
-93.2666
-87.9782
-94.2099
-94.1112
-94.4394
-91.496
-95.0527
-93.1588
-93.4714
-94.1414
-90.9958
-89.8408
-89.9701
-92.3993
-94.0283
-89.844
-94.2031
-93.2749
-90.0959
-93.2129
-89.8727
-93.8346
-89.5003
-92.3293
-94.3754
-92.9733
-93.4707
-93.1909
-88.9643
-92.7311
-92.8577
-93.0832
-94.1742
-93.6628
-92.4905
-94.7453
-93.6293
-94.3133
-94.0185
-94.9909
-92.975
-91.782
-93.43
-92.8507
-94.3454
-89.8495
-89.3611
-95.4982
-94.6198
-95.2643
-94.0743
-90.8784
-92.659
-91.8647
-94.412
-92.8094
-95.9376
-92.2588
-94.4709
-93.286
-92.7912
-91.4394
-88.1631
-94.7453
-89.8013
-91.2234
-91.7403
-94.6841
-94.0557
-88.4296
-92.4135
-91.5825
-92.0635
-94.0999
-94.4535
-94.3565
160316
-91.2025
-95.7152
-92.1111
-93.9796
-96.2387
-96.2387
-94.5369
-94.9621
-93.4711
-88.8906
-94.5124
-92.589
-92.5646
-92.6052
211003
-96.3044
-90.5504
-91.1962
-92.3777
-91.4385
-96.5167
-92.2537
-91.1168
-93.4253
-94.4471
-93.5328
-92.5118
-95.6467
-94.2307
-93.6978
-90.8696
-90.8249
-95.4674
-92.3038
-90.8754
-91.0655
-91.7495
-90.1471
-95.4906
-95.7904
-93.2005
-89.6933
-92.9206
-92.7391
-95.6467
-94.4191
1.35078e+007
-92.455
-90.8647
-92.3014
-97.313
-94.3368
-94.4839
-94.5188
-92.0848
-90.9163
-91.0636
-95.6296
-91.9243
-95.7152
-94.1927
-92.8287
-92.5465
-88.5181
-95.7152
-93.6807
-94.4657
-94.655
-92.067
-96.5037
-95.7152
-90.9088
-92.4386
-95.923
-91.806
-94.4456
-94.2361
-92.6025
-92.8887
-92.6541
-92.8171
-92.2
-90.928
-89.2144
-97.313
-90.9713
-95.2726
-93.5571
-94.4864
-94.0404
-96.2387
-93.1886
-93.0859
-95.0221
-88.2216
-91.5032
-93.8779
-90.9398
-95.2437
-93.3867
-92.5186
-92.7745
-90.6388
-91.7839
-95.7904
-86.9711
-87.0157
-92.493
-91.2115
-90.0337
-95.6266
-92.5591
-93.1565
-91.6628
-90.1261
-96.5167
-88.8594
-90.9167
-89.5602
-93.3363
-91.6447
-94.5237
-94.4083
-90.1579
-91.5597
-91.8558
-91.6789
-94.5889
-91.2955
-92.2927
-91.7228
-93.2942
-94.0204
-88.3828
-97.3488
-93.019
-95.8928
-91.3786
-94.1357
-91.8417
-90.4421
-90.2775
-93.2387
-91.3264
-91.64
-90.943
-90.9156
-91.703
-93.345
-91.7105
-87.1374
-95.2643
-91.5554
-92.0205
-94.2973
-95.2726
-91.1952
-92.226
-93.8548
-93.7405
-91.6194
-91.5514
-94.5251
-90.6473
-92.8212
-94.4257
-86.3703
-92.9668
1.62382e+006
-92.0854
-93.4536
-93.1689
-92.3808
-94.6692
-92.8217
-91.5614
-96.3044
-91.0291
-88.7651
-91.2897
-93.7134
7.05017e+007
-93.0703
-89.7024
-92.0953
-93.7632
-90.2966
-92.6632
-89.7438
-90.5806
-92.3491
-92.5071
-94.0701
-93.4329
-93.8826
-94.7671
-94.1139
-94.0157
-92.364
-95.431
-94.1257
-95.4487
-92.7994
-92.8936
-92.9107
-89.1528
-94.7235
-93.2634
-92.4801
-91.1794
-96.5167
-95.7904
-93.33
-90.1614
-96.2387
-93.326
-94.4942
-93.4693
-93.9503
-95.9376
-97.313
-90.8676
-93.0692
-94.9774
-93.0207
-94.7456
-92.721
-95.2353
-87.414
-89.3147
-92.9053
-95.4259
-93.3007
-96.2387
-92.2481
-92.4853
-92.5506
-92.1943
-91.5359
-95.7152
-92.3006
-95.154
-92.2768
-94.6393
-93.554
-90.0411
-96.1464
-96.3044
-93.3649
-87.6083
-93.1155
-95.9575
-92.4483
-93.0405
-93.7768
-91.2891
-90.8567
-90.9118
-95.0023
-95.0743
-92.7106
-91.4509
-91.9034
-91.2063
-95.2726
-91.2555
-90.2383
-94.259
-91.1017
-91.0658
-91.6076
-94.4347
-88.822
-91.9361
-91.7004
-90.7305
-87.8481
-90.8325
-92.9888
-88.9484
-90.6439
-95.8481
-92.691
-92.5218
-95.7485
-94.3448
-94.7456
-94.2003
-93.4332
-93.3844
-93.1555
-93.42
-91.9806
-95.1198
-92.8572
-91.5295
-90.7577
-90.5804
-95.4259
-93.3595
-91.351
-90.7634
-90.0435
-92.6467
-93.996
-93.7871
-91.4213
-90.0352
-93.3787
-92.1643
-90.2565
-90.4492
-92.4976
-91.3047
-92.8166
-91.6813
-93.6134
-95.9575
-97.3488
-89.9082
-87.6223
-92.6032
-95.4884
-91.9895
-94.8296
-88.3123
-90.0229
-89.9309
-92.8924
-91.4731
-93.4863
-90.3566
-91.7321
-87.6308
-89.3079
-94.8308
-94.0394
-93.049
-90.0125
-90.8005
-91.1595
-93.4443
-94.676
-95.7743
-90.2355
-91.3459
-90.375
-91.0153
-95.0888
-93.1487
-86.5383
-95.4404
-91.6307
-93.8243
-93.413
-92.2006
-91.5403
-91.3106
-95.5124
-89.8587
-94.7235
-95.5496
-93.4763
-93.909
-95.9457
-93.6207
-88.4609
-97.313
-95.4377
-94.9667
-91.3974
-94.962
-93.6845
-93.2239
-97.3488
-93.3888
-94.4171
-84.337
-97.3488
-94.8933
-94.0979
-95.8481
-91.1852
-89.1548
-90.7604
-92.2997
-91.3467
-90.8557
-95.5743
-89.9057
-94.1508
-92.1739
-94.3092
-88.2414
-90.7306
-94.5016
-97.3488
-93.2848
-90.1943
3.07515e+007
-88.8895
-93.4921
-95.154
-94.3235
-92.3687
-93.4008
-91.5851
-97.3488
-95.0045
-90.2906
-88.5218
-89.693
-94.8841
-90.4971
-91.3572
-92.1561
-94.4525
-93.3889
-94.524
-94.7677
-88.3949
-93.3064
-92.9463
-88.3719
-91.5504
-93.8268
-92.5267
-92.022
-93.2801
-93.2597
-90.8873
-90.8364
-90.5783
-91.0085
-92.8579
-95.0221
-94.3632
-94.9382
-93.2267
-97.3488
-91.9035
-91.3298
-93.0514
-93.1379
-90.9072
-90.7104
-91.5448
-91.9244
-95.7743
-91.8347
-92.9911
-92.9849
-89.4075
-96.5037
-93.6817
-91.153
-91.0882
-93.3927
-93.0439
-90.7097
-94.0286
-90.9479
-94.2196
-91.2806
-93.0514
-94.3485
-92.7099
-91.9414
-94.3705
-90.8642
-92.3612
-94.5883
-95.9376
-93.7632
-94.0882
-93.1146
-93.1339
-91.8431
-92.0751
-90.7325
-90.6706
6.2595e+007
-95.1128
-90.9086
-92.9332
-94.026
-92.0304
-95.565
-94.2391
-91.6077
-90.9897
-92.3349
-90.8755
-92.8778
-92.4175
-93.586
-89.7542
-93.3405
-93.7965
-94.9181
-95.6733
-96.2387
-92.8809
-90.8846
-90.5039
-92.6949
-91.8976
-95.0886
-95.431
-96.3044
-95.2727
-90.6917
-90.4849
-91.3938
-91.9857
-94.3256
-94.5188
-91.1248
-92.1902
-94.4119
-94.6027
-93.3423
-94.524
-94.4722
-95.0743
-91.6544
-92.7286
-94.1892
-91.7406
-91.3922
-94.7318
-88.7181
-95.0672
-95.4674
-95.6207
-94.9659
-94.5488
-92.3039
-94.3407
-93.6024
-92.7495
-89.3722
-91.8416
-95.0706
-88.7099
-93.1653
-91.9845
7.30436e+007
-93.8444
-90.0025
-94.0055
-92.1945
-91.6318
-93.1849
-90.0771
-89.5859
-92.0777
-95.9457
-85.4313
-92.6878
-95.1503
-97.3488
-92.4257
-90.2314
-91.1011
-92.2026
-91.4792
4.62972e+006
-93.7666
-92.3489
-95.2157
-93.5889
-94.3681
-95.0231
-95.6467
-94.315
-89.6443
-90.8385
-91.5903
-91.2441
-87.2597
-91.1643
-94.4191
-92.2566
-93.6434
-94.6565
-92.8164
-95.8763
-93.4203
-94.3948
-96.5167
-95.0511
-89.9421
-92.915
-92.0151
-91.8323
-91.829
-94.0248
-89.4949
-92.8197
-91.4825
-91.1778
-94.2142
-92.8517
-93.4451
-92.9673
-91.4307
-93.1673
-94.5243
-95.7485
-92.7552
-91.6839
-93.3507
-95.4487
-95.3964
-91.9232
-92.8832
-93.5281
-92.8712
-90.4689
-92.173
-90.4631
-94.78
-92.7172
-91.7072
-94.3981
-93.4305
-92.0074
-93.425
-89.8762
-89.6185
-91.4541
-92.8809
-93.6768
-93.5412
-92.3401
-94.5369
-93.583
-93.6178
-94.5869
-91.8708
-90.6697
-91.3807
-97.313
-90.8666
-91.7653
-90.7229
-90.0083
-89.3828
-88.8786
-91.0004
-88.3409
-94.3232
-93.1345
-91.9469
-91.6195
-93.4795
-92.4646
-95.7463
-91.6664
-91.8255
-94.9621
-97.3488
-89.3771
-89.8288
-95.7152
-91.4221
-92.2212
-92.3779
-89.6197
-93.4829
-93.1095
-95.2396
-89.0601
-93.108
-94.3999
-96.2387
-86.8855
-87.7437
29430.5
-90.6843
-94.0347
-95.0888
-90.462
-92.7709
-91.497
-89.1472
-92.9014
-95.2396
-90.3016
-94.9269
-93.2081
-90.5439
-91.2356
-92.9295
-94.7533
-93.2741
-95.923
-95.1145
-94.9667
-92.5714
-94.6393
-93.0627
-94.8308
-92.5768
-91.3692
-93.0707
-92.45
-94.315
-91.5307
-96.5037
-93.934
-90.1464
-92.9006
-95.0706
-93.1965
-90.8123
-89.571
-92.4064
-93.6898
-95.2353
-90.2966
-88.6143
-93.2116
-92.2087
-94.7874
-86.6143
-89.5233
-90.6865
-92.1099
-92.4456
-91.5832
-92.8137
-88.4436
2.37826e+012
-92.1078
-95.565
-94.8483
-87.7473
-93.059
-92.2153
-95.6266
-92.2381
-93.9212
-94.9948
-92.6157
-94.7129
-93.1761
-91.7933
-89.6268
-90.7196
-94.8606
-90.7668
-93.673
-89.8695
-92.0005
-95.8481
-94.8933
-92.5487
-92.8243
-95.1075
-95.0743
-95.0674
-94.2987
-87.4279
-91.8491
-93.4281
-93.3707
-93.897
-93.41
-95.8381
-96.5037
-96.2387
-90.6905
2.41814e+006
-92.4424
-93.5432
-91.2668
-92.2022
-92.4422
-94.2173
-90.6492
-93.0262
-88.7706
-94.5369
-92.9431
-92.183
-93.5651
-91.8003
-92.3058
-85.0607
-90.5668
-93.0766
-94.01
-89.1987
-91.1527
-91.7568
-93.249
-92.7934
-91.6459
-91.0115
-93.1661
-95.825
-90.2621
-95.1145
-97.3488
-90.5245
-93.1373
-94.2959
-90.7529
-93.0771
-90.0517
-95.6508
-91.1691
-89.9093
-92.4306
-94.3647
-94.2643
-97.3488
-92.5382
-92.9767
-95.9575
-91.692
-93.6905
-95.6296
-92.8345
5.56539e+008
-88.1293
-93.9793
-95.7476
-90.2032
-95.5039
-95.4404
-92.7424
-95.1503
-93.8803
-95.6451
-93.3475
185488
-93.2597
-93.4376
-94.1697
-94.8933
-92.0223
-95.5069
-94.1152
-91.9833
-93.0722
-94.3553
-96.5037
-88.5221
-92.6354
-93.9392
-93.0624
-95.8481
-90.9911
-90.594
-95.7485
-91.8176
-92.9476
1.62975e+008
-95.7904
-94.6889
-95.7904
-95.5496
-94.0535
-91.9256
-93.417
-90.7676
-93.0844
-90.3611
-92.279
-92.6194
-93.7835
-93.5432
-93.0464
-89.6482
-93.9212
-94.739
-89.1212
-93.8826
-89.4201
-94.6346
-92.0232
-93.8324
-92.6865
-90.9473
-94.7568
-90.8866
-90.9475
-93.3571
-88.7936
-93.6168
-92.5532
-91.004
-92.9148
-93.8141
-93.1766
-94.4839
-91.0688
-94.6393
-90.4512
-91.7155
-92.0292
-92.9006
-93.959
-93.6354
-90.2469
-95.8381
-90.5762
-93.9237
-94.4349
-95.1272
-92.8473
-95.431
-93.3023
-93.6319
-92.2156
-95.0674
-91.0396
-92.8968
-92.6172
-94.172
-94.5159
-93.4005
-88.8474
-92.202
-94.015
-86.4682
-96.2387
-93.7807
-92.9298
-91.6998
-95.1854
-91.866
-92.4813
-95.088
-93.1655
-93.1566
-95.1918
-90.6852
-90.6384
-95.9457
-90.6268
-92.8737
-92.7311
-91.4808
-85.8075
-86.4557
2.63929e+007
-96.2387
-90.4693
-93.8276
-92.0501
-90.7103
-88.5138
-90.0297
-90.9179
-90.1816
-88.6242
-89.7909
-93.5473
-94.1317
-95.0719
-93.2546
-92.7956
-95.6822
-95.2157
-90.8456
-93.8081
-93.747
-92.832
-94.4347
-90.8792
-90.6842
-91.0948
-90.952
-90.4013
-87.7839
-94.2022
-89.0989
-91.6854
-93.4688
-94.0333
-96.2387
-95.9457
-95.5069
-94.9382
-95.0719
-88.0496
-91.8468
-92.9066
-93.3752
-90.4309
-92.4768
-93.8134
-92.7893
-93.8755
-92.0838
-95.431
-93.4899
-94.1446
-94.7539
-92.0961
-94.4347
-91.82
-92.3723
-95.6451
-94.0723
-94.4687
-87.1986
-93.6825
-92.1787
-90.2215
-91.013
-96.5167
-89.7316
-93.8436
-89.3403
-93.4633
-91.0957
-96.5167
-91.6679
-92.144
-92.3087
-92.748
-92.4697
-90.6955
-96.5037
-94.8606
-92.5327
-91.1041
-93.4958
-93.5449
-93.6074
-94.7874
-91.1023
-94.7568
-89.5109
-89.5152
-94.4072
-94.7129
-94.1112
-92.2152
-95.6296
-88.6739
-94.1682
-95.8763
-91.8558
-90.4565
-94.965
-94.4211
-92.7421
-91.7151
-94.4405
-92.8328
-90.1709
-94.1337
-93.8746
-92.054
-94.3367
-93.3279
-94.7235
-93.9992
-93.8771
-92.9861
-90.8784
-94.5159
-94.4348
-96.5167
-91.8586
-89.2276
-93.6659
-94.6083
-92.203
-95.0386
-91.1081
-92.947
-91.6581
-95.565
-89.2367
-93.1825
-94.0214
-93.784
-91.9454
-90.7589
-92.4019
-97.3488
164139
-95.0386
-93.41
-92.508
-94.0567
-90.3143
-93.1464
-91.6234
-95.2157
-95.0483
-89.1777
-95.7485
-93.4243
-92.1224
-92.7433
-92.5151
-86.7711
-94.5251
-94.9547
-94.5243
-94.1927
-97.3488
-91.5458
-88.8013
-93.7703
-90.7131
-92.6101
-88.0878
-94.4338
-93.8243
-92.3685
-94.4018
-90.6204
-92.7684
-88.342
-94.7453
-94.4908
-93.4534
-93.7428
-93.7223
-94.3056
-93.5605
-92.0946
-94.663
-92.3573
-93.2401
-91.337
-91.1854
-95.6467
-94.4544
-94.6083
323869
-92.594
-95.8763
-97.3488
-94.985
-90.7643
-91.5305
-92.8931
-95.7152
-91.8673
-93.8869
-93.1925
-91.1238
-93.013
-91.6021
-94.3323
-94.1859
-94.9889
-94.177
-89.9526
-95.7904
-95.0886
-89.5392
-95.105
-94.1623
-91.6371
-92.044
-96.5037
-88.5953
-89.8398
-91.6301
-93.2609
-92.6111
9.99846e+008
1.96725e+006
-95.2437
-94.0567
-95.4801
-94.1056
-95.4801
-93.8797
-90.4585
-94.739
-93.5266
-91.6091
-91.3875
-94.8995
-94.6382
-94.351
-91.9964
-92.1279
-94.6335
-94.6304
-94.0527
-92.6361
-92.0127
-91.9514
-89.5636
-92.1607
-95.4801
-92.5464
-90.8587
-92.5003
-91.0118
-97.3488
-93.6687
-89.5929
-95.7152
-93.6768
-91.4772
-95.3964
-93.0856
-94.0125
-83.2827
-97.3488
-94.7256
-94.5911
-94.3256
-92.1255
-95.0511
-89.7058
-92.2629
-92.8292
-93.5909
-94.2937
-94.1549
-91.8988
-94.3646
-92.3779
-92.4982
-93.5358
-90.7256
-90.9323
-90.2603
-90.4512
-93.0762
-91.5571
-91.0013
-91.6858
-96.3044
-90.5797
-91.179
-94.9667
-91.9755
-94.3106
-92.6788
-94.8
-92.1398
-88.3497
-93.19
-95.6451
-92.8026
-95.7743
-94.133
-93.8392
-91.0808
-93.8324
-91.2673
-90.2771
-93.3781
-94.0418
-89.6538
-90.9493
-93.1636
-91.6699
-88.2151
-89.5358
-90.7291
-94.9382
-92.5878
-91.9088
-93.6091
-91.5732
-92.5828
-92.4483
-91.3933
-90.0402
-90.8748
-90.3093
-93.959
-92.994
-87.4939
-94.8639
-89.7083
-90.4794
-92.042
-93.7431
-96.2387
-91.8246
-93.3913
-90.5612
-93.8117
-93.4802
-90.2414
-90.0594
-92.5563
-88.7633
-94.5841
12865.3
-97.3488
-91.0134
-91.9882
-95.4404
-91.3705
-87.3471
-93.0717
-94.8933
-93.3915
-92.5813
-91.2027
-93.965
-94.7453
-92.6008
-91.4957
-95.8928
-94.1835
-93.1435
-95.6822
-92.8582
-96.5167
-92.3023
-93.1123
-93.7072
-83.5368
-92.7139
-94.2676
-93.3507
-95.8763
-94.5243
-91.5006
-94.2397
-95.8381
-91.51
-95.6207
-95.4674
-95.4884
-90.0214
-91.6215
-93.6759
-96.5037
-93.7216
-89.8917
-89.6723
-91.2102
-91.7741
-88.2203
-91.5061
-92.1767
-92.8075
-91.3212
-93.2602
-92.0472
-92.7817
-93.3132
-93.3615
-91.9654
-95.7476
-93.9061
-94.2516
-92.13
-89.9605
-94.843
-94.6108
-90.638
-86.6422
4.49868e+006
-92.0605
-92.417
-92.5987
-93.2809
-91.4592
-93.0444
-91.9882
-90.781
-93.0587
-93.2549
-90.911
-93.9056
-93.2442
-93.5027
-51.555
-93.2224
-92.5378
-93.586
-90.1932
-88.3951
-92.7696
-93.407
-91.7677
-88.3129
-89.6607
-91.688
-95.7904
-90.8708
-92.6304
-90.4306
-91.8878
-92.3892
-94.4722
-95.7851
-94.5889
-96.2387
-89.8747
-89.1877
-95.0886
-95.8928
-94.0204
-90.5368
-94.5163
-94.5522
-92.7289
-94.5016
-95.8618
-94.2397
-89.4437
-91.3499
-92.2528
-94.5841
-92.6318
-91.34
-95.5496
-96.5167
-91.4909
-90.4984
-95.5069
-93.0885
-92.2636
-91.0749
-95.7904
-92.5483
-93.407
-94.2404
-93.4473
-94.811
-94.9659
-90.18
-93.3045
-92.8725
-90.147
-86.8246
-95.0888
-86.8936
-92.2578
2.17145e+006
-92.7738
-89.8849
-94.4028
-94.3264
-91.1261
-97.313
-95.1805
-94.2968
-86.6259
-91.2228
-93.3706
-93.1794
-92.7822
-94.621
-93.1431
-90.8482
-92.7745
-95.9498
-95.0674
-91.8409
-91.1828
-94.2516
-93.5123
-94.6698
-94.4282
-92.4444
-89.2697
-89.1869
-88.7494
-95.2727
-88.5724
-90.9677
-94.8422
-95.8381
-91.1335
-93.1925
-93.663
-91.3563
-91.9859
-94.3776
-96.5167
-94.4347
-92.7137
-92.9844
-93.0644
-89.3435
-91.2826
-92.1955
-92.5501
-90.3374
-87.4558
-93.8243
-90.9999
-90.231
-92.8183
-94.8577
-92.6381
-95.9575
-89.8124
-91.8691
-92.2335
-92.9567
-92.3357
-92.9911
-89.9733
-91.8382
-90.7098
-91.6073
-90.5286
-91.2687
-94.7467
-91.8287
-95.8928
-94.8995
-93.4337
-93.2541
-94.7909
-91.081
-94.4471
-92.9062
-89.1442
-91.3833
-93.759
-93.4177
-89.5289
-93.9237
2.24229e+006
-91.1534
-97.3488
-95.6296
-95.7743
-94.0646
-89.6084
-94.1249
-90.9174
-92.3239
-91.7863
-93.1246
-91.474
-89.4776
-96.2387
-93.6274
-95.1153
-94.1291
-90.3538
-94.6234
-92.8404
-93.0179
-87.5948
-93.6898
-92.1687
-95.9575
-94.348
-90.3106
-92.8173
-93.2992
-94.4657
-94.0618
-91.8623
-90.2295
-92.2874
-93.149
-92.6816
-93.4495
-93.0731
-91.8019
-95.5743
-94.9621
-93.6464
-88.8358
-92.7965
-90.5816
-93.962
-87.3705
-95.0737
-94.6889
-94.5593
-91.4277
-89.7971
-93.2883
-90.9923
-87.7095
-89.9238
-90.158
-95.5124
-94.0303
-93.1655
-90.1815
-94.4018
-91.7264
-94.1835
-95.9376
-94.6877
-91.5345
-94.6346
-93.0731
-89.9438
-92.9055
-92.0476
-95.5743
-92.9234
-94.8342
-92.7158
-91.3514
-87.6188
-93.9794
-94.3368
-93.6823
-92.6491
-90.6763
-95.1843
-94.5434
-90.4393
-94.4164
-92.2087
-94.9889
-94.172
-93.9627
-89.4958
-95.9376
-92.9018
-89.9574
-96.3044
-94.0201
-92.7739
-92.0835
-92.5753
-88.8458
-91.6856
-90.8898
-92.7893
-91.7362
-95.0386
-94.4349
-89.5715
-90.9169
-92.7293
-91.39
-93.9305
-91.2933
-94.5553
-94.133
-95.5124
-92.0998
-93.017
-92.1119
-94.9269
-92.3098
-91.6417
-95.8481
-95.0814
-92.9804
-94.8
-89.9445
-91.8329
-92.4045
-91.4144
-87.8048
-96.2387
-93.9316
-94.4792
-89.3108
-92.4995
-95.3964
-93.6817
-90.9883
-92.0905
-94.6027
-88.115
-92.7663
-93.904
-92.3235
-97.3488
-94.2181
-92.2194
-94.8296
-93.2617
-91.5352
-95.7152
-90.6057
-95.9498
-94.138
-96.5037
-92.4001
-94.8742
-93.9439
-92.8376
-93.758
-94.2501
-94.6073
-93.1171
-94.7301
-91.8124
-93.5552
-91.3746
-89.505
-91.5629
-93.9405
-93.0703
-93.9833
-94.1094
-91.8785
-95.8103
-90.7409
-95.8928
-92.0937
-92.0036
-92.6053
-90.163
-89.5698
-93.4233
-91.3446
-91.6663
-91.7416
-93.4237
-95.6296
-91.8654
-90.8737
-93.407
-91.2287
-93.774
-96.3044
-92.9309
-92.7111
-92.6375
-90.5921
-93.5662
-88.2835
-91.1855
-90.105
-87.5564
-92.8171
-94.8857
-90.1608
-93.9786
-92.0047
-92.9239
-92.5373
-92.095
-94.0646
-92.8369
-92.7984
-90.5386
-92.8192
-92.2237
-94.8857
-91.7272
-89.6132
-94.8342
-91.8589
-93.0058
-92.9303
-94.9367
-95.8381
-94.4405
-92.8573
-95.8763
-95.431
-90.2433
-97.3488
-93.8738
-92.6587
-95.0706
-95.9376
-93.3637
-96.5037
-94.0567
-91.053
-94.9943
-94.2376
-93.2174
-93.449
-91.3831
-90.6729
-89.7452
-92.6047
142445
-91.6407
-92.0744
-90.7697
-93.3752
-92.0339
-92.5831
-96.5167
-93.417
-93.3349
-94.5553
-90.3508
-92.1975
-93.4146
-91.4657
-93.0846
-90.5898
-94.1317
-92.4039
-93.0351
-95.1346
-94.2548
-91.8855
-92.4169
-90.2112
-90.0907
-90.3133
-51.6279
-92.125
-92.5355
-95.5039
-92.3273
-92.1341
-87.3596
-95.7904
-94.0157
-92.0393
-93.037
-96.3044
-89.3296
-94.6703
-89.9341
-92.3491
-95.6207
-93.5795
-93.6439
-88.5786
-92.8126
-95.0719
-91.468
-89.6665
-88.5666
-89.9888
-92.4574
-91.4999
-93.5001
-92.5472
-92.7245
-92.85
-92.1491
-93.0551
-95.6733
-93.3029
-91.9262
-93.9994
-94.5016
-89.8941
-92.3338
-93.4932
-93.1617
-93.4197
-94.0999
-93.8436
-91.5032
-94.8933
-92.6704
-89.8054
-93.9304
-90.296
-91.2536
-92.5029
-90.6415
-91.6354
-89.5368
-92.742
-93.0592
-91.717
-92.9764
-93.5705
-94.4333
-90.7621
-92.8121
-94.4674
-94.875
-92.7016
-91.5774
-89.7656
-95.2353
-90.1314
-90.9328
-92.8954
-88.9663
-92.4867
-88.3232
-91.3017
-93.3716
-96.2387
-91.32
-91.6076
-97.3488
-94.3646
-93.7419
-92.6977
-91.3588
-90.6407
-89.0329
-95.3964
-91.8921
-92.9861
-92.3949
-88.7385
-92.5396
-92.4861
-93.2005
-90.7354
-94.4908
-95.923
-90.8684
-93.0207
-89.9594
-91.9083
-95.0271
-94.2866
-91.3295
-95.8928
-93.6491
-93.5447
-89.4267
-92.8487
-94.351
-97.313
-91.7103
-88.5254
-93.1829
-91.5893
-91.5633
-95.8103
-90.3943
-91.9745
-88.8104
-87.8449
-96.5167
-95.5124
-88.8663
-92.1743
-96.5167
-94.8693
-94.4674
-95.9457
-94.431
-90.4794
-94.8721
-94.663
-88.7401
-93.4726
-93.3064
-93.4934
-93.6812
-92.4755
-89.0011
-93.0428
-94.395
-96.4232
-94.269
-91.8252
-92.6304
-94.2031
-85.8621
-89.133
-93.3888
-95.8103
-92.9563
-92.447
-93.6946
-91.0158
-90.8239
-94.1544
-94.4136
-91.0949
-93.3413
-91.4513
-89.5176
-93.6984
-89.2345
-90.7745
-95.4259
-94.5139
-91.8469
-92.218
-91.7903
-95.4487
-95.8763
-92.0351
-95.2437
-93.8994
-91.8721
-92.8238
-90.3398
-91.1751
-95.0691
-94.2972
-91.5375
-95.3964
-91.9338
-93.9739
-89.0296
-94.5226
-95.7904
-91.593
-94.6335
-92.3995
-89.6841
-94.5841
-92.6496
-88.8118
-89.4274
-93.3824
-91.3278
-94.3646
-94.6304
-91.8597
-91.0008
-92.9135
-94.1257
-92.2749
-97.313
-90.7173
-92.8228
-91.7185
-93.6459
-94.0723
-94.502
-92.63
65047.3
-91.1498
-94.0557
-90.8757
-92.1536
-93.5595
-91.4166
-95.1346
-92.2402
-94.4185
-90.2646
-91.7646
-93.3953
-92.6021
-93.5705
-91.1201
-94.5889
-94.7874
-97.3488
-94.412
-93.3665
-90.2427
-90.8555
-91.038
-94.0083
-94.1994
-92.8931
-96.1464
-94.7129
-92.2094
-93.4788
-92.4481
-93.5925
-92.2933
-91.6356
-95.1005
-91.0349
-90.6967
-90.6124
-91.1696
-95.1805
-89.9997
-94.4191
-91.969
-93.92
-91.4896
-89.3205
4.40251e+006
-93.1378
-94.9436
-94.7874
-91.8694
-90.1404
-93.8173
-95.4674
-87.2788
-97.3488
-95.7463
-93.9031
-93.6812
-95.8618
-93.8795
-92.0754
-91.5242
-94.739
-97.313
-95.431
-92.9026
-91.4757
-95.8103
-91.2335
-95.0231
-94.4282
-92.2646
-92.6575
-94.2993
-91.1436
-91.3928
-91.5247
-90.3488
-94.1424
-93.6761
-93.3415
-94.0728
-92.447
-89.3497
-96.5037
-94.1999
-95.5069
-89.5698
-91.6222
-90.8866
-95.8763
-91.7333
-92.6574
-93.4784
-90.6295
-93.7498
-90.2876
-93.5767
-94.8666
-96.2387
-93.9833
-93.2183
-95.431
-93.4956
-94.0653
-89.4569
-96.5037
-93.3844
-90.3404
-92.6965
-94.6841
-90.4854
-91.4486
-92.8827
-90.527
-95.6822
-93.984
-93.3177
-91.7625
-96.3044
-94.0646
-91.3723
-93.4966
-94.4191
-94.4347
-93.8403
-90.8024
-93.1078
-93.6873
-91.1647
-90.3909
-88.7157
-97.3488
-95.8928
-94.6116
-91.7357
-89.4332
-92.7035
-90.4114
-92.0332
-95.7463
-92.5491
-94.2448
-94.9456
-97.3488
-93.9438
-95.4259
-90.7116
-91.4834
-92.2824
-90.4998
-93.4794
-93.3342
-93.4823
-90.7741
-85.5658
-93.7027
-91.7868
-91.8252
-94.663
-92.5561
-93.6814
-93.2776
-97.3488
-90.3334
-92.1296
-93.5025
-95.5124
-95.8381
-95.6508
-92.4687
-93.5892
-92.3165
-88.5163
-92.3777
-93.6569
-92.7505
-96.5167
-96.2387
-95.8481
-94.5876
-94.8483
-93.8214
-94.663
-92.331
-91.6093
-90.6307
-89.7181
-88.6134
-94.4171
-91.1545
-94.4394
-90.2691
-94.3703
-95.0719
-94.3553
-94.7256
-91.9369
-89.3342
-89.9125
-95.0386
-89.9029
-95.105
-94.962
-91.3273
-95.2607
-94.3788
-90.4447
-94.2276
-89.0025
-93.1544
-94.6841
-92.1559
-93.1715
-86.6034
-94.8422
-92.9377
-88.3003
-94.0662
-93.0972
-89.9553
-95.8381
-91.5004
-93.4883
-91.5637
-92.9547
-94.0527
-95.6207
-95.7152
-93.3761
-89.0973
-89.02
-97.313
-97.3488
-94.7465
-89.0526
-94.0389
-92.3698
-89.9832
-91.8147
-95.565
-96.2387
-91.8456
-89.6969
-97.3488
-92.4039
-92.4837
-89.6548
-90.422
-90.4584
-96.5037
-92.2816
-93.9833
-91.7672
-93.2443
-91.9103
-91.5178
-91.2432
-97.3488
-89.5444
-93.8405
-93.2609
-91.1185
-94.1136
-94.3019
-95.1139
-92.636
-89.2277
-92.8949
-93.2964
-94.6382
-93.8548
-92.2268
-92.6712
-93.7684
-94.1708
-95.4259
-92.9481
-92.8312
-95.8928
-95.7463
-89.6853
-95.4801
-90.9317
-95.8381
-91.6443
-93.359
-89.7291
-92.9506
-89.8997
-90.9846
-90.9681
-91.1574
-90.8631
-88.1462
-93.359
-95.7904
-93.2839
-91.4366
-90.1753
-92.589
-92.517
-93.3807
-92.4004
-94.9517
-94.4471
-90.6751
-93.7252
-92.2715
-92.0288
-92.7999
-94.0864
-93.534
3.38261e+006
-89.0595
-93.3359
-92.8124
-93.5492
-90.5689
-93.2226
-91.5471
-89.8169
-93.6995
-95.7851
-91.5115
-92.7376
-92.1839
-95.8618
-94.0746
1.22565e+006
-94.7081
-90.3983
-93.7168
-94.2069
-91.1858
-91.0312
-96.5167
-92.8197
-90.3603
-96.5167
-91.4579
-91.6995
-94.4407
-94.3981
-92.625
-90.6283
-97.3488
-89.2424
-92.7218
-96.5167
-88.2651
-94.3981
-89.6365
-88.6063
-93.1688
-96.5167
-90.0186
-92.8674
-90.2835
-93.0042
-89.6627
-97.3488
-92.1766
-91.585
-94.1522
-92.926
-90.8453
-94.4687
-91.4586
-92.076
-94.3253
-90.0458
-92.6361
-91.4849
-90.6448
-95.0912
-93.6184
-89.3407
-91.043
-95.1198
-95.2396
-91.0292
-90.3932
6.41449e+007
-90.9419
-94.3716
-94.3018
-93.7595
-95.0045
-92.6377
-94.9097
-92.5528
-95.6733
-92.439
-95.1805
-97.3488
-92.526
-92.702
-93.9534
-88.8555
-91.8959
-91.4046
-93.6459
-95.7463
-91.2637
-92.3054
-90.4718
-93.2994
-92.2574
-93.8134
-89.3303
-95.4487
-91.5299
-92.8225
-94.3924
-91.4159
-95.6733
-89.5186
-90.7357
-88.8149
-91.1905
-93.5382
-93.0917
-95.7904
-90.6555
-95.0527
-90.2312
-90.2187
-91.5258
-94.2676
-90.4394
-91.5812
-87.8266
-95.0672
-90.9265
-95.6508
-93.0747
-91.3776
-96.3044
-90.8368
-92.2328
-92.1395
-89.5072
-96.5167
-96.5167
-93.5605
-95.4641
-94.7246
-88.6123
-89.4387
-90.2655
-92.5778
-93.5579
-95.6733
-94.4795
-94.0125
-93.0302
-92.6211
-92.9069
-92.2372
-92.235
-93.7458
-94.6193
-92.0836
-95.9575
-91.3286
-88.6697
-94.4471
-93.094
-90.9309
-92.8546
-92.3208
-93.1224
-92.7691
-94.985
-92.7989
-85.327
-94.7246
-94.2022
-88.2541
-93.6593
-92.9219
-87.624
-90.6294
-95.8481
-92.7705
-92.7594
-89.265
-97.3488
-93.9403
-92.4298
-89.6681
-93.7244
-88.9263
-91.7669
-94.3899
-96.5037
-90.2628
-90.5179
-91.1492
-94.3318
-93.6319
-95.1198
-94.6389
-87.1083
-95.5039
-90.7334
-94.6198
-92.682
-93.2913
-82.765
-95.6296
521221
-95.7743
-97.3488
-92.8939
-93.8758
-94.5869
-91.366
-94.1623
-91.9747
-93.3789
-91.3928
-90.1312
-95.6207
-97.3488
-92.1363
-91.7698
-95.5124
-92.6779
-93.3093
-93.5221
-94.027
-95.4377
-89.781
-90.9947
-95.1153
-93.9896
-90.2694
-91.1287
-94.0682
-86.8419
-88.9995
-92.4946
-90.2074
-94.4687
-93.8869
-86.3917
-92.3259
-90.5727
-95.8103
-94.321
-93.417
-95.4801
-91.6641
-95.8481
-94.3489
-96.4232
-89.5334
-95.8481
-90.756
-94.8274
-89.0594
-95.1346
-89.1938
-93.6258
-93.0021
-95.0231
-94.2669
-89.4153
-90.7855
-91.8962
-91.8314
-93.7233
-89.4184
-93.5225
-93.2242
-91.373
-93.3731
-90.2331
-89.9521
-95.7904
-92.912
-92.4085
-94.6382
-95.9457
-92.0753
-93.9387
-95.0511
-95.0617
-92.0805
-92.9395
-95.2726
-89.4631
-90.9474
-91.5261
-92.5375
-95.0719
-95.4487
-92.5322
-91.8888
-91.2743
-92.9058
-93.1882
241327
-93.2923
-91.3897
-95.4674
-91.9302
-90.1024
-90.2435
-93.5409
-92.8914
-93.3543
-97.3488
-92.8327
-94.8422
-90.6046
-94.4347
-94.4471
-95.6207
-91.9935
-93.5484
-94.6372
-91.6099
-92.3469
-94.4709
-94.2376
-91.0706
-92.7
-97.313
-91.2243
-93.5862
-89.6034
-93.2111
-91.8643
-92.4764
-93.1829
-90.8512
-88.5299
-94.6116
-93.6258
-92.9669
-90.9999
-91.5222
-91.0576
-95.4259
-88.115
-93.4147
-92.3575
-93.2224
-91.0681
-91.2717
-90.153
-92.9831
-93.4146
-92.0468
-89.0231
-90.4965
-94.2597
-94.4471
-91.969
-88.7943
-89.9292
-92.3754
-87.9814
-89.6002
-91.8646
-92.2036
-91.2404
-89.9534
-91.7921
-92.5076
-90.6322
-91.6635
-93.1896
-93.5437
-93.0114
-88.2413
-95.7476
-93.9403
-94.2521
-91.0236
-94.0201
-92.9937
-93.4941
-95.4674
-93.8961
-90.6658
-93.8268
-91.1511
-93.528
-92.5473
-91.3835
-92.5583
-88.9059
-92.5971
-91.2211
-94.9547
-94.1697
-89.1777
-93.3114
-94.7147
-93.0859
-93.2387
-91.021
-93.6908
-92.0558
-92.3687
-90.7312
-92.1909
-92.4205
-92.8541
-90.6267
-91.9191
-90.6325
-91.3573
-90.3089
2.28224e+007
-89.7787
-92.2235
-91.7537
7.48125e+009
-90.8978
-93.9818
-96.2387
-90.3998
-94.7814
-93.8341
-97.3488
-91.7549
-94.4164
-94.2376
-92.2264
-91.8821
-93.084
-89.7515
-95.7851
-93.3974
-93.0505
-95.0595
-93.6578
-95.2063
-91.6992
-95.4259
-94.676
-94.3344
-90.9788
-92.635
-91.7734
-97.3488
-91.9171
-90.154
-92.5352
-91.4569
-94.3772
-95.7904
-93.3606
-94.9269
-93.0443
-95.1153
-92.7268
-93.3113
-92.8038
-97.3488
-94.052
-90.7612
-89.6821
-97.313
-95.6822
-94.8606
-96.3044
-93.7554
-91.1521
-92.3715
-95.2396
-91.3538
-90.869
-94.6073
-92.7552
-92.2133
-89.1572
-90.1972
-94.0626
-92.1858
-90.7716
-93.6377
-90.6086
-93.0729
-91.2422
-94.9621
-92.0847
1.90296e+008
-93.5123
-93.7144
-93.691
-75.8051
-94.7235
-94.8
-94.5876
-90.0625
-92.3837
-93.2721
-93.8476
-94.941
-90.3985
-89.864
-93.0076
-92.1596
-93.2652
-95.0599
-91.1502
-94.2535
-93.663
-90.8044
-90.9049
-90.6096
-94.8742
-92.8788
-95.1044
-96.2387
-95.7851
-90.7447
-91.1701
-94.2299
-94.0333
-93.2048
-94.0083
-94.1426
-92.2583
-94.203
-92.0022
-93.0425
-93.8939
-91.0177
-95.7485
-93.195
-95.222
-93.2884
-92.7675
-94.8947
-88.5372
-91.4521
-93.6323
-91.9775
-92.5117
-90.91
-93.0889
-91.402
-90.1759
-94.0757
-91.1472
-94.9943
-91.2192
-91.641
-94.5869
-89.8199
-91.535
-92.3498
-91.3181
-93.8234
-92.4192
-91.4238
-94.8953
-94.4171
-93.0434
-93.732
-95.0888
-92.1396
-92.1234
-92.2326
-95.9575
-89.1505
-92.4949
-94.3963
-95.6451
-91.6061
-90.5564
-91.4827
-93.5284
-92.6223
-91.4416
-92.5419
-94.8933
-91.7055
-91.383
-92.5888
-91.7651
-92.4495
-91.0607
-92.3722
-89.376
-91.0806
-89.7578
-95.4674
-93.216
-88.4831
-92.8739
-93.0407
-94.0443
-92.1621
-90.5233
-92.8553
-91.9605
-93.8281
-93.7378
-94.8296
-95.4404
-95.6467
-92.4275
-90.2226
-94.0155
-94.158
-92.4012
-95.0691
-91.4446
-89.9511
-92.9903
-92.7802
-83.3916
-89.1747
-94.3327
-91.3585
-92.8528
-93.1616
-92.5595
-93.3783
-90.7633
-90.3725
-93.423
-92.6196
-87.5164
-90.4179
-95.6296
-88.9752
-92.4354
-94.3457
-89.3746
-90.6746
-94.6947
-93.851
-91.1474
-95.7904
-92.0822
-89.3422
-95.5496
-91.9216
-93.3533
189662
-94.5958
-96.3044
-92.0353
-90.9539
-92.0724
-89.8067
-90.3872
-92.7111
-92.1417
-93.5699
-93.4224
-93.4981
-95.4982
-93.4898
-92.5115
-90.2375
-89.0625
-92.9975
-91.7618
-93.4881
-94.4257
-94.3729
-93.871
-94.3133
-91.8208
-96.2387
-91.204
-93.677
-95.3964
-93.4128
-90.4021
-93.8481
-91.3631
-90.4808
-90.6694
-91.25
-93.2512
-91.8622
-94.7465
-95.565
-86.9159
-94.0045
-95.222
2.60084e+008
-93.4964
-93.3743
-95.1805
-91.4287
-93.2067
-92.7882
-94.904
-90.689
-90.3754
-91.2437
-96.4232
-89.8257
-94.2104
-92.9937
-91.1836
-89.8079
-92.4045
-95.0959
-91.9158
-92.2946
-89.2978
-90.9793
-94.2492
-95.7904
-91.4247
-94.8184
-90.8944
-97.3488
-92.4024
-95.5743
-94.2391
-92.8972
-91.5307
-90.6252
-91.5817
-94.3781
-90.2567
-90.4685
-90.8212
-91.3172
86645.3
-90.5274
-93.811
-92.3662
-91.8559
-94.7456
-90.1559
-90.6425
-95.5069
-90.5549
-91.9528
-94.4164
-94.8693
-95.7463
-97.3488
-94.3959
-93.7166
-93.8826
-93.7545
-94.9192
-92.5453
-93.6759
-90.0535
-95.1044
-95.7463
-92.0459
-87.9057
-87.9381
-92.3096
-91.2889
-91.9053
-92.5637
-92.715
-93.4468
-92.7513
-93.2364
-93.1188
-95.6508
-92.4591
-91.7391
-97.3488
-92.9392
-94.6746
-90.3312
-91.2361
-95.2063
-95.5496
-92.6272
-94.7704
-94.2235
-89.2387
-92.767
-91.1557
-92.5863
-92.7365
-91.7164
-93.2089
-93.3557
-91.3643
-91.5447
-92.9429
-94.857
-90.065
-91.9108
-94.3432
-94.8606
-93.0822
-93.4885
-94.4456
-94.9456
-89.0019
-89.0752
-94.7235
-92.1265
-97.3488
-88.4156
-94.2083
-97.3488
-92.1406
-94.4285
-88.7989
-93.294
-91.4992
-93.671
-91.6713
-92.1587
-91.0889
-92.3749
-89.784
-87.1934
-92.5657
-91.819
-93.2238
-91.3029
-95.8481
-92.3466
-92.1689
-96.5037
-94.3018
-94.3348
-91.6439
-92.8424
-90.1209
-93.341
-93.8234
-95.1005
627826
-91.5978
-90.8019
-92.7661
-90.3238
-90.0215
-92.4645
-94.8933
-89.9554
-88.7833
-94.7568
-91.171
-94.2438
-93.1177
-95.1805
-94.985
-91.6475
-93.2172
-95.3964
-89.6542
-93.7366
-92.7684
-94.4185
-91.9204
-93.5485
-95.0743
-90.4046
-89.4344
-95.6733
-85.9867
-90.8938
-90.5169
-93.671
-94.811
-92.507
-94.4349
-94.3924
-92.7844
-97.313
-94.4153
-92.0681
-91.7088
-93.8031
-91.6304
-89.9695
-89.7673
-91.9789
-90.7879
-96.5037
-89.377
-92.324
-93.2293
222199
-92.5331
-94.2684
-92.0755
-93.5734
-94.2801
-95.8618
-91.0384
-87.1539
-91.8378
-95.1357
-91.5315
-89.185
-96.5037
-92.3466
-92.3116
-91.5965
-92.4912
-94.0201
-95.0241
-94.2822
-89.5416
-94.4136
-96.4232
-91.1446
-90.6894
-93.0285
-92.4355
-91.4955
-90.8597
-89.8917
-92.4783
-91.986
-94.3344
-95.6467
-92.6116
-92.5
-90.1222
-91.8964
-91.6731
-92.2116
-95.181
-89.6942
-91.2424
-92.4903
-93.925
-95.4259
-92.632
-93.909
-90.2451
-93.2673
-89.3585
-93.0157
-93.1551
-90.4571
-93.0588
-89.0104
-94.4557
-90.1039
-92.3723
-93.5418
-95.6296
-92.1024
-93.534
-93.0252
-92.0044
-92.8931
-95.6266
-90.3414
-95.6296
-95.154
-93.5571
-93.1356
-91.2117
-94.5522
-95.8763
-91.3097
-94.3446
-92.9404
-93.5876
-90.9887
-92.3011
-90.4082
-89.4834
-92.6804
-87.994
-90.6531
-93.9758
-94.2521
-97.3488
-92.2099
-89.7464
-93.208
-91.2095
-94.6389
-96.5167
-91.2794
-96.5167
-94.0426
-91.879
-91.2436
-94.1697
-94.2822
-92.1637
-87.3935
-88.3328
-94.663
-91.486
-90.2633
845247
-91.9792
-94.4709
-95.7851
-94.4471
-90.9171
-95.1357
-93.805
-92.2493
-92.4555
-92.9835
-91.4482
-94.3464
-93.5802
-93.3622
-93.325
-95.7851
-93.916
-92.298
-94.3047
-92.285
-91.398
-93.2117
-93.6752
-94.4544
-95.8481
-92.9232
-92.9801
-95.7851
-90.8681
-93.7366
-95.7851
-88.752
-96.3044
-95.1131
-90.2885
-94.9097
-93.41
-88.3572
-92.8839
-94.8666
-93.8795
-94.8933
-93.6611
-93.8666
-91.4634
-92.431
-90.3395
-96.2387
-93.2767
-92.1959
-92.8245
-90.5907
-86.9677
-93.0166
-91.6407
-94.2114
-90.7802
-95.8618
-91.404
4.08143e+006
-93.5577
-93.9615
-95.5066
-91.2323
-93.1361
-93.0093
-93.4994
-91.1393
-90.327
-91.2614
-96.3044
-90.9221
-92.6605
-90.9202
-92.9857
-95.5069
-91.5036
-94.3146
-93.1959
-90.225
-93.7703
-94.9943
-93.1865
-92.0317
-93.0255
-92.8789
-93.3665
-93.1331
-91.4176
-87.8459
-88.9047
-93.4602
-92.879
-91.4264
-94.015
-94.4257
-91.5016
-95.5879
-96.5037
-92.4796
-92.8944
-92.4534
-94.2438
-94.9436
-93.5985
-92.613
-90.0557
-93.0651
-90.0506
-94.5911
-91.0469
-90.9826
-87.8859
-94.4211
-95.7152
-94.6544
-92.7713
-92.2872
-94.6393
-93.4878
-89.6584
-94.7814
-94.2442
-93.5925
-93.3235
-90.6388
-90.9262
-91.0168
-92.8046
-90.6537
-89.8045
-95.7904
-89.9892
-88.6966
-91.2396
-93.2177
-91.2648
-93.4534
-91.4286
-93.2923
-94.0677
-94.141
-93.7159
-95.5864
-92.1797
-91.0881
2.01128e+007
-93.9056
-95.6451
-93.528
-91.8433
-93.8346
-90.8126
-93.8929
-90.5743
-91.6185
-94.237
-92.0278
-90.9244
-95.0886
-91.4512
-89.4227
-94.3678
-92.0877
-93.1464
2.34049e+008
-92.8233
-90.0449
-90.626
-94.0711
-95.9575
-97.3488
-94.4405
-91.9559
-93.201
-91.177
-94.6331
-93.4121
-94.5657
-90.8912
-91.7163
-93.3743
-93.6491
-87.3012
-94.284
-91.8411
-95.4674
-95.7152
-95.9376
-91.5912
-92.4944
-95.7476
-91.28
-94.2643
-92.4353
-94.5188
-89.6162
-94.7874
-92.027
-92.241
-93.7632
-92.2643
-94.0882
-91.1505
-93.5474
-90.5887
-97.3488
-93.6659
278376
-89.4446
-95.7743
-90.9643
-94.1668
-93.203
-92.4015
-90.9017
-91.4409
-92.5302
-93.1255
-91.183
-91.6921
-91.2631
-94.5841
-91.5554
-94.3232
-92.0117
-93.0675
-93.8503
-97.3488
-95.0719
-92.1481
-93.3557
-90.0449
-95.1139
-95.6467
-96.2387
-91.7276
-94.904
-95.1128
-92.1069
-90.0538
-94.8483
-95.0672
-89.9352
-91.1285
-93.9112
-95.0814
-94.2383
-95.5496
-94.9621
-92.9256
-92.8508
-93.8324
-93.7355
-91.2885
-94.8933
-90.3702
-91.7674
-94.1442
-93.6111
-93.2296
-90.5494
-93.3406
-92.7284
-92.7
-89.2677
-95.2396
-92.9567
-93.846
-92.4346
-97.3488
-88.489
1.73925e+006
-91.2488
-89.371
-94.6027
-89.2422
-93.0208
-91.7731
-92.5245
-92.6683
-94.7814
-90.6674
-96.2387
-95.4982
-94.271
-97.3488
-95.0737
-88.8267
-92.0576
-96.5037
-93.2889
-94.9948
-89.4618
-94.4687
-93.3022
-96.1464
-92.2426
-93.8243
-96.5167
-94.9889
-92.0285
-91.6105
-95.5124
-95.0743
-92.3041
-94.0522
-95.6508
-94.1999
-93.8773
-92.5777
-94.916
-95.1918
-93.989
-91.5537
-92.3459
-94.6083
-97.3488
-94.2442
-93.3913
-93.851
-92.4761
-95.8381
-90.9138
-94.9192
-93.6752
-93.5148
-97.3488
-92.1498
-94.015
-92.348
-91.8688
-91.5153
-91.3444
-92.4232
-95.9575
-89.1112
-92.0589
-92.4296
-94.237
-93.1339
-90.5864
-93.485
-93.2296
-93.5613
-93.419
-93.7366
-94.0181
-93.8876
-92.2933
-91.2508
-93.4851
-96.5167
-95.2462
-91.4913
-94.8274
-94.4471
-89.7605
-93.8155
-90.8778
-93.7366
-94.1836
-93.0547
-95.5039
-92.77
-91.7607
-93.0029
-95.154
-91.5838
-93.9369
-93.3022
-93.3602
-95.2157
-92.3513
-93.064
-90.6425
-95.2643
-90.5642
-92.0498
-93.7431
-92.9344
-93.7331
-95.6266
-91.7811
-91.9784
-93.4371
-92.981
-91.623
-91.1881
-91.7524
-92.3713
-92.722
-95.9575
-92.6561
-94.9748
-90.7797
-92.2376
-93.6464
-95.1145
-94.6108
-91.3601
-94.7478
-94.0618
-90.9927
-90.648
-91.7895
-92.3016
-94.997
-94.953
-90.1502
-96.2387
-89.9509
-89.8137
-90.8627
-93.6818
-90.3673
-95.4674
-92.7007
-94.4307
-96.3044
-93.5779
-91.9402
-92.8448
-92.6019
-93.0791
-89.9186
-93.0902
-92.9463
-90.7456
-90.0667
-94.9097
-92.6044
2.18154e+006
-96.5037
-94.3185
-91.6437
-94.7766
-90.9032
-94.0426
-91.7111
-94.6073
-93.8994
-95.0617
-91.13
-91.3721
-94.3784
-91.8017
-93.5567
-96.1464
-91.224
-90.0149
-93.41
-93.6978
-94.2069
-92.404
-95.7904
-92.0325
-91.8551
-88.2518
-89.7912
-89.6853
-94.2871
-92.3345
-91.0672
-90.8079
-92.5056
-92.0016
-97.3488
-93.8548
-94.916
-91.7968
-93.6812
-97.3488
-91.3344
-95.1075
-93.2767
-95.1198
-86.5249
-95.431
-91.7617
-92.6553
-92.6187
-89.4866
-92.9888
-92.9887
-96.5037
-90.2578
-88.9369
-92.2981
-91.1069
-92.8438
-93.9056
-94.9889
-95.6296
-92.448
-89.6823
-92.8904
-92.6191
-95.5743
-92.0353
-96.5037
-93.0993
-93.5802
-93.0882
-97.313
-90.8986
-94.1424
-92.9032
-91.8292
-92.9206
-93.2319
-91.2772
-92.9323
-91.0471
-88.0814
-94.2339
-90.0283
-89.9457
-90.4858
-93.6978
-93.1188
-95.2396
-97.3488
-93.1978
-94.4164
-92.5012
-95.8481
-91.1294
-93.1196
-93.8039
-90.3284
-90.7882
-94.9667
-91.5559
-96.3044
-93.3339
-93.8581
-95.0706
-92.5674
-90.0134
-93.6323
-89.8896
-92.9883
-90.7436
-92.3375
-92.2777
-89.2456
-94.7814
-93.2964
-92.4267
-90.0415
-93.6179
-92.0446
-93.3881
-88.4879
-95.2726
-93.1103
-91.2509
-94.1522
1.27587e+006
-95.9575
-91.5012
-91.7827
-92.5331
-86.4628
-93.0783
-94.1357
-92.2211
-92.9988
-94.2276
-93.7237
-92.3668
-93.2813
-92.0989
-93.103
-93.1243
-95.2157
-90.3854
-93.021
-92.1796
-94.1927
-91.9384
-88.9682
-94.8308
-89.9962
-92.9404
-97.3488
-94.1837
-95.105
-89.7591
-91.0217
-92.2789
-95.4674
-91.6672
-91.7394
-92.164
-90.3272
-95.0029
-93.0925
-89.3874
-92.3213
-92.3865
-94.7129
-92.5465
-89.8402
-92.6506
-95.0231
-93.8481
-95.9575
-91.5572
-93.8738
-96.5037
-91.454
-93.2578
-96.5167
-90.3924
-95.6733
-92.0489
-93.2947
-90.3663
-93.5103
-92.4622
-92.0746
-96.5037
-95.5069
-92.912
-91.6674
-95.6296
-90.2971
-91.6485
-94.811
-93.5409
-91.8672
-95.0737
-93.6937
-94.2407
-92.9108
-95.9575
-92.9078
-95.105
-91.0485
-92.9861
-94.4282
-97.3488
-95.7476
