-36.243
-37.9676
-34.4597
-35.3249
-35.6303
-35.2905
-36.2332
-34.3252
-37.9676
-34.7671
-36.2332
-36.1516
-34.8649
-35.6303
-35.1775
-34.4005
-35.1149
-35.394
-33.3197
-35.1156
-33.2565
-35.3249
-34.8649
-35.3181
-35.3249
-34.9517
-34.9517
-34.1888
-36.1516
-37.9676
-36.1779
-33.3076
-37.9676
-35.2129
-36.2532
-34.3264
-36.1779
-36.2532
-34.4965
-36.2332
-37.9676
-33.4373
-37.9676
-35.6303
-36.2332
-37.9676
-35.3526
-33.3022
-34.4965
-35.2638
-32.0796
-35.5425
-36.2332
-36.243
-34.3957
-36.243
-34.074
-35.2905
-34.4366
-34.7671
-34.3459
103219
-35.7842
-33.8727
-37.9676
-19.0244
-36.1779
-34.8905
-34.1118
-33.3065
-27.4987
-36.1516
-35.3704
-36.2332
-35.0294
-34.5222
-34.3899
-35.7842
-36.1516
-36.3068
-35.0555
-34.0231
-36.1516
-35.2129
-35.394
-35.2426
-35.1775
-34.5776
-34.8456
-36.243
-35.3249
-35.1709
-34.6693
-34.3545
-37.9676
-34.6587
-37.9676
-35.2129
-32.5432
-35.5024
-35.2426
-34.8713
6.37746e+007
47479.3
-35.172
-35.172
-34.4965
-35.5024
-37.9676
-34.2157
-35.394
-34.7455
-35.6303
-33.4112
-36.3068
-34.8649
-35.4659
-35.7842
-35.2246
-35.6303
-34.3232
-34.3863
-35.0555
-35.4659
-33.4373
-35.3181
-37.9676
-37.9676
-35.6303
-34.0388
-35.1149
-36.2332
-35.5024
-37.9676
-35.3526
-35.6303
-34.1969
-34.3899
-36.1516
-34.3473
-34.2786
-36.1516
-35.3704
-35.1594
22672.3
-37.9676
-36.2532
-34.3204
-35.5024
-35.2339
-34.0244
-34.2157
-37.9676
-34.1603
-34.8905
-37.9676
-34.8456
-34.5118
-35.4795
-37.9676
-35.5024
-35.7842
-34.8456
-37.9676
-34.0388
-34.4074
-34.8905
1.05506e+006
-33.5761
-34.0802
-35.3704
-35.5024
-35.0825
-35.0294
-36.1779
-35.3249
-34.9517
-37.9676
-34.7455
-36.3068
-35.394
-34.505
-37.9676
-35.0294
-36.087
-37.9676
-37.9676
-34.2092
-36.243
-36.2532
-35.2129
-36.1516
-24.5329
-35.6303
-35.3181
-36.2532
-37.9676
-34.139
-35.6303
-34.3253
-35.394
-35.7842
-33.8278
-37.9676
-36.2332
-35.3181
-34.3514
-35.7842
-36.3068
-34.2231
-35.7842
-35.3249
93371.3
-35.1775
-36.3068
-37.9676
-34.3496
-35.3123
-33.1711
-36.2532
-35.2246
-36.1516
-35.3123
-35.2905
-34.7671
-34.6468
-34.4468
-35.5024
-37.9676
91168.7
-18.8438
-36.3068
-37.9676
-35.1594
-35.2638
-36.3068
-36.087
-34.2006
-36.1516
-35.7842
-35.1594
-34.4042
-34.7455
-36.1779
-36.1516
-36.087
-36.243
-36.243
-36.1516
-34.9517
-36.243
-37.9676
-35.3699
-34.4039
-37.9676
-35.394
-35.394
-35.5024
-36.087
-34.332
-34.4005
-37.9676
-35.6303
-36.3068
-36.3068
-35.2129
-35.3249
-34.8649
-36.243
-35.3181
-35.1149
-34.1883
-35.4659
-36.3068
-35.2426
-35.4795
-36.1516
-35.6303
-36.2532
-36.2332
-33.944
-33.1957
-35.3526
-36.087
-34.8284
-36.3068
-35.2246
-35.1149
-36.243
-35.1775
-36.243
-36.243
-35.6303
-36.243
1.58969e+007
-36.3471
-34.3004
-36.1779
-36.2332
-35.0825
-35.3123
-36.087
-36.3068
-35.2129
-35.3123
-35.5425
-34.4005
-33.2468
-35.2352
-36.087
-35.4795
-37.9676
-35.4659
-36.2091
-34.8456
-33.9014
-35.7842
-36.3471
-36.1779
-34.4042
-34.3863
-34.3725
-34.8713
-36.243
-36.2091
-29.7854
-35.3181
-34.8456
-35.1149
-35.3181
-35.3249
-36.3068
-33.917
-35.3699
-36.3068
-34.3204
-35.2246
-34.332
-35.7842
-34.5222
-33.0932
-35.1775
7.43771e+007
-37.9676
-33.6404
-34.9517
-35.3249
-34.9517
-36.1516
-36.243
-33.1957
-34.079
-34.3252
-34.29
-34.1193
-35.3526
-33.9205
-37.9676
-34.8713
-35.4795
-36.087
-36.2532
-37.9676
-35.394
-35.6303
-35.5425
-35.1149
-35.0555
-34.1746
-36.243
-34.3916
-35.0294
-36.1516
-33.4373
-35.3996
19174.1
-35.3526
-35.3123
-32.9626
-35.6303
-33.4312
-35.4659
-35.7842
-34.6336
-36.087
-35.4659
-34.8713
-34.5259
-34.2675
-35.4659
-35.5024
-37.9676
-37.9676
-37.9676
-35.3181
-36.2332
-37.9676
-36.243
-36.243
-33.1786
-37.9676
-35.2638
-34.5825
-36.3068
-34.4597
-35.7842
-35.4659
-35.5024
-37.9676
-35.3699
-36.2332
-35.6303
-35.3123
-34.1746
-35.6303
-36.1516
-35.7842
-34.4147
-34.4245
-35.3123
-33.8727
-34.4039
-37.9676
70631.4
-36.243
-35.3996
-35.5425
-35.3249
-34.8905
42125.9
-36.1516
-37.9676
-35.2638
-34.1209
-37.9676
-35.2638
-34.4042
-34.332
-35.0825
8854.79
-35.0294
-36.1516
-36.087
-35.7842
-35.2339
-37.9676
-35.6303
-37.9676
-36.2332
-34.7671
-36.2532
-29.6513
-37.9676
-34.4755
-35.3249
-34.7511
-35.394
-34.0802
-36.243
-35.0825
-37.9676
-36.2091
-35.1906
-37.9676
-35.2339
-34.0827
-37.9676
-35.1594
-37.9676
-34.4366
-36.3068
-35.1594
-35.1149
-35.5425
-35.5024
-34.9517
-37.9676
-36.2332
-37.9676
-37.9676
-36.3068
-36.243
-34.3172
-34.2164
-34.0388
-36.1779
-34.8649
-34.1888
-34.1235
-34.2709
-34.1101
-33.944
-34.3232
-36.2332
-35.4795
-33.3295
-34.0151
-36.243
-36.243
-35.2339
-35.1156
-35.0294
-36.1516
-37.9676
-34.3264
-34.4597
-32.1586
-36.3068
-37.9676
-35.172
-34.8905
-34.3204
-36.2532
-36.3068
-34.4434
-35.3526
-35.394
-36.243
-35.5024
-37.9676
-36.243
-35.7842
-35.3526
-33.0948
-34.0412
-35.3249
-35.2246
-35.4659
-35.2129
-35.2352
-35.1709
-35.172
-35.4795
-31.8324
-36.2332
-36.1516
-36.2332
-35.5024
-35.2129
-35.2339
-35.3526
-36.1516
-37.9676
-34.3459
-33.2314
-37.9676
-36.2532
-35.0896
-34.8456
-37.9676
-34.6587
-35.3123
-37.9676
-35.2129
-37.9676
-35.2129
-34.7671
-35.7842
-36.2532
-36.1779
-36.3068
-35.5425
-34.7599
-33.2563
-34.1235
-35.3704
-36.243
-36.1516
-34.3361
-36.2532
-36.1779
-35.3249
-34.3725
-35.3249
-36.2332
-35.394
-35.3249
-36.243
-35.3123
-36.243
-35.3526
-35.3181
-36.2332
-35.4795
-34.3961
-37.9676
-33.2917
-36.3068
-34.3645
-33.5271
-33.8721
-36.2532
-34.0631
-35.7842
-36.243
-36.2532
-35.2129
-36.3068
-35.1594
-34.0632
-34.4434
-37.9676
-36.3068
-34.505
-36.3068
-35.1775
-35.3526
-35.3181
-35.4659
-34.0412
-34.3899
-33.1857
-33.7472
-36.243
-37.9676
-36.3068
-36.1779
-36.2532
-33.3738
-35.6303
-36.243
-35.2638
-34.3353
-34.4965
-36.243
-36.243
-36.243
-36.2532
-36.1516
-35.5024
-34.2231
-36.1516
-36.3068
-35.7842
-36.2332
-34.3645
-34.3169
-35.3181
-34.8456
-33.9833
-34.7511
-35.6303
-34.4965
-36.1779
-36.243
41417.4
-23.267
-35.6303
-35.6303
-35.2905
-33.9314
-34.2675
-36.2532
-35.3123
-35.2638
-35.6303
-34.3514
-36.243
-35.3526
-35.2426
-36.243
-34.3353
-35.5024
-35.3526
-34.4877
-37.9676
-34.1888
-35.3249
-34.7671
-34.8713
26324.8
-34.3165
-33.2917
-35.5024
-35.7842
-37.9676
-35.5024
-36.2532
-37.9676
-35.3123
32803.8
-35.3351
-35.3123
-34.3496
-35.3699
-35.3181
-36.243
-35.2638
-34.1871
-36.1779
-25.973
-35.3996
-33.8566
-34.3961
-36.3068
-34.9517
-36.1516
-36.3068
-35.0294
-34.2957
-36.1516
-34.3165
-34.8649
-34.1409
-34.4042
-35.5425
-37.9676
-35.5024
-35.3181
-34.6693
-37.9676
-33.9903
-36.2332
-34.3623
-34.6984
-37.9676
-35.3351
-34.3514
-33.1591
-34.3169
-34.3264
-35.2246
-36.087
-35.3249
-37.9676
-35.3526
-33.2016
-36.2332
-33.9867
-37.9676
-35.4659
-34.4147
-33.3754
-36.1779
-36.1779
-37.9676
-36.2332
-36.1779
-35.2905
-35.3249
-36.3068
-36.243
-35.4795
-34.8905
-34.3754
-35.5425
-35.2129
-34.4434
-36.087
-36.243
-36.2332
-35.7842
-35.2638
-37.9676
-36.2332
-36.087
-36.1516
-37.9676
51264.4
-36.087
-34.4366
-35.6303
-33.9073
-35.6303
-37.9676
-36.243
-34.3836
264831
-37.9676
-35.1156
-36.243
-34.1118
-35.172
-35.3249
-35.2426
-35.0555
-35.3249
-35.5024
-34.9517
-34.1883
-36.1779
-35.2129
-36.1779
-36.2332
-37.9676
-37.9676
-34.3483
-37.9676
-35.4659
-37.9676
-37.9676
-34.8456
-33.9314
-36.2332
-37.9676
-35.4611
-35.2426
-34.3725
-35.6303
-36.1779
-35.1156
-34.2157
-35.3704
-36.2532
-35.394
-34.8713
-34.0632
-37.9676
-34.3204
-34.3899
-34.3165
-36.1779
-36.087
-33.3725
-35.3526
-36.2091
-36.1516
-35.0294
-34.8905
-35.3351
-37.9676
-34.8713
-36.2332
-35.4659
-37.9676
-35.3526
-35.2129
-34.0933
-36.243
-34.9517
-35.6303
-35.3351
-35.5425
-34.3204
-36.1516
-33.1679
-34.6487
-37.9676
-35.3249
-35.7842
-37.9676
-34.3483
-26.5125
-36.2532
-33.9956
-35.0555
-34.4042
6.51432e+008
-36.1779
-36.2332
-35.3526
-34.9517
-35.1594
-34.3483
-34.3165
-37.9676
-35.5024
-37.9676
-33.3695
-34.7671
-35.3351
-37.9676
-34.8905
-34.5259
-36.087
-35.6303
-36.3068
-34.0385
-37.9676
-35.2129
-37.9676
-35.4795
-33.8566
-36.1779
-36.3068
-37.9676
-35.3123
-35.1149
-34.9517
-34.5259
-37.9676
-35.6303
-33.4138
-33.3022
-36.2332
-34.3496
-35.0549
-35.6303
-36.1516
-36.1516
-34.3899
-33.3076
-35.3181
-34.7511
-36.3068
-34.8456
-35.4659
-36.243
-36.1779
-34.8456
-36.1779
-34.3169
-35.3351
-35.2638
-35.7842
-37.9676
-35.172
-34.2957
-37.9676
-33.4193
-35.3526
-35.5024
-36.1516
-34.2526
-36.3471
-33.9628
-34.4366
-34.7671
-35.0896
-35.3996
-35.3249
-36.3068
-36.243
-34.7671
-34.3549
-35.394
-37.9676
-37.9676
-36.2332
-34.3961
-36.2532
-34.1118
-35.2129
-37.9676
-35.3704
-35.3996
-35.4659
-36.1516
-36.243
-34.1125
-35.6303
-35.0825
-35.2246
-36.3471
62194.2
-34.3899
-34.4965
-36.2332
-35.1149
-34.5259
-35.7842
-37.9676
-22.8947
-34.0893
-35.0555
-36.3068
-33.4112
-35.3123
-36.1516
-34.7731
-37.9676
-34.8713
-35.2246
-36.243
-34.4147
-36.2091
-35.3351
-35.5024
-36.2532
-34.3899
-37.9676
-35.3704
-37.9676
-36.1779
-35.3699
-36.1516
-34.1235
-36.2532
-36.3068
-34.8713
-36.3068
-37.9676
-35.1156
-35.3699
-37.9676
-33.9628
1.21522e+006
-36.3068
-35.6303
-36.3068
-36.2332
-34.4799
-35.6303
-35.5024
-35.3123
-36.243
-34.3165
-35.3351
-37.9676
-35.7842
-37.9676
-33.4138
-34.013
-34.4877
-37.9676
-36.2332
-35.3181
-35.3351
-36.087
-35.3181
-35.3351
-37.9676
-36.3471
-35.5425
-36.243
-35.172
-34.4755
-35.1709
-35.2352
-36.1779
-36.243
-35.0549
-35.0549
-33.3197
-34.0848
-35.6303
-34.2307
-35.7842
-33.9867
-36.1779
-33.7865
-34.4147
-35.1775
-36.1779
-36.2332
-35.3351
-37.9676
-37.9676
-35.1149
-36.1516
-35.1594
-35.3704
-37.9676
-37.9676
-35.6303
-34.3169
-34.1243
-35.4335
-36.1516
-36.3068
-34.8905
-35.2426
-36.243
-35.6303
-36.1516
-35.5425
-37.9676
-35.3123
-35.3181
-33.1504
-34.4366
-34.3473
-35.0294
-34.2475
-35.2638
-35.6303
-34.4755
-36.2091
-36.1779
-35.1775
-36.1516
-35.6303
-33.1251
-33.7264
-37.9676
-36.2532
-34.4042
9.61504e+006
-33.9205
-36.1516
-36.1516
-33.1182
-35.0549
-33.9442
-35.6303
-34.4877
-37.9676
-33.9833
-35.5024
-33.3197
-37.9676
-35.6303
-35.3526
-34.7511
-33.8148
-36.3068
-36.3068
-35.0825
-34.2157
-36.1516
-34.3204
-35.7842
-34.0848
-36.2091
-35.0896
-36.3068
-34.8905
642401
-35.2905
-33.007
-34.4877
-35.3123
-35.0825
-35.3249
-35.3249
-37.9676
-37.9676
-35.5425
-37.9676
-37.9676
-36.243
-34.742
-36.1779
-35.5024
-35.3704
-35.1594
-37.9676
-35.3181
-36.3068
70969.4
-36.2332
-36.1779
-34.4597
-33.944
-34.4005
-34.9517
-35.4659
-32.9734
-34.2675
-35.172
-35.8324
-35.6303
-34.8713
-36.3068
-36.243
-35.0294
-35.3699
-35.3123
-34.2709
-35.3351
-36.2332
-34.3353
-36.243
-34.4597
-34.8649
-35.0294
-35.0825
-34.2092
-35.1775
-37.9676
-35.3704
-35.7842
-36.243
-36.2332
-34.4434
-34.6587
-35.5024
-36.2532
-36.243
-36.3068
-37.9676
-37.9676
-34.3361
-34.7731
-35.4795
121805
-35.3526
-35.3526
-19.0297
-35.5024
-35.3249
-37.9676
-35.7842
-34.3004
-35.3699
-34.7671
-36.1779
-36.1516
-33.9842
-34.8456
-34.2157
-34.9239
-34.3899
-34.5776
-36.243
-34.7511
-37.9676
-33.9533
-37.9676
-35.5024
-36.243
-36.087
-33.6045
-35.3526
-35.3526
-34.4147
-36.243
-35.3249
-35.5024
-36.3471
-34.8713
-36.243
-36.1516
-35.6303
-36.3068
-36.3068
-34.067
-35.2129
-36.3068
-35.3249
-36.3068
-36.2532
-35.5024
-36.243
-36.1779
-34.1398
-37.9676
-35.1775
-34.3545
-36.1516
-35.3996
-37.9676
-37.9676
-36.3471
-37.9676
-35.3526
-35.1709
-34.8456
-35.2905
-35.5024
-36.2332
-35.7842
-36.1779
-33.944
-35.3704
-34.5259
-35.4659
-35.3123
-36.2332
-35.0294
-36.3068
-34.5259
-33.8065
-35.5425
-36.243
-35.0294
-34.8905
-34.7671
-37.9676
-35.5024
-34.2164
-36.087
-34.2092
-35.3249
-36.3068
-36.1516
-35.2352
-37.9676
-34.4399
-35.2426
-35.2246
-36.2332
-35.2129
-35.2246
-36.243
-36.243
-37.9676
-35.7842
-35.3699
-35.3699
-37.9676
-35.2905
-34.3169
-33.1364
-35.3351
-34.2157
-36.2332
-35.7842
1.02356e+006
-37.9676
-35.3704
-35.0549
-35.2426
-34.32
-34.9517
-36.2532
-34.0636
-35.394
-34.3899
-35.2905
-34.4656
-35.1709
-37.9676
-31.4173
-37.9676
-36.1516
-35.5024
-34.4005
-33.3725
-36.1516
-36.2532
-35.2129
-36.2091
-36.1516
-34.8905
-36.3068
-36.2332
-35.3704
-35.3996
-34.4039
-36.2532
-35.3526
-37.9676
-37.9676
-34.3725
-37.9676
-36.243
-36.087
-37.9676
-35.5024
-37.9676
-36.243
-34.6587
-37.9676
-37.9676
-37.9676
-34.9517
-33.1591
-35.1775
-36.2332
-35.5024
-34.1302
-36.1516
-36.1779
-36.087
-35.3249
-37.9676
-35.5024
-34.9517
-37.9676
-36.3068
-34.3863
-37.9676
-35.3699
-36.243
-35.394
-33.3977
-35.1594
-36.1516
-34.3645
-34.4366
-35.6303
-35.5425
-36.3068
-35.3704
-36.1779
-36.243
-34.3169
-34.5776
-36.243
-36.2532
-35.4659
-35.5425
-36.2532
94875
-35.1149
-36.2332
-36.2532
-35.172
-35.6303
-36.3068
-35.172
-34.7671
-36.2332
-34.2307
-37.9676
-34.6336
-29.2584
-35.3123
-37.9676
-35.2638
-33.8339
-34.0848
-36.2532
-33.3318
-35.0896
-37.9676
-37.9676
-34.9517
-35.7842
-35.3351
-34.3204
-36.3471
-35.1149
-34.074
-36.3068
-34.0344
-34.1118
-33.9903
-35.1775
-34.8456
-36.087
-35.0896
-36.243
-37.9676
-35.3996
-34.8456
-35.0825
-35.3699
-33.3076
-37.9676
-34.1883
-37.9676
-36.243
-36.2532
-35.5425
-36.3471
-37.9676
-34.5259
-36.243
-34.4799
-35.394
-35.0294
-35.5425
-36.3471
-35.3249
-36.2532
-33.8721
-33.5293
-37.9676
-34.9517
-35.3699
-35.6303
-33.4839
-36.243
-37.9676
-35.5425
-35.3351
-34.9517
-34.3209
-37.9676
-34.8456
-35.5425
-36.2091
-36.1779
-35.2339
-35.172
-36.1516
-35.2246
-34.8905
-36.2332
-37.9676
-35.4659
-35.2426
-37.9676
-35.2129
-36.243
-35.5425
-34.0388
-36.3068
-34.3204
-35.2905
-34.3772
-33.1237
-34.19
-34.5827
-33.9441
-35.0549
-34.332
-36.2332
-37.9676
-35.2339
-36.2332
-34.9517
-35.4795
-36.243
246133
-34.6693
-37.9676
-37.9676
-33.9956
-33.4839
-36.2091
-36.2091
-37.9676
-35.3526
-34.1871
-34.4039
-34.8456
-35.3699
-36.243
-34.3772
-34.1235
-35.2129
-35.2638
-34.4434
-36.1779
-34.9517
-35.3996
-30.8722
-33.2537
-34.1746
-36.1516
-33.8339
-37.9676
-36.1516
-35.3526
-35.7842
-37.9676
-35.3704
-35.3351
-37.9676
-33.1691
-36.1516
-35.6303
-36.3068
-34.0609
-34.3252
-37.9676
-36.3068
-34.3204
-34.1118
-35.394
-36.087
-35.3526
-37.9676
-36.3068
-37.9676
-35.5024
-36.1516
-34.4039
-37.9676
-35.3181
-36.2091
-32.1101
-35.3996
-35.3249
-36.3471
-33.535
-33.1591
-34.332
-37.9676
-34.8713
-36.3471
-34.067
-35.3249
-35.7842
-35.6303
-34.7671
-36.243
-36.2532
-35.3526
-34.3645
-34.7636
-35.7842
-34.4245
-34.6488
-33.8904
-36.087
-36.2332
-34.8456
-37.9676
-35.6303
-34.3473
-35.2339
-34.0865
-35.4611
-35.3526
-35.1594
-35.7842
-35.3249
-35.1775
-35.6303
-37.9676
-36.2532
-35.0549
-36.087
-37.9676
-35.2638
-36.2332
-35.7842
-36.2532
-34.9517
-37.9676
-34.3545
-36.3068
-35.5425
-34.1118
-35.2905
-37.9676
-37.9676
-34.5776
-36.1516
-35.3699
-36.1779
-34.9517
-35.6303
-36.243
-35.394
-34.9239
-35.2352
-34.332
-37.9676
-36.3068
-35.5024
-36.2332
-36.1779
-33.0593
-34.9517
-35.4306
-36.1516
-34.2709
-34.332
-34.7671
-36.243
-33.8339
-35.2426
-36.3068
-34.4965
-36.1516
-37.9676
-33.4725
-34.4434
-35.2129
-33.9628
-36.243
-34.5259
-35.3249
-36.1516
-36.243
-33.2314
-35.4659
-36.3471
-36.3068
-37.9676
-37.9676
-35.7842
-34.5259
-34.9517
-37.9676
-36.087
-34.5352
-37.9676
-35.5024
-34.4039
-34.3459
-35.2129
-35.6303
-35.3181
-34.4042
-35.172
-35.3704
-34.4799
-33.9628
-35.7842
-36.2532
-34.2092
-35.3249
-35.2905
-34.3264
-36.243
-36.2332
-36.2332
-34.7636
-33.8514
-35.6303
-33.2503
-27.1969
-35.6303
-35.3249
-35.7842
-35.2638
-36.243
-35.3123
-34.2709
-35.1775
-34.2164
-34.3863
-36.243
-34.6693
-36.3068
-35.3351
-34.6587
-35.172
-33.9588
-35.6303
-36.1779
-35.3181
-34.013
-36.2532
-35.1594
-34.4877
-37.9676
-37.9676
-35.7842
-37.9676
-37.9676
-36.2532
-35.7842
-36.3471
-34.1969
-34.3473
-36.1516
-37.9676
-36.2332
-33.4839
-35.3526
-35.1775
-34.2526
-34.7636
-34.7511
-36.087
-36.3068
-37.9676
-36.1516
-36.1779
-35.3996
-35.6303
-36.243
-35.5024
-36.2332
-36.2332
-36.1516
-34.2709
-35.1149
-35.2905
-34.067
-35.3351
-35.1709
-35.5425
-31.3922
-34.8713
-35.3181
-34.9517
-34.8713
-34.0195
-33.2478
-36.3068
-34.3473
-36.2332
-36.2332
-35.3351
-35.3526
-35.5024
-33.0322
-37.9676
-36.1779
-36.1779
-37.9676
-35.5425
-37.9676
-37.9676
-36.243
-35.0294
-34.7671
-36.2532
-34.7671
-35.3249
-34.332
-37.9676
-35.3123
-36.2532
-36.3068
-37.9676
-37.9676
-35.3351
-36.2332
9.60564e+006
-33.9073
-33.4112
-35.3123
-34.8456
-35.3123
-35.2352
-35.4659
-37.9676
-35.3526
-35.3181
-36.087
-36.3471
-34.9517
-36.243
-33.9073
-35.3704
-36.2332
-34.067
-36.2532
-31.5566
-35.7842
-35.5425
-36.3068
-36.1516
-35.7842
-35.0555
-35.394
-34.9239
-36.3068
-35.7842
-35.3181
-34.8905
-35.3249
-36.243
-37.9676
133638
-34.8905
-35.394
-34.9239
-36.2091
-35.3351
-34.8713
-35.3704
-33.9833
-34.8456
-34.3264
-35.2339
-34.3165
-25.219
-34.3139
-35.3996
-34.29
-35.3351
-35.1594
-35.0896
-34.8649
-34.7671
-37.9676
-33.5749
-36.2532
-36.2532
-36.2091
-34.3004
-35.2246
-36.243
-35.2426
-34.4147
-36.1779
-36.2332
-34.4005
-35.2905
-35.3704
-33.8514
-34.7636
-35.3249
-33.2016
-34.3496
-36.1779
-36.2532
-37.9676
-37.9676
-35.3181
-36.2532
31201
-35.7842
-37.9676
16204.8
-35.2246
-34.4147
-36.2332
-32.7295
-34.1409
-34.3204
-35.5024
-34.4245
-35.5425
-35.7842
-35.7842
-35.3351
-35.1156
-36.1516
-33.1161
-35.3699
-35.2129
-35.3699
-35.6303
-35.0555
-36.243
-35.7842
-34.3459
-35.2905
-35.6303
-34.0848
-34.29
-35.5024
-36.2332
-34.5827
-34.4245
-36.2332
-36.243
-34.7671
-34.8284
-37.9676
-35.3249
-36.243
-35.5024
-33.1711
-35.2246
-35.3699
-35.4659
-36.243
-37.9676
-35.0294
-37.9676
-37.9676
-35.0294
-36.1516
-36.2332
-35.3249
-35.5425
-35.394
-35.1156
-36.3068
-36.087
-36.2532
-35.7842
-36.3471
-34.4877
-35.0294
-34.9517
-35.3526
-34.0848
-35.3704
-35.0555
-34.9517
-34.3252
-35.3181
-36.3068
-37.9676
-35.3351
-36.2332
-34.0931
-34.3004
-34.5259
-34.6984
-36.243
-33.7472
-35.4659
-36.1779
-35.3181
-34.7671
-36.2532
-34.0388
-35.3704
-35.4659
-37.9676
-37.9676
-34.8713
-37.9676
-36.3068
-34.2307
-37.9676
-34.9517
-35.5024
-35.5425
-34.3473
-36.2332
-36.2532
-33.3332
-37.9676
-34.5892
-35.3249
-29.357
-34.7731
-35.3526
-33.9755
-35.5024
-35.3249
-35.3351
-36.087
-34.3496
-37.9676
-35.2426
-35.3351
-36.1516
-34.9239
-34.8456
-35.5024
-36.2332
-36.1779
-35.7842
-34.3725
-34.3899
-35.3704
-36.2332
-33.1957
-37.9676
-35.5024
-35.3181
-35.394
34252.6
-35.3181
-35.6303
-35.3181
-33.4839
-35.7842
125318
-35.394
-35.3704
-37.9676
-35.5024
-35.3526
-34.4965
-36.243
-35.5425
-36.3068
-36.2091
-36.243
-37.9676
-34.3545
-35.6303
-35.3526
-37.9676
-36.2332
-37.9676
-34.7671
-33.9588
-35.1775
-35.7842
-36.087
-36.1516
-37.9676
-34.3645
-34.8649
-37.9676
-36.2532
-33.5092
-35.2905
-34.0631
-34.2307
-36.2532
-36.1779
-36.243
-34.0385
-36.1516
-36.087
-36.1779
-35.3181
-33.8832
-34.1883
-35.5024
-36.087
-36.2532
-33.242
-36.2332
-35.394
-36.2332
-36.087
-34.8905
-37.9676
-34.3361
-35.7842
-36.2332
-35.4659
-36.2332
-33.1504
-36.2532
-34.7671
-36.2532
-37.9676
-34.2675
-36.1779
-33.917
-36.1516
-36.243
-35.2638
-35.3699
-34.4245
-36.087
-21.5661
-36.2332
-34.7511
-35.5425
-35.3181
-35.5024
-36.2532
-37.9676
-34.3264
-35.2339
-36.1516
-37.9676
-35.2339
-37.9676
-35.7842
-35.3249
-37.9676
-36.087
-35.3181
-35.7842
-36.2532
-35.6303
-35.0896
-36.2332
-34.3204
-36.1516
-36.243
-36.243
-35.5024
-36.1516
-34.3459
-35.3181
-35.2352
-34.4144
-36.3068
-35.4659
-36.2532
-34.9239
-37.9676
-36.2332
-35.0294
-36.2332
-35.3704
-34.3204
-37.9676
-35.6303
-34.3169
-36.2091
-34.1118
-37.9676
-35.2638
-35.3351
47343
-34.3473
-34.6587
-37.9676
-36.2332
-34.1235
-34.3264
-36.1516
-36.1516
-36.243
-37.9676
-35.2129
-35.5024
-35.2339
-35.172
-35.3123
-34.3473
-35.6303
-35.7842
-35.6303
-34.3232
-37.9676
-35.2129
-36.1779
-37.9676
-35.3526
-35.172
-33.427
-35.2246
-35.4659
-33.8721
-36.1516
-36.2332
-35.6303
-36.3068
-35.2339
-35.7842
-34.4965
-33.9833
-35.3249
-35.5024
-36.243
-37.9676
-36.3068
-36.1516
-34.2709
-35.2129
-35.4795
-35.2129
-34.7671
-37.9676
-34.8905
-36.2532
-36.1516
-36.087
-35.0294
-33.2563
-34.1888
-35.2339
-35.6303
-36.1779
-34.2675
-34.1503
-34.3473
-35.3249
-35.7842
-33.2376
-35.394
-36.2332
-37.9676
-36.243
-36.1516
-37.9676
-36.2532
1.1661e+006
-35.1594
-36.2332
-37.9676
-36.243
-33.427
-37.9676
-34.3315
-37.9676
-35.3704
-35.3704
-33.8339
-36.243
-37.9676
-34.8905
-34.3725
79697.7
-34.0848
-35.0294
-35.4659
-36.243
-36.2332
-21.9581
-33.2563
-36.243
-33.1686
-35.3704
-34.742
-36.2332
-36.1779
-34.8649
-33.4373
-37.9676
-33.7349
-33.6416
-34.4005
-35.3249
-35.3181
5.50829e+006
-34.4877
-35.4795
-36.243
-35.3996
604033
-36.2332
-35.6303
-36.087
-35.394
-35.3704
-35.3123
-35.5024
1.04317e+006
-35.6303
-35.4619
-35.3996
-37.9676
-36.2332
-35.394
-35.3351
-35.5024
-37.9676
-33.9314
-36.3068
-35.2246
-34.7131
-37.9676
-35.172
-34.067
-36.2332
-33.1857
-34.8905
-37.9676
-35.2352
-37.9676
-34.3204
-35.3526
-35.7842
-34.5776
-36.1779
-35.5024
-36.3068
-35.6303
-34.0244
-35.1156
-35.2129
-35.3351
-33.5582
-35.7842
-36.243
-35.3351
-36.1779
-33.3443
-36.2332
-35.6303
-34.7455
-35.5425
-35.3249
-35.0549
-34.4144
-36.2532
-34.0632
-34.3253
-34.0848
-37.9676
-37.9676
-34.6663
-35.3123
-36.2332
-34.8713
-37.9676
-36.3471
-36.1516
-35.6303
-30.1964
-35.5425
-36.2532
-34.3253
-34.5545
-35.7842
-37.9676
-34.2097
-35.2129
-35.1156
-35.3249
-37.9676
-34.0931
-35.0549
-34.4424
-35.7842
-35.7842
-35.3526
-35.3704
-35.2426
-35.7842
-35.3704
-35.3526
-36.087
-37.9676
-36.3068
-35.5024
-37.9676
-35.7842
-37.9676
-33.1341
-36.087
-36.3471
-35.5425
-35.6303
-35.1156
-35.5425
-34.4965
-35.5425
-33.235
-34.4877
-35.2905
-35.3526
-33.5204
-37.9676
-35.5425
-36.1779
-36.1779
-35.3351
-34.5801
2.51443e+006
-33.9306
-37.9676
-34.6397
-34.7671
-37.9676
-36.2091
-35.3526
-34.8456
-37.9676
-37.9676
-35.6303
-35.0555
-34.3204
-36.2332
-34.7455
-36.2532
-36.243
-35.0555
-34.7511
-36.3068
-34.7731
-37.9676
-35.2129
-36.1779
-36.3068
-34.4147
-35.7842
-37.9676
-36.2091
-33.1801
-35.0825
-35.6303
-35.3699
-35.3123
-34.8713
-35.5024
-36.087
-35.3351
-34.7671
-36.3471
-35.3526
-37.9676
-35.2426
-36.3068
-36.3068
-35.5425
-35.2426
-35.5425
-36.2332
-36.243
-37.9676
-36.2332
-37.9676
-35.5425
-35.3249
-36.243
-37.9676
-35.3699
-35.4659
-35.2905
-35.2905
-34.8905
-34.5967
-34.7455
-34.3459
-33.3197
-34.1235
-35.3526
-34.5024
-37.9676
-35.0549
-36.3068
-34.6848
-34.3496
-36.2532
-36.3471
-35.1594
-35.0294
-34.1409
-34.9239
-34.3496
-35.2129
-35.394
-37.9676
-35.172
-37.9676
-36.1516
-33.0455
-36.2332
-34.9239
-36.2532
-35.2426
-35.3699
-37.9676
-35.3704
-34.8905
-33.9956
-35.7842
-36.3068
-35.3704
-35.3996
-35.1594
-34.7671
-35.0825
-35.3526
469964
-36.1516
-34.8713
-34.0412
28508.5
-35.3249
-35.2905
-35.3526
-34.2957
-34.3496
-35.7842
-35.2246
-34.7731
-37.9676
-35.6303
-36.1779
-36.087
-34.6587
-36.3068
-35.5024
-34.9517
-34.6336
-36.2532
-34.2526
-37.9676
-35.6303
-35.394
-36.087
-34.1235
-36.2332
-36.2332
-37.9676
-37.9676
-34.8456
-34.1883
-35.5024
-34.9239
-36.1779
473823
-35.2246
-34.2122
-34.3459
-36.243
-36.2332
-36.1516
-35.1594
-36.3068
-36.3068
-37.9676
-35.394
-36.2532
-36.2091
-35.2129
-36.2332
-34.9239
-36.1516
-34.4366
-34.6336
-34.4799
-35.5024
-37.9676
-35.5024
-33.1591
-35.3699
-36.2532
-34.0231
-34.3725
-35.3526
-35.2426
-34.4434
-36.243
-35.0549
-34.1209
-36.3471
-35.1156
-35.3704
-35.5024
-36.3068
-35.4659
-37.9676
-36.2332
-34.9517
-37.9676
-36.1516
-35.2129
-35.5024
-30.9352
-34.7636
-36.1516
-35.7842
-37.9676
-35.1775
-35.3526
-35.0294
-36.3471
-35.3123
-33.0823
-35.1156
-34.8713
-35.4659
-35.172
-35.1156
-35.5425
-35.4409
-35.394
-27.1123
-36.243
-37.9676
-37.9676
-35.3249
-35.3704
-36.087
-34.5825
-35.2426
-34.7131
-34.0464
-37.9676
-34.7455
-35.3123
-35.0825
-35.3351
-35.7842
-35.5425
-35.2638
-35.7842
-36.1516
-36.3068
-34.4755
-37.9676
-36.243
-36.1516
-35.394
-35.2638
-35.1594
-36.1516
-35.3699
-37.9676
-37.9676
-37.9676
-35.4795
-35.5425
-34.4005
-37.9676
-35.0294
-36.243
624754
-34.6468
-34.9239
-36.3068
-37.9676
-35.6303
-34.5801
-33.0313
-35.3249
-36.1779
-37.9676
-35.3123
-35.2905
-34.3264
-37.9676
-35.2246
-34.4366
-35.172
-35.3526
-34.3514
-35.1149
-34.3496
-34.3169
-34.505
-36.2332
-36.1779
-34.5825
-36.2332
-36.1516
-36.3068
-35.2905
-34.1878
-37.9676
-35.5425
-34.8284
-37.9676
-35.2638
-36.243
-36.3068
-36.1516
-35.0549
-34.4366
-34.1118
-37.9676
-35.2339
-34.3252
-36.3068
-36.2532
-36.243
-33.3725
-36.2332
-36.1516
-34.3165
-36.243
-34.6587
-36.1779
-36.3068
-35.4659
-37.9676
-36.087
-34.9517
-35.3351
-36.2332
-33.9425
-36.2532
-34.8456
-35.7842
-36.2532
-36.3068
-35.7842
-37.9676
-35.3996
-34.4791
-37.9676
-35.0549
-34.3473
-33.2962
-34.5015
-34.4147
-36.3471
-35.394
-33.2926
-34.4434
-34.1118
-35.4659
-34.8649
-37.9676
-35.0549
-35.0294
-36.1516
-34.8713
-36.243
-35.2638
-36.1779
-35.6303
-36.243
-36.243
-35.5425
-35.1775
-34.9239
-34.4965
-33.944
-34.3459
-35.5425
-34.3004
-33.9003
-35.2638
-35.3526
-37.9676
5057.79
-35.3704
-36.2332
-35.3526
-37.9676
-36.1516
-36.1779
-35.3351
-36.2532
-34.7455
-35.6303
-34.8905
-33.9533
-35.394
-34.3252
-35.5425
-34.4892
-35.2426
-34.9517
-35.3699
-36.1516
-36.3068
-35.3526
-35.3996
-33.2917
-37.9676
-34.0632
-35.4659
-37.9676
33463
-33.4312
-35.4659
-35.4611
-35.7842
-36.2532
-35.5024
-35.394
-36.2532
-35.7842
-35.0549
-36.087
-35.7842
-34.4005
-36.1779
-35.0555
-35.6303
-37.9676
-34.1883
-36.243
-37.9676
-36.3471
-37.9676
-35.0294
-35.2129
-33.8514
-35.0549
-35.6303
-36.2532
-34.4039
-36.3068
-35.5024
-37.9676
-35.0825
-36.2532
-35.3351
-34.9517
-34.8713
-34.1603
-34.2709
-35.1156
-35.1156
-34.2957
-35.2426
-36.087
-36.1779
-36.243
-34.9517
-34.3473
-35.2246
-36.243
-36.3068
-37.9676
-36.243
-37.9676
-35.2426
-37.9676
-34.2475
-35.2129
-37.9676
-36.2332
-35.3351
-37.9676
-32.6177
-36.1516
-36.1779
-34.3004
-34.9517
-36.243
-35.3996
-36.2332
-37.9676
-35.5024
-36.2332
-35.3704
-25.5429
-35.3526
-35.6303
-37.9676
-36.2332
-35.394
-34.29
-35.3249
-35.6303
-35.3526
-35.3249
-34.3725
-34.5259
-36.243
-36.087
-34.7671
-36.1779
-36.1516
-34.1883
-37.9676
-35.7842
-34.1883
-35.1149
-36.243
-35.2246
-35.3526
-35.1775
-36.1516
-37.9676
-34.067
-34.9239
-35.5024
-34.1883
-34.3004
-36.243
-34.3899
-36.1779
-33.4725
-25.7537
-34.7671
-36.2332
-35.3181
-35.3123
-33.427
-36.3471
228047
-35.6303
-35.3249
-35.6303
251467
-37.9676
-34.9517
-35.2246
-35.3996
-35.1156
-35.4659
-35.6303
-36.1779
-35.5024
-36.2332
-33.9867
-35.3704
-34.4042
-36.3068
-36.2332
-35.3699
-35.3526
-34.2675
-34.9517
-36.1516
-36.2332
-35.3526
-35.3249
-35.5024
-36.243
-34.4892
-36.3068
-34.139
-35.3526
-35.2129
-37.9676
-34.4005
-35.3526
-36.1516
-37.9676
-34.4005
-36.2332
-35.4659
-37.9676
-34.8649
-34.7671
-37.9676
-34.8284
-37.9676
-34.7671
-33.944
-35.3249
-36.087
-35.2246
-36.1516
-37.9676
-34.3264
-35.0294
-36.2332
-37.9676
-33.1504
-37.9676
-35.6303
-34.0933
-35.7842
-35.4659
-36.243
-37.9676
-35.3249
-36.2332
-35.3699
-34.6587
-37.9676
-33.5271
-33.5051
-34.332
-34.9517
-36.2332
-35.6303
-34.3473
-35.2129
-37.9676
-36.2332
-35.3351
-36.087
-35.3526
-34.0344
-36.087
-34.7671
-36.087
-35.5024
-35.4659
-31.1893
-35.394
-37.9676
-36.3068
-34.8905
-36.3068
-35.4619
-37.9676
-36.2332
-37.9676
-36.1516
-35.2246
-34.0231
-36.087
-36.2532
-36.1516
-35.5024
-34.2526
-36.3068
-37.9676
-36.2332
-37.9676
-34.4005
-35.3249
2.65981e+006
-34.3899
-37.9676
-34.0244
-34.3961
-33.8225
-25.4716
-36.2532
-34.3204
-34.6693
-37.9676
-34.32
-35.3996
-34.0244
-36.2332
-36.3068
-35.7842
-35.5024
-36.3068
-34.4042
-37.9676
-35.0555
-35.4656
-35.3249
-34.5825
-35.3249
-33.4138
-35.3123
-34.2675
-36.1516
-36.1779
-33.3318
-34.3004
-36.2332
-34.6693
-35.2129
-35.1156
-34.4434
-34.3139
-35.0555
-35.1775
-35.6303
-35.3249
-34.9517
-35.0294
-36.2332
-36.2332
-34.7671
-36.243
-37.9676
-34.8713
-36.243
-34.4434
-36.243
-36.2332
-34.2709
-34.7671
-36.243
-33.0351
-34.8456
-34.4434
-36.2332
-35.0555
-34.3204
-35.3704
-35.7842
-35.2339
-34.3204
-34.5827
-34.4597
-34.4366
-36.087
-37.9676
-35.2426
-28.9114
-31.0386
-33.2249
-34.8456
-36.1516
-33.5761
-37.9676
-36.2091
-34.3139
-36.243
-35.6303
-35.3526
-35.5024
-37.9676
-36.1779
-34.8713
-34.7671
-33.6958
-36.2332
-34.4147
-35.6303
-35.6303
-37.9676
-35.1149
-34.4144
-36.1779
12207.9
-36.3068
-36.243
998422
-35.5024
-34.2097
-37.9676
-35.7842
-34.8649
-36.087
-35.5425
-36.1516
-34.3725
-36.1779
-34.8649
-35.394
-37.9676
-37.9676
-35.5024
-36.3471
-34.7455
-36.2332
-35.2638
-35.1775
-35.7842
-34.5825
-35.5024
-34.3899
-34.6587
-36.2332
-36.2332
-34.0933
-33.3725
-37.9676
-36.2332
-35.2339
-35.3699
-33.7472
-35.2246
-34.3264
-37.9676
-35.2339
-35.2638
-37.9676
-23.7024
-34.3204
-35.6303
-35.3704
-35.3699
-35.4659
-34.4074
-36.243
-37.9676
-35.3249
-33.9442
-37.9676
-36.243
-37.9676
-35.4659
-35.3351
-34.3169
-35.3699
-36.2332
-36.087
-35.1594
-37.9676
34041.2
-33.3725
-36.2332
206611
-37.9676
-34.8456
-35.3181
-36.243
-35.6303
-34.2957
-35.0896
-35.5024
-36.2532
-35.4795
-37.9676
-34.1118
-35.4659
-33.4757
-35.2352
-37.9676
-34.4434
-36.243
-26.1758
-34.3863
-34.131
-35.6303
-35.3249
-35.3123
-35.4619
-36.2532
-35.7842
-34.332
-35.7842
-35.6303
-35.3123
-36.1779
-35.3526
-35.7842
-35.3181
-34.8905
-35.1156
-35.3181
-36.2332
-35.2426
-36.1779
-36.1516
-36.243
-35.3704
-36.1779
-36.3471
-34.8713
-36.243
-35.7842
-34.5352
-37.9676
-35.2129
-35.394
-36.1516
-37.9676
-34.3725
-36.087
-34.3204
-36.243
-34.8713
728707
-37.9676
-36.243
-35.0294
-35.2129
-34.505
-35.2905
-35.0549
-36.243
-34.2157
-37.9676
-35.1709
-34.8832
-34.7455
-34.1603
-35.3181
-34.8905
-36.1516
-33.9588
-36.2332
-35.7842
-35.7842
-35.5024
-34.3232
-36.2091
-33.6634
-37.9676
-37.9676
-35.2129
-34.0385
-35.3804
-37.9676
-37.9676
-35.2129
-34.2231
-35.2246
-36.2091
-34.8649
-36.3068
-36.243
-34.6693
-35.3704
-35.4795
-35.0294
-34.4755
-35.7842
-35.2246
-35.2426
-34.3899
-35.6303
-37.9676
-36.243
-36.3068
-33.9073
-35.3249
-33.0375
-35.5778
-37.9676
-34.0244
-35.4659
-34.2092
-34.3353
-35.394
-37.9676
-22.5287
-35.2905
-37.9676
-36.2332
-35.7842
-34.8905
-34.3204
-37.9676
-34.2245
-36.2332
-36.3068
-36.1516
-34.4042
-34.3725
-34.3725
-35.3249
-34.2526
-34.0848
-36.1516
-36.1779
-35.0549
-35.3526
-25.4234
-35.0555
-36.1516
-34.0654
-37.9676
-36.1516
-35.5024
-34.3361
-37.9676
-35.3699
-33.1957
-24.2869
-35.3699
-34.6587
-36.2532
-35.1775
-37.9676
-35.3526
-34.7731
-37.9676
-36.3068
-34.7455
-36.1779
-35.2638
-37.9676
1.38065e+006
-36.087
-36.087
-35.3704
-34.3004
-36.2532
-35.2638
-36.2332
-35.3351
-36.087
-35.394
-36.087
-36.1516
-35.5024
-34.3473
-35.172
-37.9676
-33.9187
-34.0884
-34.4366
-35.5425
-35.3351
-36.1516
-35.3526
-34.6761
-36.3068
-34.0388
-35.6303
-35.3123
-34.4965
-36.2332
-33.9842
-35.3996
-35.1156
-36.243
-35.1709
-35.3996
-35.3704
-31.2838
-35.6303
-34.5827
-33.8607
-36.2332
-36.243
32956.7
-32.257
-34.1888
-37.9676
-35.7842
-35.3181
-33.5041
-36.2332
-35.4659
-37.9676
-35.1156
-34.0632
-34.8456
-34.3473
-36.3068
-35.7842
-36.3471
-33.1957
-34.4424
-36.2332
-33.3295
-36.1779
-32.2116
-35.394
-35.2426
-35.0549
-36.087
-34.1235
-34.1603
-37.9676
-35.3704
-37.9676
-36.243
-35.2129
-36.2532
-34.3204
-36.243
-35.1149
-34.32
-34.4877
-35.2426
-35.0825
-37.9676
-37.9676
-36.2532
-36.087
-36.2332
-33.1182
-35.0549
-34.1767
-35.3351
-34.079
-33.7349
-34.3725
-35.7842
-35.3351
-34.5118
-35.6303
-35.2246
-33.3065
-36.2332
-34.7455
-37.9676
-35.3181
-37.9676
-37.9676
-36.1779
-35.6303
-35.7842
-36.243
-35.5024
-36.1779
-36.087
-35.0825
-36.3068
-33.7863
-36.2532
-37.9676
-33.944
-34.8649
-35.5024
-36.1779
-36.3068
-35.172
-37.9676
-37.9676
-36.2532
-36.243
-33.2232
-34.3863
-34.0893
-35.3123
-35.394
-36.243
-34.5259
-36.1516
-34.5745
-34.0344
-36.2532
-35.5024
-35.3351
-33.2563
-35.6303
-35.4659
-35.4659
-34.7671
-36.2332
-37.9676
-35.5024
-36.2532
-34.2957
-35.6303
-29.6088
-36.243
-36.2532
-35.7842
-35.1709
-36.3068
-34.0884
-35.3351
-34.3645
-35.394
-33.1161
-34.2475
-34.9517
-33.2695
-35.1594
-35.1149
-35.1775
-37.9676
-34.4597
-33.3451
-35.5024
-34.4755
-37.9676
-35.394
-35.4795
-35.5425
-35.3526
-34.9239
-36.1779
-35.5425
-35.1594
-35.1775
-36.1516
-34.5827
-36.2332
-37.9676
-36.2532
-36.2532
-34.8713
-36.243
-37.9676
-35.3181
-37.9676
-36.1516
-36.2332
-37.9676
-35.6303
-34.2006
-37.9676
-35.3526
-36.087
-35.6303
-34.8713
-34.3169
-35.3181
-35.7842
-34.3899
-36.1516
-35.6303
-34.4877
-35.3249
-34.6468
-35.3123
-34.3204
-35.4659
-35.1709
-34.4147
-36.1516
-34.2957
-36.1516
-35.1149
-35.0896
-36.1516
-36.243
-36.087
-33.3065
-34.32
-37.9676
-35.5024
-37.9676
-36.1779
-35.2905
-35.2129
-36.2532
-37.9676
-36.2332
-34.6693
-35.3351
-36.1779
-35.7842
-35.5425
-34.3863
-34.3004
-36.1516
-35.0294
-35.3526
-33.9924
-34.0719
-33.3332
-36.1516
-36.2532
-37.9676
-37.9676
-34.7671
-36.2332
-33.944
-37.9676
-35.2638
-34.0848
-35.0549
-35.3351
-35.2638
-34.9517
-36.243
-34.079
-33.8778
-35.5024
-37.9676
-34.332
-35.6303
-34.3473
-35.3704
-36.1779
-34.4147
-35.2339
-35.2352
-37.9676
-37.9676
-36.2532
-35.4659
-35.0549
-35.394
-36.243
-35.394
-36.243
-36.2332
-35.6303
-35.5425
-35.3181
-35.5024
-35.3249
-34.4755
-35.3526
-34.3264
-35.2638
-33.4923
-36.3471
-33.6691
-37.9676
-36.2332
-35.5425
-34.3899
-35.3996
-36.087
-35.5425
-36.1516
-35.4795
-35.1594
-37.9676
-35.4659
-36.3068
-36.3471
-36.3068
-36.1779
-34.4144
-34.4245
-34.5776
-36.1516
-35.2246
-35.7842
-36.087
-36.1779
-35.6303
-35.394
-36.2091
-36.1516
-37.9676
-35.3249
-35.3351
-35.2638
-37.9676
-36.3471
-34.9517
-34.9517
-37.9676
-37.9676
-35.394
-36.3471
-35.0294
-37.9676
-37.9676
-36.2532
-34.8649
-35.2339
-35.7842
-37.9676
-36.087
-35.4795
-33.9755
-34.1101
-37.9676
-33.4757
-35.3704
-33.9442
-35.3123
-35.3704
-37.9676
-36.2532
-33.1959
-36.087
-37.9676
-35.3526
-34.1871
-34.29
-35.2905
-35.1149
-27.0037
-35.1775
-34.5825
-33.8514
-35.2339
-36.1516
-34.8878
-35.1149
-34.9517
-35.172
379923
-37.9676
-36.243
-35.6303
-34.4799
-35.5024
-35.2905
-35.3526
-35.3181
-33.427
-35.7842
-36.2332
-35.0549
-33.8514
-35.5425
-34.7671
-37.9676
-34.0802
-34.8456
-35.1156
-37.9676
-34.3209
-33.1801
-35.2129
-35.2426
-36.2532
-35.2905
-34.1603
-35.6303
-37.9676
-34.3483
-35.5024
-35.2129
-36.1779
-35.394
-35.2426
-35.2339
-35.2246
-35.2638
-34.3252
-35.0294
-34.131
-35.2426
-36.243
-36.2332
-36.2332
-35.2638
-35.5425
-36.087
-36.1516
-36.3068
-33.8596
-36.2332
-36.3068
-35.5024
-34.4892
-36.087
-36.2532
-36.3068
-37.9676
-35.1594
-35.6303
-34.8649
-34.4042
-35.1775
-36.087
-35.0294
-34.3169
-36.3068
-35.3704
-36.1516
-35.3123
-35.3249
-36.2532
-35.172
-36.2332
-34.332
-36.2332
-36.243
-35.2352
-36.1516
-35.5975
-34.8905
-36.1516
-35.6303
-36.243
-36.243
-35.3351
-33.5051
-35.3699
-30.5186
-37.9676
-36.1516
-37.9676
-36.243
-36.2332
-35.6303
-35.3526
-35.0825
-36.1516
-36.3068
-36.087
-33.2563
-36.243
-36.1516
-37.9676
-35.1775
-35.5425
-35.5425
-34.8905
-35.2638
-35.5024
-37.9676
-34.6536
-35.3123
-36.2332
-35.5024
-35.7842
-37.9676
-37.9676
-35.6303
-34.8456
-33.3295
-36.087
-35.3249
-36.243
-35.4659
-34.2709
-35.5425
-34.9517
-34.1969
-36.1779
-35.172
-34.5024
-34.0788
-35.0555
-35.3249
-36.2332
-34.3899
-35.3249
-36.243
-35.172
-34.3725
-36.3471
-35.4659
-36.087
-35.1156
-34.9517
-35.1149
-36.3068
-37.9676
-36.243
-34.7455
-35.3181
-36.243
-35.7842
-35.3526
-35.1149
-36.1516
-36.2332
-36.3471
-37.9676
-34.3253
-36.2332
-36.087
-37.9676
-35.3996
-33.4112
-36.2332
-36.243
-33.0171
-35.3123
-37.9676
-35.5425
-35.3526
-33.7908
-35.2905
-36.3068
-35.5024
-36.2091
-34.3899
-36.2532
-34.3549
-35.7842
-35.1775
-36.1516
-35.3123
-36.2332
-36.2332
-36.243
-34.8456
-35.3351
-34.3899
-34.8456
-35.172
-36.1779
-35.3249
-37.9676
-35.5425
-35.3704
-37.9676
-36.2532
-33.0823
-35.7842
-36.2332
-35.6303
-33.1711
-35.0294
-36.087
-35.9608
-35.1775
-34.7671
-37.9676
-37.9676
-36.3068
-34.8649
-34.4042
-34.2675
-35.6303
-37.9676
-35.4611
-34.7671
-34.4147
-33.9003
-36.2332
-37.9676
-36.1779
-34.3473
-35.7842
-36.3068
-34.5776
-34.0933
-33.0932
-36.1779
-36.243
-37.9676
-36.1516
-34.3725
-34.0802
-37.9676
-36.2532
-35.1156
-34.1209
-35.1775
-36.1779
-36.1516
-35.0896
-35.3699
-35.3526
-35.3123
-35.1149
-35.1775
-36.3068
-34.3264
-35.172
-36.1516
-34.4892
-36.243
-37.9676
-34.5259
-34.6468
-34.1118
-37.9676
-36.2332
-36.243
-35.0825
-35.3699
-37.9676
-35.3123
-35.5024
-36.1516
-35.7842
-35.5425
-20.7862
-36.2332
-35.172
-35.2339
-35.1775
-34.332
-37.9676
-32.3112
-34.2709
-34.7671
-35.6303
-36.3471
-37.9676
-36.2332
7277.89
-35.3699
-35.3699
-34.7731
-37.9676
-35.0294
-35.172
-34.8713
-36.243
-33.0572
-36.2332
-36.3068
-37.9676
-35.7842
-35.5425
-35.7842
-36.3471
-35.1156
-34.4147
-36.2332
-35.2129
-34.29
-34.3623
-36.243
-36.1516
-35.1156
-34.742
-36.2532
-32.8795
-36.2532
-34.4074
-35.3996
-36.1516
-35.3181
-34.3899
-37.9676
-36.2332
-34.3459
-35.7842
-36.087
-37.9676
-35.6303
-34.2709
-35.3123
-34.7511
-37.9676
-36.1516
-34.6824
-34.3473
-33.9285
-36.2532
-37.9676
-37.9676
-36.3068
-35.3526
-35.0825
-34.1603
-33.9956
-36.3068
-35.3526
-35.5425
-36.087
-35.3181
-35.7842
-34.8456
-35.3351
-35.7842
-37.9676
-36.2532
-35.172
-35.2129
-36.3068
-36.1779
-36.1779
-33.3977
-36.2332
-35.1156
-35.3699
-36.2332
-35.3526
-34.9517
-37.9676
-34.2957
-35.5425
-37.9676
-36.2532
-35.3181
-36.2332
-35.3351
-35.2246
-35.5024
-34.4789
-34.3496
-36.2532
-36.3068
-36.243
-37.9676
-36.1779
-33.4112
-35.4619
-35.2246
-34.3473
-34.9517
-35.3526
-36.243
-35.172
-33.235
-35.6303
-37.9676
-35.5024
-37.9676
-34.9517
-35.3249
-36.1516
-34.3899
-35.1156
-36.3068
-35.3123
-36.3068
-36.3068
-34.2957
-36.243
-36.3068
-35.3351
-36.2091
-34.332
-35.3699
-35.2352
-37.9676
-37.9676
-34.3169
-35.0825
-36.243
-34.3514
-35.4795
-35.6303
-36.3068
-34.5259
-36.243
-35.3704
-35.6303
-34.3204
-36.087
-34.3725
-34.1969
-35.0294
-35.0549
-33.3754
-35.1775
-36.243
-35.0825
-34.2157
-37.9676
-36.3068
-33.9924
-34.9239
-35.6303
-35.5024
-34.7511
-35.3996
-34.3204
-36.3068
-35.394
-35.3249
-37.9676
-36.2332
-34.1883
-36.9868
-36.243
-33.3295
-36.2532
-33.9842
-36.1516
-37.9676
-35.7842
-34.131
-35.3526
-35.0555
-35.2246
-34.3473
-36.1516
-36.2532
-37.9676
-34.9239
-36.3068
-36.1516
-34.1521
-35.394
-35.3249
-37.9676
-35.3181
-34.3645
-35.1709
-34.171
-36.2332
-35.4619
-35.3351
-37.9676
-35.2129
-36.3068
-36.1516
-35.7842
-36.2532
-37.9676
-34.4042
-36.2332
-35.394
-35.5425
-36.3068
-36.243
-33.1364
-35.4611
-34.3264
-34.5827
-37.9676
-35.1594
-35.3351
-37.9676
-35.0896
-37.9676
-37.9676
-35.6303
-37.9676
-35.3996
-35.5425
-37.9676
-34.1603
-34.3725
-37.9676
-35.7842
-36.2532
9860.97
-35.0549
-34.3725
-37.9676
-34.5259
-35.3249
-33.2232
-34.2526
-36.1779
-35.3351
-36.087
-35.0294
-35.3123
-28.5253
-34.4877
-36.3068
-35.394
-32.0457
-36.2332
-36.2332
-35.5024
-36.3068
-34.8649
-35.7842
-36.087
-37.9676
-34.1235
-35.0294
-34.4597
-34.067
-34.2307
-35.7842
-36.3068
-37.9676
-37.9676
-34.3725
-33.1786
-35.5024
-37.9676
-34.1888
-34.8905
-34.7671
-35.0896
-36.2532
-36.243
-35.3526
-35.3351
-35.3249
-35.2246
-35.7842
-33.4528
-37.9676
-36.2332
-35.0825
-37.9676
-35.3181
-35.3351
-36.1516
-37.9676
-35.172
-35.0825
-34.0151
-34.0412
-37.9676
-35.394
-35.7842
-34.6824
-34.1118
-33.2314
-36.2332
119556
-35.3123
-36.2091
-36.1779
-35.2129
-35.6303
-35.0555
-36.243
-36.0042
-33.2695
-35.3704
-35.0549
-36.087
-34.4877
-35.5024
-37.9676
-33.944
-36.087
-35.2638
-35.3181
-36.2532
-34.9517
-35.4659
-34.7636
-35.1149
-34.7671
-34.4791
-34.4039
-37.9676
-36.1516
-36.3068
-33.4373
-35.172
-35.3526
-35.2129
-36.1779
-33.8904
-35.0294
-35.0896
-33.9314
-32.2908
-33.9533
-36.1779
-35.5024
-36.2532
-33.9956
-34.7671
-35.2129
-35.4659
-35.2129
-35.394
-37.9676
-34.3169
-35.1156
-36.1779
-36.2332
-34.3496
-36.2091
-34.7671
-35.3351
-34.4005
-33.944
-36.243
-35.394
-34.7731
-35.3249
-35.0825
-36.087
-37.9676
-34.9517
-35.1156
-35.3351
-35.5024
-35.1594
-36.2532
-36.2332
-34.8456
-37.9676
-34.4791
-36.3068
-35.3699
-35.7842
-34.9517
-34.3899
523875
-35.0294
-35.5425
-36.2332
-36.3068
-35.0294
-35.1594
-35.3704
-37.9676
-34.3863
-35.1149
-35.3181
-34.9517
-35.0294
-36.3068
-33.9833
-37.9676
-35.3704
-36.2332
-36.1779
-36.1779
-34.3204
-35.5024
-34.3169
-35.5024
-34.4799
-35.2246
-35.3704
-37.9676
-34.8456
-34.7671
-35.2905
-37.9676
-36.243
-37.9676
-37.9676
-34.3377
-37.9676
-37.9676
-33.4138
-34.4399
-37.9676
-34.9517
-35.5425
-35.2426
-37.9676
-35.3249
-37.9676
-36.3068
-36.3068
-37.9676
-35.3704
-35.3526
-34.7671
-36.1516
-36.2332
-33.0924
-35.3351
-35.5425
-36.2332
-36.3068
-34.7455
-35.3351
-36.1779
2.17829e+006
-34.4366
-35.6303
-35.5425
-36.3068
-37.9676
-36.3068
-35.5024
-34.3264
-37.9676
-34.9517
-34.4597
-35.6303
-35.394
-36.3068
-35.7842
-36.243
-35.1149
-35.3704
-35.3704
-36.243
-35.1156
-37.9676
-36.087
-36.243
-35.3526
-35.1156
-36.087
-35.5024
-36.2532
-35.6303
-34.2092
-35.6303
-37.9676
78261.2
-36.2532
-35.4659
-34.0848
-36.1779
-35.2905
-34.4639
-36.087
-34.7671
-35.3249
-35.5024
-36.243
-34.7636
-36.1779
-36.2332
-36.243
-36.087
-34.4074
-36.1516
-35.3123
-36.3471
-37.9676
-34.0636
-35.4795
-37.9676
-34.074
-37.9676
-36.2532
-37.9676
-34.7671
-35.2638
-35.2352
-30.4791
-36.243
-36.2332
-36.2332
-34.1118
-37.9676
-35.7842
-37.9676
-37.9676
-35.1594
-35.2352
-35.3351
26834.1
-34.5015
-35.3123
-34.4434
-33.8832
-36.2332
-35.394
-35.4659
-35.7842
-35.2905
-36.2332
-34.4147
-36.1516
-35.172
-35.0825
-34.3204
-35.5024
-37.9676
-33.2232
-36.1516
-35.3996
-35.6303
-36.3068
-34.742
-34.2164
-35.2129
-35.4659
-37.9676
-36.087
-36.243
-35.7842
-37.9676
-37.9676
-34.4152
-35.394
-35.3699
-34.3252
-34.3169
-37.9676
-36.2332
-37.9676
-35.5024
-36.1516
-37.9676
-37.9676
-23.9785
-36.1516
-35.7842
-35.4659
-35.0555
-36.1516
-35.3249
-36.1516
-34.8905
-36.243
-36.243
-33.9867
-35.3181
-34.2957
-35.3351
-35.2905
-34.3165
-37.9676
-33.9314
-36.243
-35.3351
-34.4597
-37.9676
-34.0535
-35.2129
-35.3704
-36.087
-33.4112
-37.9676
-36.087
-35.3704
-36.243
-37.9676
-36.2532
-34.6848
-33.9003
-36.3471
-37.9676
-35.6303
-33.9163
-35.3123
-34.9517
-35.4659
-34.4005
-34.3483
202259
-36.3068
-36.3068
-34.3863
-34.5259
-34.7671
-36.243
-34.1235
-35.5425
-34.2307
-34.9517
-35.7842
-35.0549
-36.3068
-34.067
-36.243
-35.4611
-35.3526
-37.9676
-34.0893
-36.3068
-35.4659
-34.0609
-36.243
-33.1834
-37.9676
-37.9676
-35.3351
-35.3351
-35.3351
-36.2091
-34.2709
-35.0896
-35.394
-34.0636
-36.2532
-33.9414
-36.2332
-36.2332
-37.9676
25066.1
-34.0827
-35.0549
-37.9676
-35.2638
-36.2332
-35.1775
-34.3725
-36.087
-35.3351
-35.4619
-35.5425
-34.3264
-34.8713
-34.3204
-36.243
-34.3252
-33.2917
-35.3526
-33.2647
-37.9676
-36.1779
-34.7599
-34.5259
-35.3699
-35.394
-36.1779
-34.3496
-35.7842
-35.2638
-36.3068
-36.243
-36.2332
-35.0294
-37.9676
-34.3252
-35.3123
3.76238e+006
-35.2426
-34.0654
320137
-36.3068
-37.9676
-35.2638
-35.7842
-37.9676
-35.4659
-34.2709
-35.172
-34.3863
-37.9676
-34.5825
-35.3699
-33.3754
-35.2129
-35.2129
-36.2332
-34.3169
-34.2157
-33.4138
-33.3295
-35.3123
-34.4039
-34.8649
-36.3068
-36.243
-36.087
-35.1149
-34.8456
-34.1883
-35.5024
-35.0294
-35.7842
-37.9676
-36.087
-34.2157
-34.3473
-36.1779
-33.2252
-36.1516
-35.5425
-35.0294
-35.172
-36.243
-35.5024
-34.3725
-34.7455
-34.5827
-35.2905
-35.2638
-37.9676
-36.2332
-34.1118
-36.2532
-35.1594
-36.3068
-36.243
-34.8905
-37.9676
-34.074
-35.5425
-35.7842
-34.6984
-34.3863
-34.32
-34.3169
-36.3068
-35.2339
-36.2332
-37.9676
-36.3068
-37.9676
-34.9517
-35.2905
-36.2532
-35.2246
-37.9676
-35.2638
-36.2332
-34.4042
-36.2532
-34.8713
-35.2339
-34.8713
-35.3996
-35.6303
-36.2532
-36.1779
-34.1209
-36.3068
-33.1237
-34.1883
-35.7842
-34.4366
-35.1156
-36.1779
-36.087
-34.5352
-35.6303
-37.9676
-36.087
-35.0294
-36.243
-35.7842
-33.0457
2.68018e+008
-34.2231
-34.8649
-35.7842
-36.2532
-36.3068
-34.0802
-37.9676
-35.0549
-35.3351
-35.1709
-33.9285
-34.7731
-36.1516
-37.9676
-35.1775
-36.2532
-35.4248
-32.6057
-35.2129
-37.9676
-33.9588
-36.3068
-34.3252
-34.7671
-35.5024
-34.2675
-37.9676
-35.7842
-34.3165
-35.7842
-34.8713
-36.3068
-37.9676
-35.2339
-33.8566
-36.2532
-35.394
-34.7671
-33.1667
-37.9676
-33.9441
-36.2532
-35.3351
-36.2332
-34.2475
-36.1516
-36.1516
94837.1
-34.3353
-35.6303
-35.1775
-35.3351
-35.5024
-35.5024
-36.2532
-36.2332
-35.7842
-37.9676
-33.2016
-35.3181
-36.2091
-35.0549
-34.4799
-37.9676
-36.3068
-37.9676
-37.9676
-35.2129
-34.7671
-33.2478
-34.4147
-37.9676
-34.3204
-36.2332
-37.9676
-37.9676
-34.3459
-32.942
-37.9676
-37.9676
-35.5425
-37.9676
-35.3181
-33.2314
-34.332
-34.3645
-29.6403
-36.1779
-34.0195
-33.2503
-36.243
-36.243
-36.087
446353
-35.5425
-34.4366
-36.243
-34.2307
-36.087
-35.7842
-35.1156
-35.6303
-37.9676
-34.9517
-37.9676
-36.087
-34.9517
-35.3699
-37.9676
-35.3181
-37.9676
-33.9533
-34.7671
-36.2532
-37.9676
-35.3699
-34.2475
-36.243
-36.2532
-34.1118
-35.0825
-33.3443
-36.3471
-35.0549
-35.2426
-35.2129
-33.4757
98975
-37.9676
-36.2332
-34.3496
-36.1516
-33.4923
252712
-33.2565
-35.5425
20592.7
-37.9676
-33.3022
-36.1516
-35.1594
-36.1516
-34.3004
-36.1516
-35.5024
-35.3249
-33.1364
-35.2129
-34.4597
-33.3725
-35.3704
-35.3704
-37.9676
-36.3471
-36.2532
-36.3068
-35.7842
-37.9676
-34.4799
-36.3471
-36.1516
-37.9676
-36.087
-36.3068
-35.3996
-35.172
-37.9676
-34.7671
-35.4611
-36.1516
-35.0549
-34.9517
-35.4659
-35.2638
-35.394
-35.3351
-36.087
-37.9676
-34.1101
-35.4659
-36.2332
-36.2532
-37.9676
-35.6303
-35.5024
-36.1779
-36.087
-37.9676
-33.4373
-34.3204
-34.4366
-36.243
-34.5792
-35.7842
-37.9676
-35.7842
