-27.4797
-25.504
-26.6233
-26.558
-27.4797
-27.5559
-27.2139
-27.2139
-27.1149
-26.558
-26.3623
-26.5908
-26.3623
-26.2702
-26.6233
-27.1901
-27.2139
-28.4225
-26.5217
-27.5452
-27.1149
-28.4225
-27.4797
-26.558
-26.4184
-26.4184
-27.2139
-27.5452
-25.838
-27.5452
-26.4905
-26.677
-26.4839
-25.552
-27.4797
-26.5217
-27.5559
-27.1901
-21.7596
-26.4644
-27.4797
-27.5452
-27.4797
-26.4429
-17.4089
-26.6226
-26.3623
-26.3287
-27.5559
-27.1901
-26.558
-26.5908
-27.4468
-25.552
-27.5559
-26.558
-26.5955
-27.3723
-26.5908
-26.4184
-26.3623
-27.5452
-28.4225
-26.4184
-26.5792
43805.4
-25.552
-26.558
-26.4839
-27.1901
-19.2911
-26.7386
-27.4468
-27.5223
-27.4797
-26.6233
-27.4468
-27.4797
-26.2616
-27.1149
-27.5223
-27.4797
-27.4797
-27.2056
-27.5452
-27.4797
-27.5559
-27.3723
-28.4225
-27.5452
-25.7265
-27.4468
-26.4905
-26.554
-28.4225
-26.7386
-27.5452
-27.4797
-26.5314
-28.4225
-26.5314
-26.5217
-26.5908
-27.5452
-25.504
-27.4797
-26.1161
-26.5792
-26.4905
-27.4797
-27.5559
-27.5452
-26.3287
-27.5559
189199
-28.4225
-28.4225
-27.1149
-27.4797
-26.4839
-27.5452
-26.5314
-24.0448
-27.5452
-26.608
-26.677
-25.504
315543
-27.5452
-25.5786
-26.6233
-27.4797
-25.291
-27.5559
-25.552
-27.4797
-27.4797
-27.4797
-27.4468
-26.4184
-27.5452
-26.6115
-27.4468
-27.4468
-26.5792
-27.2139
-26.558
-27.2139
3.5072e+006
-27.1901
-27.5452
-27.4797
-27.4797
-26.558
-27.1149
-26.558
-26.6233
-27.1149
-27.5452
-27.5559
-27.4797
-26.4429
-26.6952
-28.4225
-26.558
-27.5452
-27.2139
-26.4644
-27.1149
-26.5217
-26.4905
-28.4225
-27.4797
-25.504
-27.1149
-27.5559
-27.4797
-27.2139
-27.4468
-27.4797
-26.5217
-28.4225
-26.558
-27.4797
-27.2139
-26.6233
-27.5452
-27.5559
-27.1149
-25.504
-27.4468
-27.4797
-26.5908
-26.6233
-27.5559
-27.5452
-26.6115
-26.4429
-26.4165
-28.4225
-26.6233
-26.4839
-27.1149
-27.5452
-26.5217
-26.4644
-28.4225
-26.558
-13.7945
-27.4468
-27.4468
-26.4184
-27.3723
-26.3623
-27.3723
-26.3623
-28.4225
-27.4797
-25.552
-26.4839
-26.558
-26.4644
-27.5452
-27.4797
-27.1149
-27.5452
-27.4797
-26.3199
-27.274
-26.5908
-26.5955
-27.3723
-27.5452
-26.558
-18.3436
-27.4468
-27.3723
-27.5559
-27.5559
-26.5314
-26.4165
-28.4225
-26.6115
-27.2139
-26.1996
-28.4225
-26.6226
-26.5886
-27.4468
-27.4797
-27.4797
-26.7386
-28.4225
18763.9
-26.6226
-26.5886
-27.5559
-26.5217
-26.6233
-27.5223
-26.5314
-28.4225
-27.274
-26.5217
-26.6226
-26.4429
-27.5223
-27.5559
-27.2139
-25.552
-27.4468
-27.5559
-27.2139
-27.2139
-27.1901
-25.552
-27.5452
-26.5955
-28.4225
-27.5223
-27.5452
-27.4468
1.32412e+007
-27.5452
-27.1901
-25.5805
-26.4905
-27.4797
-26.4839
-27.4797
-28.4225
-27.4797
-26.4905
-27.5559
-26.3623
-26.4429
-28.4225
493635
-27.2139
-27.4797
-25.9585
-25.5268
-28.4225
-26.6115
-27.5452
-25.504
-26.7386
-28.4225
-28.4225
-27.5452
-26.5955
-26.6952
-26.5955
-27.4797
-27.4797
-26.6226
-27.5452
-26.6233
-27.4797
-27.5559
-27.1149
-26.1996
-27.4797
-27.2139
-28.4225
-27.4797
-27.4797
-26.4839
-26.5886
-26.558
-25.4075
-27.1901
-27.4797
-28.4225
-28.4225
-15.9599
-26.5217
-26.558
-26.5792
-27.4797
-26.558
-26.6233
-25.4434
-26.4839
-27.2139
-28.4225
-26.5908
-27.1901
-27.4797
-26.4905
-27.5452
-25.5268
-26.4921
-26.5217
-27.4797
-27.5452
-26.6115
-27.5452
-28.4225
-27.4468
-27.5452
-27.4468
-28.4225
-26.6226
-26.5217
-26.5314
-26.4429
-28.4225
-26.558
-27.4468
-26.4184
-27.4797
-27.4797
-27.5223
-27.4468
-27.5452
-27.2139
-26.2575
20389.2
-27.4797
-26.6233
-27.5452
-27.5452
-26.4429
-27.4468
-27.5452
-27.4797
-26.558
-28.4225
692558
-27.5559
-25.3442
-27.4797
-28.4225
-26.5217
-27.4797
-27.4797
-27.5452
-28.4225
-27.5559
-27.2139
-27.4797
-26.558
-26.3623
-27.4797
-27.4797
-26.4184
-27.1149
-28.4225
293684
-27.4797
-26.4839
-27.4797
-27.4797
-27.4468
-26.558
-27.4797
-27.5452
-26.6226
-26.6226
-26.3287
-26.3623
-27.4797
-25.5666
-23.9165
-27.4797
-26.6233
-26.4839
-27.1901
-28.4225
-28.4225
-28.4225
-26.5886
-26.4839
-27.4468
-26.5314
-26.6115
-26.1161
-27.5559
-22.4753
-27.5452
-27.5559
-26.5217
-26.583
-26.2801
-26.4839
-26.5217
-27.5452
-27.5452
-26.141
-27.1149
-25.504
-27.4797
-28.4225
-27.4797
-27.4797
-27.5452
-26.6233
-28.4225
-26.5314
-26.5792
-27.3723
-27.5559
-27.4797
-26.5955
-27.4797
-28.4225
-27.2139
-27.5452
-26.5886
-27.5452
-26.3623
-26.558
-26.4644
-28.4225
-27.4468
-27.5559
-27.5559
-26.4429
-27.2139
-26.558
-26.6233
-28.4225
-26.6233
-27.4797
-27.2056
-28.4225
-28.4225
-26.6233
-27.5559
-27.5452
-27.5452
-27.4797
-26.5792
-25.4434
-26.5792
-26.558
-27.1149
-27.4797
-27.4797
-27.4797
-27.5559
-26.6115
-27.4797
-27.5559
-27.4797
-25.5786
-26.5792
-26.5955
-28.4225
-26.4905
-27.3723
-27.5559
-26.5886
-28.4225
-26.7386
-28.4225
-26.4905
-26.5955
-26.558
-27.4468
-27.5559
-26.4905
-27.5452
-28.4225
-27.2139
-26.6226
-26.5314
-27.2139
-26.4429
-28.4225
99191.5
-27.5452
-26.5314
-27.4797
-27.4468
-28.4225
-27.5559
-26.4184
-27.4797
-27.5559
-26.4905
-26.5792
-26.4839
-27.5559
-26.6233
-27.1901
-27.5452
-26.5955
-27.5452
-27.4797
-27.4797
-26.558
-27.274
-26.4429
-27.4468
-25.5786
-27.5452
-27.2139
-28.4225
-26.6115
-27.4468
-27.4797
-26.5792
-26.4905
-27.2139
-27.5559
-27.5559
-27.5452
-26.5217
-28.4225
-26.7386
-27.5559
-27.274
-26.4429
-28.4225
-28.4225
-28.4225
-27.4797
-26.5908
-26.6233
-27.4468
-27.5559
-27.4797
-27.4468
-28.4225
-27.5452
-27.5223
-27.4797
-26.5217
-27.5559
-26.4839
-27.5559
-27.5452
-27.4797
-25.5786
-27.4797
-27.4797
-27.2139
-26.4905
-26.7386
-26.6233
-27.5223
-27.1149
-27.2139
-28.4225
-26.6115
-27.5223
-27.5559
-27.5452
-28.4225
-23.6193
-26.558
-27.4797
-27.2139
-26.6233
-26.2125
-27.2139
-27.4468
-27.2139
-26.4905
-26.5908
-27.4797
-27.5452
-26.4644
-26.5314
-27.5559
-28.4225
-28.4225
-26.4429
-27.4468
-27.5559
-26.4644
-26.6233
-25.5666
-27.4468
-26.5217
-26.4905
-27.2139
-27.1149
-27.4797
-26.558
-27.4797
-28.4225
-27.4797
-28.4225
-27.4797
-27.2139
-27.4797
-26.4184
-27.4797
-26.4839
-27.5223
-26.5314
-27.5559
-27.5452
-27.4797
-27.5559
-27.4468
-26.558
-27.4797
-27.2056
-28.4225
-27.2056
-27.5559
-26.558
-28.4225
-25.427
-28.4225
-27.4797
-26.4645
-27.4797
-26.3623
-28.4225
-27.1901
-26.558
-27.5559
-28.4225
-27.1149
-27.4468
-26.7386
-27.4468
-26.558
-28.4225
-27.4797
-27.4797
-27.1149
-26.5792
-27.4797
-27.4797
-27.5559
-26.558
-25.552
-26.4921
-26.6226
-27.4797
-28.4225
-27.2139
-26.4921
-27.2056
-26.5792
-27.4468
-27.4468
-26.3739
-27.1149
-26.5314
-26.5314
-28.4225
-27.2139
-27.4797
-26.5886
-27.2139
-27.4797
-27.2139
-26.5314
-27.4797
-26.4429
-28.4225
-27.1149
-26.4905
-25.3442
-26.7386
-27.4797
-27.4797
-26.6226
-27.5559
-27.5223
-27.4797
-27.2139
-27.5452
-26.5908
-27.4797
-26.558
-27.5452
-28.4225
-26.558
-27.4797
-27.4797
-26.558
-26.1996
-27.5452
-27.4468
-26.558
-26.6233
-27.4797
-26.5217
-26.5217
-26.4644
-27.1149
-26.6233
-27.5452
-26.4839
-27.1149
-28.4225
-15.7091
-26.4429
-27.4468
-27.4797
-26.6226
-27.4797
-27.4468
-28.4225
-27.4797
-27.2139
-27.5452
-27.4468
-27.4797
-26.5314
-25.552
-27.4797
-26.4905
-26.4921
-27.2139
-26.5955
-28.4225
-27.4797
-27.5452
-26.5314
-27.4468
-27.2139
-28.4225
-28.4225
-26.7386
-27.5559
123609
-27.5452
-27.5452
-26.5886
-26.558
-26.5886
-19.7671
-27.1149
-26.4429
-27.4797
-27.2139
-27.4797
-27.1149
-26.5792
-26.5955
-27.2139
-28.4225
-20.4894
-27.5452
-27.274
-26.5314
-26.6233
-27.5559
-27.5452
-27.5452
-27.1149
-27.4797
-27.1149
-26.6233
-27.1149
-25.5666
-27.2139
-26.558
-27.2139
-25.5666
-27.5559
-27.4797
-26.4921
-28.4225
-27.4797
-26.6233
-25.552
-27.5559
-25.552
-26.6233
-26.6226
-26.4184
-26.5217
-27.2139
-25.504
-27.4797
-26.6233
-27.5223
-27.4468
-19.3756
-25.3378
-27.3723
-26.4429
-26.6115
-27.1149
-26.6233
-26.4429
-26.3623
-27.5559
-26.4839
-27.1149
-26.5792
-26.6952
-27.1901
-28.4225
-28.4225
-27.4468
-27.5223
-27.2139
-26.5908
-26.4644
-28.4225
-26.558
-26.558
-26.4839
-27.3723
-26.3287
-27.1901
-27.4797
-20.0617
-26.5314
-27.2056
-26.5217
-26.4905
-27.1901
-26.6233
-26.5217
-26.6233
-26.5217
-28.4225
-28.4225
-28.4225
-26.5217
-28.4225
-26.5314
-26.5792
-26.4905
-22.8483
-27.4468
-26.5217
-26.3623
-27.4797
-27.2056
-26.4905
-27.1901
-26.558
-27.1901
-27.1149
-20.6135
-27.5452
-26.4839
-28.4225
-28.4225
-26.1996
-25.5666
-27.5452
-26.5314
-26.1996
-27.2056
-26.4839
-26.4839
-26.3623
-26.558
-26.5792
-27.4797
-27.1901
-27.5559
-26.4921
-26.3623
-26.5217
-26.4839
-27.4468
-27.4797
-27.4797
-27.1901
-27.2139
-28.4225
-28.4225
-28.4225
-16.9145
-27.5452
-27.5223
-27.5559
-26.4184
-27.5452
-26.558
-27.4797
-27.1149
-26.4921
-28.4225
-26.5792
-27.5452
-27.2056
-27.2139
-26.1996
-26.5217
-27.4797
-28.4225
-26.5217
-26.7386
-26.6226
-26.3623
-27.2139
-26.5955
-27.5559
-27.1901
-26.5886
-27.5452
-27.4468
-26.5217
-27.4797
-27.4468
-26.5314
-26.558
-25.4075
-26.4905
-25.552
-27.4797
-27.4797
-27.4797
-27.274
-27.5452
-26.5314
-26.6226
-27.4797
-27.5559
-27.2139
4.83379e+006
-26.6984
-27.1901
-27.4797
-26.4839
-26.558
-26.4645
-26.4905
-27.4797
-27.5559
-27.5223
-27.5452
-26.3623
-28.4225
-27.5452
-26.3623
-27.5452
7.12413e+006
-26.4921
-26.6233
-18.5349
-26.558
-26.4839
-27.4797
-27.4797
-27.1901
-26.3623
-27.2139
-26.6233
-26.3623
-26.5955
-27.1149
-26.4429
-27.5452
-27.5559
-25.552
-15.3
-26.4429
-26.6115
-27.4797
-27.2056
-26.5908
-27.2139
-27.5559
-27.4468
-28.4225
-27.5559
-27.5559
-26.558
-26.5217
-27.5559
-27.4468
-28.4225
-27.5452
-25.552
-26.5792
-27.5223
-26.6226
-26.5908
-26.4905
-27.3723
-26.6233
-25.552
-26.6233
-26.5217
-25.552
-27.5559
-21.6471
-26.6226
-25.2887
-28.4225
-27.2139
-27.4797
-27.1149
-27.4797
-27.4797
-27.274
-27.4797
-27.1149
-27.4468
-25.4434
-27.2056
-27.1901
-27.5452
-27.4797
-26.5955
-25.504
-27.2139
-27.5559
-26.6115
-27.1149
-26.7386
-27.1149
-27.4797
-27.4797
-27.5452
-27.4797
-27.5559
-26.3287
-27.4797
-27.5452
-27.4797
-26.3623
-26.558
-27.2139
-27.2139
-27.4797
-27.4797
-27.2139
-26.4644
-25.427
-27.5452
-27.2056
-26.5792
-26.5792
-27.4797
-26.6115
-26.4839
-26.5955
-27.5452
-26.5955
-27.5452
-26.4905
-26.6233
-26.5217
-26.558
-26.558
-26.4839
-27.5559
-25.3378
-27.2139
-27.2056
-27.1149
-27.5559
-28.4225
-28.4225
-18.9448
-26.5217
-26.4905
-25.427
-28.4225
-27.5452
-27.5559
-27.5452
-26.4839
-26.4921
-26.4184
-26.6233
440602
-26.4165
-25.5268
-27.4797
-28.4225
-25.3307
-27.5452
-27.4797
-27.5559
-26.4644
-26.3623
-27.4797
-27.5559
-27.5452
-27.5452
-27.4797
-26.4905
-27.5559
-28.4225
-27.1901
-27.4797
-26.5217
-27.4797
-26.4905
-27.5452
-26.4184
-27.4468
-28.4225
-27.2139
-27.5452
-28.4225
-28.4225
-27.5452
-26.5886
-27.5452
-28.4225
-26.5792
-27.1149
-26.6233
-26.4644
-27.4797
-27.2139
-26.4839
-26.5314
-26.4644
-27.5559
-27.5559
-27.2139
-27.5452
-26.4184
-27.4797
-26.5908
-27.4797
-27.4797
-28.4225
-26.6233
-14.5083
-26.4429
-22.3789
-28.4225
-26.5792
-26.5217
-27.5559
-28.4225
-28.4225
-28.4225
-26.4905
-27.5452
-27.1149
-28.4225
-25.3307
-27.5559
-26.608
-27.4468
-25.3378
-27.4468
-27.5559
-27.2139
-27.3723
-27.5559
-14.3623
-27.2139
-27.5452
-26.6233
-26.6115
-26.4429
-27.4468
-26.6233
-28.4225
-25.5666
-25.3378
-27.4797
-27.5452
-26.4184
-28.4225
-27.5559
-28.4225
-28.4225
-27.5559
-26.4905
-27.1149
-27.4797
-27.4468
-27.5452
-25.5268
-26.4184
-26.4644
-26.4839
-27.5223
-26.5314
-26.6306
-27.4797
-26.5792
-27.4468
-27.5559
-27.1901
-26.5955
-27.2139
-28.4225
-27.5452
-26.6226
-27.4797
-27.5223
-26.6226
-26.5217
-26.4429
-26.6226
-27.4797
-27.5452
-26.4184
-26.5792
-28.4225
-27.5452
-27.5452
-28.4225
-27.4797
-26.5217
-26.6233
-28.4225
-26.4921
-26.5217
-27.1901
-26.558
-27.4797
-26.4184
-25.504
-26.558
-27.5452
-26.4644
-26.4905
-26.5792
-26.6115
-27.5452
-27.5452
-16.0929
-27.1149
-28.4225
-27.5452
-27.4797
-27.5452
-27.4797
-27.4797
-27.1149
-26.5217
-27.5559
-27.1149
-28.4225
-26.4905
-27.5452
-27.5452
-27.4797
-26.5314
-26.4429
-27.4797
-27.2139
-27.5223
-27.5223
-27.274
-26.4184
-26.5792
-26.6233
-26.558
-27.5452
-26.6233
-27.4797
-27.4797
-27.4797
-27.4797
-26.558
-28.4225
-27.4797
-26.4429
-28.4225
-26.6233
-26.6115
-27.4797
-26.6233
-27.5559
-27.4797
-27.4468
-26.5314
-27.2139
-27.4797
-27.1901
-27.5559
-26.5314
-27.2139
-27.5559
-26.6115
-26.5955
-27.5452
-26.4839
-27.4468
-28.4225
-27.1149
-27.4468
-27.5559
-26.3287
-27.5559
-28.4225
-26.4905
-27.5223
-26.473
-27.5559
-27.4797
-28.4225
-27.1901
-26.6233
-26.558
-27.2139
-26.6226
-26.5886
-26.558
-27.4797
-26.5886
-26.5792
-26.5886
-26.5217
-27.2139
-27.5559
-27.4468
-28.4225
-28.4225
-27.2056
-27.5452
19513.2
-27.4797
-27.3723
-26.6233
-25.552
-27.4797
-27.4797
-26.3287
-27.2139
-27.5559
-27.5452
-26.5314
-26.5217
-28.4225
-28.4225
-26.6233
-18.0739
-27.2139
-26.5217
-26.5217
-26.5217
-25.9112
-27.5452
-26.558
-25.5786
-26.5314
-27.5559
-27.4468
-27.1149
-27.1149
-26.4429
-25.2302
-28.4225
-27.4797
-27.4797
-27.4468
-27.5452
-26.4905
-27.4797
-27.1149
-25.552
-26.6233
-26.3623
-27.5452
-27.2139
-27.5452
-26.558
-28.4225
-26.5314
-27.4797
-27.4797
-27.5559
-27.1149
-25.3307
-28.4225
-26.4429
-17.4889
-27.4797
-28.4225
-26.4905
-26.6233
-26.5217
-26.2125
-28.4225
-26.5792
-26.5955
-27.1149
-27.1149
-28.4225
-25.7001
-26.5314
-25.4075
-26.5217
-27.4797
-27.4797
-26.9442
-27.5559
-27.4797
-27.2139
-27.1149
-27.5452
-27.5559
-26.3623
-28.4225
-27.4797
-26.4429
-15.6594
-28.4225
-26.558
-27.4468
-27.2139
-27.4797
-27.5559
-26.558
-26.4644
-27.5452
-27.1901
-26.4184
-27.1901
-27.5559
-27.2139
-27.4797
-27.1901
-27.2139
-27.4797
-26.4165
-28.4225
-25.504
-26.558
-27.5452
-27.2139
-26.558
-27.5223
-28.4225
-26.3623
-26.5792
-27.5223
-27.4468
-27.5559
-28.4225
-27.4797
-27.5559
-26.5217
24921.1
-27.4797
-27.4468
-27.1149
-11.7272
-27.5559
-28.4225
-26.5886
-27.5452
-27.4797
-27.5559
-27.5559
-27.4797
-26.3199
-27.5452
-26.6226
-26.5886
-27.5452
-17.2461
-27.2056
-27.4797
-27.2139
-27.2139
-27.5452
-26.4839
-27.5452
-28.4225
-27.4797
-26.6233
-26.4184
-26.4429
-27.5223
-27.4797
-27.4797
-27.4797
-28.4225
-27.5559
-27.4797
-27.5559
-27.5559
-27.5559
-26.5217
-27.4797
-27.5559
-27.4468
-26.4429
-27.4797
-27.2139
-26.3623
-28.4225
9853.67
-26.6226
-27.5559
-25.552
-26.4839
-26.5217
-27.4797
-26.6115
-26.4644
-26.5792
-26.5886
-26.4184
-27.5452
-27.3723
-27.2139
-27.4468
-27.4468
-27.3723
-27.4797
-26.4949
-27.5452
-26.558
-28.4225
-26.5792
-27.4468
-28.4225
-27.5559
-26.3623
-27.5452
-22.0244
-26.4905
-27.2139
-27.274
-28.4225
-27.4468
-27.4797
-26.4429
-27.4797
-28.4225
-27.5559
-26.6233
-26.4429
-28.4225
-26.4429
-27.5452
-27.2139
-27.5452
-27.2139
-27.4468
-27.1901
-26.6233
-27.3723
-27.4797
-28.4225
-27.5452
-27.5559
-27.2056
-27.5559
-27.5559
-27.274
-27.2139
-27.1901
-25.8424
-27.4468
-27.4468
-27.4468
-27.5559
-27.5223
-28.4225
-27.2139
-27.4797
-27.5223
-27.5452
-28.4225
-26.6226
-26.4184
-26.554
-26.5792
-27.4468
-26.3623
-16.705
-26.558
-26.5314
-27.4468
-27.4797
-27.2056
-27.5452
-28.4225
-26.5792
-26.554
-27.4797
-27.5452
-27.274
-28.4225
-27.4797
-26.5908
-27.4468
-27.5223
-28.4225
-26.4429
-27.5559
-26.5217
-25.427
-26.5792
-27.4468
-27.5452
-27.4797
-26.7386
-27.4797
-28.4225
-28.4225
-28.4225
-26.3623
-27.5452
-27.4797
-26.6233
-27.2139
-27.3723
-27.4797
-26.5314
-27.4797
-26.6226
-26.4839
-25.552
-27.2139
-26.5792
-25.5268
-26.4184
-27.4468
-26.558
-26.4921
-27.5559
-26.5314
-27.5559
-26.5217
-28.4225
-26.6226
-27.5559
-26.5314
-28.4225
-26.4429
-28.4225
-27.5452
-27.5223
-26.3623
-26.4184
-28.4225
-26.5908
-26.3623
-26.5217
-27.2139
-27.5452
-27.2139
-27.2056
-26.4839
-27.5559
-25.504
-28.4225
-26.558
-26.5217
-26.5792
-27.5559
-27.4468
-27.4797
-27.5223
-28.4225
-26.5314
-27.1901
-27.2139
-26.6115
-27.5559
-27.2139
-27.5452
-27.2139
-27.2139
-27.4468
-27.5452
-26.3287
-27.5559
-27.5452
-26.3199
-26.6233
-28.4225
-26.5217
-27.1901
-27.4797
-27.5559
-28.4225
-26.4429
-27.2139
-26.558
-27.1149
-27.4797
-27.5223
-27.4468
-26.5955
-27.4797
-25.4075
-27.1149
-27.4468
-26.5792
-26.6226
-27.5452
-27.2139
-27.5559
-25.504
-27.5223
-28.4225
-27.4797
-27.5452
-26.5955
-27.4797
-27.5559
-26.5314
-26.6226
-26.4184
-27.4797
-27.4797
-25.3307
-25.552
4700.2
-28.4225
-27.5559
-17.9137
-26.6233
-27.5559
-27.4797
-28.4225
-26.5955
-27.1901
-27.5452
-26.6115
-28.4225
-27.4797
-27.3723
-26.6226
96509.9
-26.5314
-26.5886
-26.5886
-26.4429
-26.6226
-27.5452
-26.4184
-26.5792
-27.5452
-27.4797
-25.504
-27.5559
-27.4797
-26.6233
-26.6226
-27.3723
-22.751
-26.5314
-26.4905
-27.5223
-26.6233
-27.5452
-26.558
-28.4225
-27.5452
-26.558
-27.5452
19300.7
-27.2139
-27.5452
-26.5217
-26.3623
-25.504
-27.4797
-26.4184
-26.2125
-27.2056
-28.4225
-26.4165
-27.5452
-27.5223
-27.1901
-27.4468
-27.5452
-27.5559
-27.5559
-26.5217
-27.4797
-27.5452
-28.4225
-27.5452
-26.4429
-28.4225
-27.1149
-28.4225
-27.5223
-27.5452
-27.5452
-28.4225
-27.5559
-27.4468
-28.4225
-27.4797
-26.1161
-26.4165
-28.4225
-27.4468
-26.4921
-27.3723
-25.504
-27.2139
-27.5452
-26.4905
-26.558
-23.5435
-27.4797
-27.1901
-26.6226
-28.4225
-27.5452
-28.4225
-25.552
-27.1149
-26.3199
-28.4225
-26.5314
-27.5559
-26.4839
-28.4225
-28.4225
-27.4797
-27.4797
-26.6233
-27.4797
-26.4905
-26.4429
-26.558
-27.5452
-27.4468
-27.4797
-26.5908
-27.4797
-27.2056
-27.1149
-27.1901
-26.5955
-27.2139
-25.552
-19.5723
-27.1149
-26.5217
-28.4225
-26.5314
-26.4184
-26.4644
-27.5559
-26.3199
-27.4468
-27.4468
-26.5792
-27.5452
-27.2139
-27.3723
-27.4797
-26.4839
-27.4797
-26.4184
-27.4797
-26.3287
-27.5559
-27.2139
-26.5792
-27.5223
-27.5559
-26.1996
-26.5792
-27.1149
-27.4797
-28.4225
-26.6226
-28.4225
-27.5452
-27.4797
-27.5452
-25.5268
-28.4225
-27.4468
-28.4225
-27.2139
-28.4225
-25.552
-27.4797
-28.4225
-27.5559
-28.4225
-28.4225
-26.5217
-28.4225
-27.274
-27.4468
-27.5559
-27.5559
-26.5217
-27.2139
-26.4644
-28.4225
-26.2009
-26.5955
-27.5559
-27.5452
-27.2139
-27.4797
-26.5314
-28.4225
-26.4184
-27.4468
29961.7
-27.5559
-27.5559
-26.5217
-27.5559
-27.4797
-28.4225
-26.558
-27.4797
-26.6226
-27.4797
-27.5452
-27.4797
-26.6226
-27.4797
-26.7386
-26.4839
-26.5217
-27.1901
-27.274
-26.6233
-26.6115
-26.3623
-26.6226
-26.6233
-28.4225
-27.4797
-28.4225
-27.5452
-26.4184
-27.3723
-27.1149
-25.4434
-26.558
-27.5223
-26.558
-27.4797
-26.4429
-27.4468
-27.2139
-26.1801
-27.4797
-27.4797
-27.2139
-27.2139
-27.4797
-27.5559
-26.5955
-19.5152
-27.1149
-26.4905
-27.4468
-27.1149
-27.4797
-27.4468
-27.1149
-26.4839
-27.4468
-27.5559
-26.4839
-26.6226
-27.1149
-27.2139
-27.4797
-26.558
-26.4905
-27.4797
-26.4184
-27.2139
-27.4468
-27.4797
-26.5792
-28.4225
-26.6949
-26.3623
-27.5223
-27.5559
-28.4225
-26.6984
-26.6233
-18.6345
-26.7386
-27.5559
-27.5223
-27.5559
-26.5792
-26.4184
-27.4468
-27.5452
-26.5792
-27.5559
-27.1149
-25.552
-27.5452
-27.2139
-27.4468
-25.8404
-27.5559
-27.5452
-27.2139
-26.6226
-26.4905
-26.4184
-25.504
-26.6233
-27.4797
-26.6226
-26.4644
4761.25
-27.4797
-28.4225
-27.4468
-26.4644
-28.4225
-24.4296
-27.2139
-26.7386
-27.4468
-26.7386
166229
-28.4225
-26.4429
-28.4225
-27.5559
-27.2139
-26.5217
-26.558
-26.4905
-26.4839
-26.5314
-27.1901
-26.5217
-28.4225
-27.4797
-27.4468
-27.5452
-26.4429
-27.5452
-27.4468
-27.5559
-27.2139
-27.5559
-26.4839
-26.3287
-28.4225
-27.5559
-26.3287
-26.4839
-27.2139
-26.558
-26.3623
-27.3723
-27.2056
-26.5314
-26.4429
-26.5955
-24.4165
-27.2139
-27.4468
-28.4225
-27.1149
-27.3723
-26.4429
-27.4468
-26.4839
-27.5559
-26.4644
-27.5559
-27.274
-27.5452
-27.274
-27.4797
-26.5886
-26.6115
-26.3623
-28.4225
-27.1149
-27.4797
-27.4797
-27.5223
-27.4468
-26.4429
-27.5559
-27.5452
-28.4225
-28.4225
-26.4429
-27.4468
-28.4225
-26.6226
-26.558
-26.558
-27.4797
-26.5908
-27.4797
-28.4225
-25.6974
-27.4797
-27.4797
-25.5666
-27.4797
-26.4165
-25.5268
-27.4468
-27.5223
-26.6226
-26.5792
-26.4905
-26.6226
1.38379e+006
-25.504
-26.558
2.21615e+007
-27.5452
-27.5559
-27.1149
-27.4797
-27.3723
-25.552
-25.5268
-27.2139
-27.3723
-26.7386
-27.4468
-27.4797
-11.5098
-26.558
-27.4797
-27.5452
-27.5559
-26.1996
-27.4797
-26.558
-27.4797
-27.4797
-27.2139
-27.2139
-26.6115
-26.5792
-27.4797
-27.4468
-27.1149
-26.5955
-27.5452
-27.3723
-25.4075
-26.4921
-26.4905
-26.4429
-27.4468
2.65183e+006
-27.5452
-27.4797
-27.4797
-26.6233
-26.5085
-26.4905
-26.2247
-27.5223
-27.4797
-25.504
-27.5452
-28.4225
-26.4429
-27.4468
-26.6233
-27.5223
-26.5217
-27.4797
-27.4797
-26.6226
-27.4797
-27.5452
-27.1149
-27.2139
-26.5217
-27.5559
-27.2139
-27.4797
-26.4905
-27.5452
-26.4644
-27.5452
-27.5559
-27.4468
-26.4905
-27.1901
-27.5559
-28.4225
-26.558
-27.4468
-27.5223
-27.4797
-28.4225
-27.5452
-27.5559
-27.4797
-27.4797
-27.2139
-27.1149
-27.2139
-27.4797
-26.558
-26.4429
-25.504
-27.5559
-27.4468
-26.5792
-26.4184
-26.4644
-26.3623
-26.4429
-27.4797
-27.4797
-28.4225
-26.4839
-27.5452
-26.1996
-26.7386
-27.2139
-27.3723
-27.2139
-27.5559
-26.6226
-27.4797
-27.1149
-26.4905
-27.4797
-25.4434
-28.4225
-27.4468
-26.4644
-27.5223
-27.5559
-28.4225
-27.5223
-26.3096
-26.558
-26.558
-27.1149
-27.2139
-27.5452
-27.5559
-27.1149
-27.5559
-26.6226
-27.2139
-26.5217
-28.4225
-27.4468
-26.6226
-27.2139
-27.5559
-28.4225
-28.4225
-27.5223
-26.3623
-17.4491
-25.427
-27.2056
-28.4225
-27.4797
-27.2139
-27.2139
-27.4797
-26.6233
-27.5452
-27.1149
-25.552
-28.4225
-26.4184
-26.3623
-27.4797
-27.2056
-27.4468
-27.4468
-15.6783
-27.1149
-26.6226
-27.5452
-26.5217
-27.4468
-27.4797
-27.4797
-26.5217
-27.4797
-26.3623
-27.2139
-28.4225
-27.5452
-27.4797
-26.4949
-26.3623
-27.2139
-26.5314
-27.1149
-27.5559
-27.5452
-27.5559
-27.5559
-27.5452
-26.4184
-27.5452
-27.5452
-27.4797
-28.4225
-27.4797
-26.4644
-27.5452
-27.2139
-27.4797
-25.8189
-27.5452
-27.2139
-27.274
-26.6115
-27.2056
-26.6233
-26.3287
-26.5217
-26.4184
-26.4644
-25.6324
-27.5559
-26.3199
-27.2139
-26.5217
-27.2139
-26.558
-26.4905
71960.9
-27.3723
-27.5559
-26.558
-27.4797
-26.5217
-27.4797
-27.1901
-25.3442
-25.9018
-27.4797
-27.4468
-27.2139
-28.4225
-24.634
-27.4797
-25.6239
-26.7386
-27.5223
-27.5559
-27.2056
-26.6226
-26.5792
-27.4797
-26.4429
-27.2056
-27.5559
-28.4225
-27.5452
-27.1149
-26.4644
-27.4797
-27.1149
-27.5559
-27.1901
-27.4797
-27.4468
-26.5217
-26.4839
-25.3378
-27.1901
-27.5559
-26.5792
-26.4905
-26.558
-28.4225
-26.4429
-26.4905
-26.4905
9485.97
-26.5217
-26.5314
-26.558
-16.3778
-27.5559
-27.2139
-27.2139
-27.1149
-26.558
-27.4468
-27.5559
-27.1149
-26.5908
-26.7386
-27.4797
-27.5559
-27.4797
-26.3623
5115.24
-27.4468
-27.2139
-27.5452
-27.2139
-27.5452
-27.5452
-27.5452
9322.12
-27.5559
-18.7304
-27.4797
-26.558
-26.6115
-28.4225
-27.5559
-27.5559
-26.5217
-27.4797
-27.5559
-27.5559
-26.5314
-27.4468
-26.1996
-28.4225
-27.4468
-27.5452
-26.4643
-27.5452
-27.4797
-28.4225
-26.4839
-27.4797
-27.4797
-27.5223
-27.1149
-27.2139
-27.2139
-26.6226
-28.4225
-27.2056
-27.274
-26.6226
-27.5559
-28.4225
-27.4797
-26.5955
-26.558
-28.4225
-26.5217
-26.6226
-27.5559
-28.4225
-26.5792
-20.9742
-25.7918
-27.4468
-22.7794
-26.5955
-26.5217
-27.4797
-26.6226
-27.2139
-26.5314
-27.5559
-27.4797
-27.2056
-28.4225
-26.4184
-26.6233
-27.5452
-27.4468
-25.3442
-26.4429
-26.4429
-27.5452
-16.9829
-26.5314
-26.5314
-15.5296
-27.5452
-26.5886
-26.4644
-27.5559
-28.4225
-27.4797
-28.4225
39849.5
-26.5217
-26.4905
-27.5559
-28.4225
-28.4225
-27.1149
-27.5559
-26.4184
-27.5559
-27.1901
-27.4797
-27.4797
-28.4225
-26.5314
-27.5452
-26.5314
-26.1996
-28.4225
-27.5559
-27.4468
-25.504
-27.5559
-27.4797
-27.2139
-27.4797
-26.6226
-27.2139
-27.5452
-27.3723
-26.6226
-27.5559
-27.4468
-27.274
-27.1149
-27.1901
-27.4468
-28.4225
-26.5955
-26.3623
-27.5452
-28.4225
-26.6226
-26.4165
-27.4797
-26.4839
-26.6233
-27.5559
-27.5452
-26.6233
-28.4225
-27.2139
-27.1901
-27.2139
-27.4797
-25.5268
-27.4797
-26.5955
-26.6226
-27.4468
-27.1149
-27.5452
-28.4225
-26.558
-27.4797
-27.2139
-27.4797
-26.6233
-27.4468
-25.5666
-26.4644
-27.2139
-26.558
-28.4225
-27.2139
-28.4225
-26.558
-25.5268
-27.4468
-26.4905
-27.5559
-27.5223
-26.5314
-26.4839
-27.5223
-25.3442
-27.5559
-27.2056
-27.5452
-25.427
-27.5452
-27.4797
-27.2139
-25.2887
-27.5559
-26.4644
-28.4225
-28.4225
-26.4839
-27.5559
-26.3623
-27.5559
-28.4225
-27.1149
-26.6233
-27.5452
-28.4225
-27.1901
-27.5223
-27.5559
-26.3623
-23.4673
-27.2139
-27.4797
-26.5792
-28.4225
-26.2922
-26.6233
-27.5452
-27.4468
-26.5886
-28.4225
-27.5452
-26.4165
-26.4905
-26.6226
-26.5886
-26.4905
-26.5217
-25.504
-28.4225
-27.4797
-26.6226
-27.4468
-26.6226
-25.5268
-26.6226
-27.2139
-26.5217
-27.4797
-26.6226
-27.2056
-27.5223
-26.4921
-26.3623
-26.6226
-27.5559
-28.4225
-27.1149
-25.427
-26.4429
-27.4797
-26.558
-26.4644
-25.3378
-27.3723
-27.5559
-27.5559
-27.2139
-26.3623
-26.3623
-27.5452
-25.552
-27.4468
-27.1149
-26.558
-27.2139
-27.4797
-27.2056
-27.4468
-26.558
-26.558
-27.2139
-27.1149
-27.5452
-28.4225
-27.4468
-27.1149
-26.4905
-27.5452
-26.3623
-27.4797
-26.4905
-27.1901
-26.5792
-27.274
-26.4905
-28.4225
-26.4429
-26.5217
-26.5792
-27.5452
-27.4797
-27.5223
-28.4225
-27.4797
-26.4184
-27.4797
-20.3818
-27.4468
-26.5955
-25.504
-26.5217
-26.5955
-27.5559
-27.4797
-26.4644
-27.1149
-26.4644
-26.3287
-25.552
-26.6233
-27.4797
-27.2139
-28.4225
-26.558
-27.5559
-27.4797
-27.2139
-27.4797
-27.3723
-27.3723
-26.6233
-28.4225
-27.5559
-26.6233
-26.5314
-26.4643
-27.4468
-27.5223
-27.5559
-27.4797
-27.4468
-27.1149
-28.4225
-27.4797
-28.4225
-28.4225
37116
-26.4905
-26.4905
-27.2056
-27.5452
-27.5452
-26.4429
-26.4905
-27.2139
-25.3442
-26.4905
-27.4797
-27.2139
-27.4797
-28.4225
-26.5792
-27.1149
-27.1901
-27.5559
-27.4797
-26.5314
-28.4225
-26.3623
-26.5217
-27.5223
-28.4225
-27.4797
-27.5559
-27.4797
-28.4225
-26.5217
-28.4225
-27.2139
-26.4905
-26.558
-27.4797
-28.4225
-27.4797
-26.6226
-27.4797
-27.1149
-27.4468
-27.5559
-27.4797
-27.5559
-26.5792
-26.558
-27.5452
-27.5452
-28.4225
-25.3442
-26.5792
-26.5886
-26.4644
-28.4225
-26.558
-27.4797
-26.2616
71288
-27.5559
-27.2139
-27.3723
-25.3307
-27.5452
-26.558
-27.3723
-27.2139
-27.5559
-28.4225
-28.4225
-26.3287
-27.4468
-26.4643
-27.1149
-26.5955
-26.6226
-27.5452
-26.4905
-27.5452
-26.6115
-25.552
-26.4905
-27.4468
20689.4
2.05663e+007
-26.5955
-26.558
-28.4225
-25.552
-27.1901
-26.5217
-27.4468
-27.4797
-26.4839
-26.5217
-26.5792
-27.4468
-27.4797
-27.3723
-27.5559
-28.4225
-26.4905
-27.5452
-26.5217
-27.4797
30946.2
-26.1996
-28.4225
-28.4225
-26.6233
-27.4797
-27.4797
-26.3623
-26.558
-26.6233
-27.5559
-27.5452
-26.4921
-26.5217
-26.3287
-27.5452
-28.4225
-26.6233
-28.4225
-27.5223
-28.4225
-26.6984
-27.4797
-27.5559
-26.5955
-27.3723
-28.4225
-27.2139
-27.4797
-27.5559
-27.5452
-26.6233
-27.1901
-17.1433
-25.4075
-27.5559
-26.558
-27.2139
-27.2139
-27.5559
-27.2139
-27.4797
-27.1149
-27.1149
-26.4429
-27.4468
-26.5217
-28.4225
-27.5452
-26.7386
-28.4225
-27.4797
-27.4468
-27.4468
-27.3723
-27.5559
-27.5452
-26.4905
-27.4797
-27.274
-25.427
-27.4797
-26.558
-26.5792
-26.6226
-28.4225
-26.5908
-26.4429
-28.4225
-27.1149
-27.5559
-26.2616
-27.1149
-26.4165
-26.4921
-27.4797
-27.5452
-27.4797
-26.1996
-27.4797
-28.4225
-27.4797
-27.5223
-28.4225
-28.4225
-26.5217
-27.1149
-28.4225
-26.6115
-27.4797
-27.5559
-27.1149
-25.552
-26.4839
-27.5452
-27.5559
-26.6233
-28.4225
-26.558
-27.5559
-27.2139
-27.1901
-26.6115
-26.4839
-27.1149
-26.5792
-26.6226
-27.1149
-27.5559
-25.5268
-27.5452
-27.1901
-27.2139
-27.274
-27.4797
-27.3723
-28.4225
-26.5217
-27.5559
-25.552
-27.2056
-27.4797
-27.1901
-27.5452
-26.4839
-26.4429
-26.5886
-27.1149
-26.3729
-26.4429
-26.5314
-27.5452
-27.4797
-27.4797
-28.4225
-26.5314
-27.4797
-26.5314
-27.4468
-28.4225
-27.4468
-26.5792
-26.4165
-27.5452
-27.5452
-27.5559
-27.4797
-27.5559
-26.4184
-28.4225
-26.4429
-26.4184
-26.5314
-26.4921
-26.4429
-26.4644
188001
-27.5559
-27.2139
-28.4225
-27.2139
-25.3442
-28.4225
-26.5217
-26.4644
-27.1149
-26.6233
-28.4225
-27.4797
-27.4797
-27.4797
-26.1996
-26.5792
-27.5452
-27.2139
-28.4225
-26.5955
-27.1149
-26.5217
-28.4225
-26.5792
-28.4225
-27.1149
-27.4797
-27.274
-21.5656
-27.5559
-27.5452
-28.4225
-27.4797
-27.4797
-26.5217
-28.4225
-26.4644
-27.4797
-27.4797
-27.2139
-27.5559
-27.4797
-27.1901
-28.4225
-28.4225
-27.5452
-27.4468
-28.4225
-26.5908
-26.6233
-27.4797
-25.504
-27.4797
-28.4225
-26.4429
-27.4797
-27.4468
-26.5908
-27.5223
-27.4797
-27.4797
-26.5217
-27.4797
-25.504
-26.4184
-26.5792
-27.5559
-27.2139
-27.1901
-27.5559
-25.552
-28.4225
-26.6233
-27.5452
-28.4225
-28.4225
-28.4225
-27.3723
-26.4839
-27.5452
-27.4797
-26.3199
-26.6233
-27.1149
-25.5786
-27.1149
-26.4839
-27.1149
-27.5559
-27.5559
-28.4225
-26.5217
-27.4797
-27.4797
-26.5314
-26.3623
-26.5886
-27.5559
-27.5223
-27.4797
-27.2139
-27.5223
-27.1901
-26.6226
-26.4429
-27.4468
-26.5107
-27.5452
-27.1901
-27.5559
-26.4839
-27.4468
-28.4225
-28.4225
-27.4797
-28.4225
-27.5452
-27.1149
-27.5559
-27.5559
-27.5559
-27.4797
-26.4921
-27.2139
-26.6226
-21.8761
-28.4225
-26.6226
-26.5886
-27.5223
-27.1149
-25.4434
-27.4797
-28.4225
-26.5314
-28.4225
-26.6226
-26.7386
-28.4225
-27.2139
-25.552
-26.4643
-27.5223
-27.5452
-28.4225
-26.6226
-26.6233
-27.2139
-28.4225
-28.4225
-27.4797
-27.4797
-26.4839
-25.3307
-28.4225
-27.2139
-26.5955
-26.7386
-26.5908
-27.1149
-26.5217
-27.5559
-27.4468
1.64466e+006
-27.1149
-26.5886
-27.5452
-27.5452
-27.4797
-27.5559
-27.5452
-26.3623
-26.4165
-27.4797
-27.4797
-27.4797
-27.1901
-26.473
-27.4797
-26.5314
-27.1149
-26.6257
-27.5559
-25.552
-27.5559
-27.4797
-27.4797
-27.5452
-27.4797
-27.4797
-27.4797
-26.5217
-26.4905
-27.2139
-27.4797
-26.4905
-27.2139
-27.5452
-27.5452
-28.4225
-26.677
-27.3723
-28.4225
-27.5559
-25.5268
-27.5559
-26.4184
-26.558
-27.4468
-27.1901
-27.4797
-27.1149
-27.1901
-27.4797
-26.4905
-26.4839
-27.5559
-28.4225
-26.4429
-27.1901
-15.0461
-27.4797
9299.21
-28.4225
-27.5452
-26.1161
-27.4797
-26.5792
-27.5452
-27.5223
-25.4434
-27.4797
-26.6226
-26.4905
-28.4225
-27.5559
-27.4468
-27.5452
-27.5559
-26.6233
-25.552
-27.5452
-27.5452
-27.4797
-27.4797
-27.5452
-26.4429
-26.4905
-26.6233
-27.3723
-27.2139
-27.2139
-26.5955
-25.5268
-27.4797
-26.3199
-27.2139
-27.4797
-27.2139
-27.4468
-26.5217
-28.4225
-25.552
-27.3723
-27.4468
-27.4797
-26.4644
-27.1149
-26.4165
-26.5955
-27.4468
-26.558
-26.5792
-27.4797
-26.5792
-26.558
-26.4905
-26.5314
-26.4184
-27.4468
-26.558
-27.2139
-27.4468
-26.5314
-27.4797
-27.2056
-27.5452
-27.1901
-28.4225
-27.4797
-28.4225
-26.4905
-26.7386
-27.5452
-26.327
-27.5452
-26.4184
-28.4225
-27.2139
-26.5792
-27.4797
-27.5452
-26.5217
-27.1149
-28.4225
-27.4797
-27.4468
-26.6233
-25.5268
-27.4797
-25.4075
-27.1901
-28.4225
-27.5559
-27.5559
-26.558
-27.4468
-26.5792
-27.1901
-27.1149
-25.3307
-26.4921
-28.4225
-26.3287
-19.903
-27.5559
-27.4797
-27.5559
-18.6116
-26.3623
-27.2139
-27.4797
-26.4839
-26.4644
-27.4468
-27.4468
-26.5792
11794.4
-27.4468
-27.5452
-26.5792
-26.558
-26.6226
-27.2139
-28.4225
-27.2139
-27.5559
-27.2139
-28.4225
-26.4839
-27.5559
-26.5792
-27.4797
-26.5792
-27.1149
-26.6226
-25.552
-27.2139
-25.4434
-25.4434
-27.5559
-27.4797
-27.2139
-27.4797
-27.4468
-26.5217
-28.4225
-25.427
-27.4468
-28.4225
-27.3723
-28.4225
-25.4434
-27.4797
-26.5908
-27.5559
-27.4468
3047.16
-25.5268
-27.4468
-26.4184
-26.6115
-26.5314
-26.5955
-28.4225
-26.4184
-27.4468
-25.504
-27.4797
-27.274
-27.4468
-27.4468
-27.4468
-26.5792
-25.427
-26.4839
-26.3287
-27.4797
-26.5886
-26.4184
-25.4434
-27.4797
-27.5452
-27.4468
-26.6233
-28.4225
-27.2139
-26.6226
-27.2139
-27.5452
-26.5908
-27.4797
-26.6233
9520.53
-28.4225
-27.5452
-27.5452
-27.5559
-26.6233
-26.6233
-28.4225
-26.5314
-26.5314
-26.4905
-21.6044
-27.5559
-26.5217
-27.4797
-27.2139
-27.2139
-27.5452
-26.4165
-27.4797
-22.1789
-26.5908
-27.5559
-26.5792
-26.4905
-27.5223
-28.4225
-26.6226
-26.5792
-27.5559
-27.2139
-27.4797
-26.558
-27.4797
-27.5559
-28.4225
-27.2056
-26.5792
-27.4797
-26.6115
-26.4429
-28.4225
-27.1149
-26.5792
-26.4429
-27.3723
-26.4184
-27.5452
-27.5559
-28.4225
-26.5886
-26.5886
-27.5452
-27.5559
-22.4915
-28.4225
-26.4905
-27.4797
-28.4225
-27.2139
-27.4797
-26.3623
-26.558
-28.4225
-26.4921
-26.4429
-26.5314
-28.4225
-28.4225
-26.6226
-26.5314
-26.4184
-28.4225
-26.6226
-27.2139
-27.1149
-27.1901
-27.5223
-26.4429
-28.4225
-26.4184
-26.4839
-26.4429
-24.1881
-27.5452
-26.558
-27.5559
-27.4797
-27.4468
-25.552
-26.4839
-25.552
-27.5559
-28.4225
-23.7754
-27.1149
-25.5786
-25.5666
-27.4797
-27.4797
-27.4468
-21.1578
-26.5792
-26.7386
-27.5452
-27.5452
-26.5217
-27.2139
-26.558
-26.7386
-26.7386
-26.4644
-27.1149
-27.5452
-26.4644
-28.4225
-26.4921
-27.5452
-26.5217
-25.504
-28.4225
-26.5314
-27.4797
-27.1901
-26.5314
-26.5314
1.00701e+006
-27.1901
-26.6115
-28.4225
-27.5559
-27.2139
-25.552
-26.6226
-26.4165
-26.5792
-28.4225
-26.5886
-27.1149
-28.4225
-27.4797
-27.5452
-26.5217
-26.1996
-27.5559
-27.2139
-25.552
-26.3544
-26.4905
-28.4225
-28.4225
-27.2056
-26.5217
-27.1149
-25.552
-27.5452
-27.5452
-27.2139
-27.5452
-26.7386
-28.4225
-27.5559
-26.5908
-26.5217
-27.4797
-26.4921
-27.1901
-26.5792
-27.5223
-25.3442
-27.2139
-26.4644
-27.5452
-26.5314
-28.4225
-21.2432
-26.6226
-27.4797
-27.4797
-27.5559
-27.5559
-27.5559
-26.5217
-27.3723
-27.4797
-27.4797
-26.6984
-26.4184
-27.4797
-27.5452
-27.5559
-27.5559
-27.4468
-26.6233
-27.1149
-26.5217
-28.4225
-25.5666
-27.4797
-27.5452
-27.2139
-26.6233
-27.5452
-26.6233
-26.4165
-26.6115
-27.4797
-27.3723
-26.3623
-25.0648
-26.5792
-28.4225
-27.1149
-26.4839
-26.4184
-27.5559
-26.1996
-26.4839
-26.7386
-28.4225
39381.5
-28.4225
-26.5217
-27.5559
-26.4645
-26.4165
-26.6226
-28.4225
-28.4225
-27.4797
-26.5955
-26.6115
-26.4165
-25.504
-26.5217
-26.5908
-27.1149
-27.5452
-27.5559
-26.5217
-27.5559
-26.5314
-27.4468
-26.558
-27.4797
-27.4468
-26.6233
-27.4468
-27.5559
-26.558
-26.5955
-26.4905
-26.677
-26.6115
-26.558
-27.4797
-27.4468
-26.4429
-27.4468
-26.5792
-28.4225
-27.4797
-27.5559
-27.274
-25.504
-26.4905
-28.4225
-27.5559
-28.4225
-27.5452
-27.5559
-28.4225
-26.6233
-27.4797
-26.5908
-26.5955
-26.3287
-26.3504
-26.4905
-26.558
-27.4468
-26.5314
-26.4429
-26.558
-26.4905
-27.5452
-27.5452
10798.6
-27.5452
-26.558
-27.5452
-27.5452
-26.558
-27.2056
-27.5559
-27.5559
-26.1109
-28.4225
-27.5452
-27.5559
-27.4797
-26.5217
-26.6233
-26.3623
-28.4225
-27.5452
-27.5559
-21.4828
-27.5452
-27.5452
-27.2139
-27.4797
-27.4797
-22.9608
-26.4921
50240.1
-27.5559
-25.5268
-26.558
-26.5955
-28.4225
-26.4839
-25.5268
-28.4225
-26.5955
-27.5559
-26.5886
-27.1149
-27.5452
-28.4225
-26.4644
-27.4797
-26.558
-26.5792
-25.3099
-27.4468
-27.4797
-27.5559
-27.5452
-26.6233
-26.4839
-27.5223
-27.4797
-20.6005
-27.1149
-26.4184
-28.4225
-27.4797
-27.5452
-27.3723
-27.5452
-27.1901
-27.1901
-27.4468
-27.1149
-27.5559
-25.5268
-27.4797
-27.5452
-27.5452
-27.5452
-27.4468
-26.4905
-27.5223
-27.5452
-28.4225
-27.5452
-27.5559
-27.5452
-26.5314
-28.4225
-27.5452
66600.1
-26.6233
-27.4797
-27.4468
-26.5217
-27.1149
-27.4797
-28.4225
-19.6233
769941
-26.4905
12506.8
-27.4468
-27.4468
-27.4468
-26.6233
-26.2616
-27.4797
-27.5223
-27.5559
-26.558
-26.5955
-28.4225
-26.6233
-28.4225
-27.5452
-26.6115
-26.3287
-26.5217
-27.5559
-27.3723
-26.6233
-26.6233
-25.427
-27.4797
-27.4797
-27.5452
-26.4429
-26.4644
-26.3623
-28.4225
-27.3723
-26.4921
-27.5452
-27.5452
-27.4468
54642.3
-26.4839
-17.0946
-26.5792
-26.5886
-27.4468
-27.4797
-17.1214
-28.4225
-26.4921
-15.6199
-27.1149
-28.4225
-26.4905
-26.4429
-16.4354
-28.4225
-28.4225
-26.4429
-26.5217
-26.558
-28.4225
-27.5452
-27.2139
-26.6115
-27.4468
-27.4468
-27.4468
-26.5886
-27.5452
-27.5452
-27.5559
-27.4797
-26.6233
-27.5559
-26.6226
-27.5223
-27.4797
-27.3723
-26.4905
-27.3723
-27.4797
-26.5792
-28.4225
-27.4797
-26.3287
-26.5955
-27.5452
-27.4797
-26.6115
-27.1149
-26.4839
-27.5452
-27.4797
-27.5559
-26.5908
-27.4797
-27.4797
-26.5314
5731.43
-26.558
-26.5886
-27.4797
-27.4797
-27.4797
-27.5452
-27.5559
-27.5452
-27.5452
-27.3723
-26.3623
-27.4468
-27.5559
-26.4905
-27.4797
-27.4797
-27.4468
-26.6226
-27.4797
-27.4468
-27.2139
-18.6164
-26.1996
-27.4468
-27.1149
-27.5559
-28.4225
-27.274
-28.4225
-27.4468
-25.427
-27.5223
-27.4468
-27.5452
-27.5559
-26.5314
-26.4905
-26.4905
-27.2139
-26.3393
-26.5217
-28.4225
-27.4468
-27.2056
-26.4429
-26.5314
-27.4797
-27.5452
-26.5792
-26.3623
-27.5452
-26.6226
-27.4468
-27.3723
-27.4468
-26.558
-28.4225
-26.5792
-26.4184
-27.5452
-27.2139
-27.2056
-26.4839
-27.4797
-27.4797
-27.5559
-26.558
-27.4797
-26.4429
-26.4429
-27.5223
-27.1149
-27.4797
-27.5452
-27.1901
-27.1149
-27.1901
-27.5452
-26.4905
-26.558
-26.3623
-27.1149
-27.2056
-27.4797
-26.4905
-28.4225
-27.4797
-26.5217
-26.5314
-27.4468
-25.5268
-28.4225
-27.1149
-27.5223
-27.2139
-28.4225
-27.4797
-27.5452
-28.4225
-27.5452
-27.5223
-27.5223
-26.0558
-27.5452
-27.5559
-26.4429
-26.4905
-26.5792
-27.5559
-26.4184
-27.5559
-26.4905
-27.5452
-28.4225
-26.5217
-27.5559
-27.2139
-27.5559
-27.1149
-26.5792
-27.4797
-27.1901
-27.4797
-26.5886
-26.5314
-28.4225
-26.558
-27.5559
-27.4797
-27.2056
-27.5223
-26.5886
-27.2139
-27.1149
-27.5452
-27.5559
-26.4905
-27.4468
-27.1149
-27.1149
-26.3287
-27.5223
-27.4797
-28.4225
-26.6115
-15.8894
-27.4797
-27.1149
-26.5217
-26.5955
-27.4797
-27.5559
-27.5452
-26.6115
-26.5792
-26.3623
-27.2139
-27.4797
-25.427
-27.3723
-26.5314
-27.5223
-26.558
-26.558
-26.5314
-26.4184
-26.5955
-26.3199
-27.2139
-26.4839
-28.4225
-26.4184
-27.4797
-27.5559
-26.3623
-26.5217
-27.4797
-26.4839
-27.5223
-28.4225
-26.4839
-28.4225
-27.4797
-26.6115
-27.5452
-26.4839
-27.4468
-27.5559
-27.5559
-27.4797
-27.3723
-27.4797
-27.5452
-27.3723
-28.4225
-27.5559
-28.4225
-27.4468
-27.4797
-26.4429
-27.5452
-26.6984
-26.4184
-26.4644
-27.2056
-28.4225
-27.274
-28.4225
-26.3287
-26.4905
-26.4905
-27.5223
-27.1901
-26.5792
-27.2139
-27.1149
-27.1149
-27.2056
-26.5908
-27.4468
-26.6233
-27.4797
-27.5559
-26.558
-27.5559
-25.504
-26.3199
-27.5559
-27.1149
-28.4225
-26.6233
-26.4644
-26.5792
-27.5559
-27.1901
-27.5452
-28.4225
-28.4225
-26.4839
-27.4797
-27.1149
-27.1901
-27.4797
-26.4905
-27.4797
-27.4797
-28.4225
-27.5452
-28.4225
-28.4225
-27.4797
-27.5559
-16.3856
-26.558
-27.5559
-27.4797
-26.2616
-27.1149
-26.5955
28862
-21.3533
-25.4434
-26.5908
-27.5452
-27.1149
-26.3287
-27.5452
-28.4225
-27.4797
-27.5452
-26.558
-28.4225
-27.5223
-21.9712
-28.4225
-26.4921
-27.4797
-28.4225
-27.4797
-27.5452
-28.4225
-26.6233
-27.4468
-27.2139
-26.5314
-26.4921
-27.2139
-28.4225
-26.4165
-28.4225
-26.4164
-27.4797
-27.4468
-26.3287
-27.5559
-27.1149
-23.95
-26.4184
-26.4839
-27.5559
-26.5792
-27.5223
-28.4225
-27.5452
-27.3723
-26.5217
-27.274
-27.5452
-28.4225
-26.3287
-27.5452
-27.1901
-26.6233
-27.3723
-27.5223
-27.4468
-28.4225
-27.5559
-27.4468
-26.5314
-26.4905
-27.5559
-27.274
-26.6233
-25.552
-28.4225
-27.4468
-27.5559
-26.5955
-27.4797
-28.4225
-25.3378
-26.5217
-27.4797
-27.4797
-26.4429
-27.4468
-27.4797
-25.4075
-28.4225
-27.5452
-27.5452
-27.5452
-26.558
-26.558
-27.5452
-28.4225
-27.5559
-26.3623
-27.4797
-27.3723
-26.5217
-27.5452
-27.4468
-27.1901
-27.2139
9130.92
-27.4797
-26.4905
-27.4797
-27.4468
-27.5559
-27.4468
-25.5666
-28.4225
-27.1149
-26.5792
-26.6226
-28.4225
-27.4797
-27.4797
-28.4225
-27.5559
-27.5452
-28.4225
4975.33
-28.4225
-26.5792
-27.5452
-26.6233
-26.5314
-27.5452
-27.5223
-26.4905
-27.5223
-26.6233
-26.6115
-27.2139
-26.4905
-27.4797
-28.4225
-27.5559
-25.504
-27.1149
-27.4797
-21.0664
-27.5452
-27.4797
-26.6226
-26.2125
-27.5452
-27.5452
-27.4797
-27.4468
-26.4905
-26.6226
-28.4225
-26.3623
-26.4905
-27.4797
-26.6115
-26.4643
-26.558
-28.4225
-25.7918
-27.1149
-28.4225
-26.6115
-27.4797
-27.4797
-27.4797
-26.4644
-27.4468
-24.3424
-27.5452
-27.4797
-24.1524
-27.5559
-27.4797
-27.4797
-27.4468
-27.2139
-26.5217
-27.2139
-28.4225
-25.427
-27.4797
-28.4225
468447
-26.6115
-27.5452
-26.558
-26.558
-26.5217
-26.4429
-26.4184
-27.2139
-26.4429
-27.3723
-26.5217
-27.2139
-28.4225
-26.4905
-28.4225
-26.6115
-27.5559
-26.3287
-26.558
-26.4921
-26.558
-26.4905
-27.1149
-27.4797
-26.6226
-27.4797
-27.2056
-27.5559
-26.558
-27.5559
-27.5452
-26.6233
-26.7386
-27.4797
-26.3623
-27.1149
-27.2139
-27.4797
-26.5314
-27.2139
-26.558
-25.504
-26.4644
-28.4225
-27.1149
7.97933e+006
-26.5955
-27.3723
-28.4225
-27.5452
-27.4797
-26.4429
-28.4225
-27.5452
-25.4434
-26.5314
-28.4225
-26.4429
-26.4905
-27.5452
-27.2139
282007
-28.4225
-28.4225
-27.2139
-22.3678
-27.5559
-27.5559
-16.9342
-27.4797
-27.5452
-26.5886
-28.4225
-26.558
-27.5452
-27.4468
-26.558
-28.4225
-26.6233
-27.4468
-26.4921
-27.5452
-26.2616
-27.4797
-27.4468
-26.4429
-26.4839
-28.4225
-27.5559
-27.4797
-27.4797
-26.5314
-27.4468
-26.4905
-28.4225
-26.5217
-27.1149
-27.4797
-26.4905
-27.5452
-28.4225
2.39146e+007
-27.2139
-20.0225
-26.6226
-28.4225
-27.5452
-27.4797
-26.3199
-27.5452
-23.3352
-27.1149
-28.4225
-27.5559
-26.5314
-27.4797
-26.558
-28.4225
-26.6952
-28.4225
-26.5792
-27.4797
-26.558
-27.2139
-26.5217
-26.5217
-27.5452
-26.5217
-26.4184
-22.3763
-26.5792
-27.4797
-22.9592
-27.1901
-27.5452
-26.4165
-28.4225
-27.5559
-27.5559
-27.4797
-26.4644
-25.3307
-27.2139
-27.5452
-26.4184
-27.1149
-27.5223
-27.1149
-26.4184
-27.4797
-27.1149
17476.1
-27.1149
-27.4468
-27.5452
-27.3723
-26.4644
-27.4797
-28.4225
-27.4797
-26.4429
-26.3739
-26.5217
-27.5452
-26.4184
-27.4797
-27.4797
-26.5217
23760.4
-26.1996
-27.4797
-27.1901
-27.5452
-27.2056
-26.3623
-28.4225
-25.5268
-26.4429
-26.3623
-27.4797
-27.4797
-28.4225
-26.4429
-26.5044
-25.4075
-26.558
-26.608
-27.4797
-27.4797
-21.7481
-27.4797
-27.5452
-28.4225
-18.9656
-27.4797
-27.4468
-27.5559
-27.3723
-27.5223
-26.5217
-26.6226
-28.4225
-26.6233
-26.3287
-27.5559
-27.4468
-26.5792
-26.4905
-27.4468
-27.5452
-27.274
-26.5217
-26.5217
-27.5452
-26.558
-27.5223
-27.5559
-27.2139
-27.5559
-27.4797
-26.4184
-28.4225
-24.5819
-27.5559
-27.1149
-25.504
-27.5559
-27.5452
-27.5559
32459.5
-27.5559
-26.5792
44597.8
-27.4797
-27.4797
-26.5886
-28.4225
-27.4797
-26.4184
-27.5452
-26.4184
-25.3442
-26.6226
-19.4084
-27.5452
-22.4376
-28.4225
-27.4797
-26.3623
-27.4468
-27.5452
-27.2056
-26.5217
-25.552
-26.5314
79341.3
-26.3623
-18.8371
-26.6233
-27.5559
-27.4468
-26.4839
-27.4797
-27.4797
-26.558
-27.5452
-27.5452
-26.4184
-27.4797
-27.5452
-27.4468
-28.4225
-27.5452
-27.5452
-27.5452
-27.4797
-27.4797
-26.4184
-27.4797
-26.5314
-26.4184
-27.4468
-26.4184
-26.3623
-26.4429
-27.4797
-27.5559
-27.274
-28.4225
-27.4797
-26.6233
-27.4797
-26.5955
-26.3623
-27.1901
-27.2139
-27.2139
-28.4225
-28.4225
-27.4797
-26.5217
-26.558
-27.2139
-27.4797
-27.5452
-27.4468
-26.5955
-26.5217
-28.4225
-27.4468
-26.5217
-26.5217
-27.5559
-26.4644
-27.4797
-26.4429
-27.2139
-27.5452
-26.4839
-27.4797
-28.4225
-27.2139
-28.4225
-26.6233
-27.5452
-27.1149
-26.3287
-28.4225
-27.4468
-26.4644
-26.4429
-27.4797
-27.2139
-26.4184
-27.1149
-28.4225
-28.4225
-27.4797
-27.2139
-27.4797
-26.554
-27.1149
-25.3442
-27.5559
-26.5792
-28.4225
-26.4839
-27.4797
-27.2139
-27.1149
-27.1149
-27.2056
-27.5559
-27.2139
-26.6226
-26.4905
-28.4225
-26.5792
-27.5452
-26.6226
-28.4225
-27.2139
-27.5452
-26.1996
-27.5452
-28.4225
-27.1901
-26.7386
-27.274
-27.5452
-25.504
-27.2139
-27.5452
-27.4797
-27.4797
-28.4225
-27.1901
-28.4225
-27.1149
-27.5559
-26.6233
-25.504
-27.5559
-26.6115
-26.4184
-25.504
-27.2139
-27.4468
-26.5792
-27.1149
-27.4468
-26.5792
-26.5217
-15.3535
-26.5314
15828.4
-26.558
-27.1901
-27.2139
71164.1
-27.5452
-27.4797
-28.4225
-27.4797
-27.4468
-28.4225
-27.2139
-27.4468
-26.5792
-26.558
-26.5955
-27.5559
-27.4468
-26.6226
-24.4512
-26.6233
-27.5452
-27.4797
-26.4839
-26.4429
-27.4797
-26.4429
-28.4225
-26.6226
-26.1996
-27.5452
-26.4905
-27.1901
-28.4225
-26.4905
-26.4184
-27.1149
-26.5314
-27.4797
-27.4797
-26.5217
-27.5452
-27.4468
-27.4468
-27.2139
-26.5314
-27.4797
-26.3287
-27.4797
-27.3723
-27.2139
-26.5217
-26.558
-26.4644
-25.504
-26.6233
-27.4797
-27.4797
-26.4429
-27.5452
-27.1149
-26.5314
-26.2616
-26.5792
-25.4434
-26.4839
-27.4468
-28.4225
-27.4797
-26.6233
-26.558
-27.1149
-27.4797
-27.4468
-28.4225
-26.5792
-27.1149
-27.5452
-27.5559
-27.4797
-27.2139
-27.5559
-26.608
-28.4225
-27.5223
-27.1901
-26.4839
-26.4184
-27.4797
-26.4429
-27.4797
-27.4797
-26.5217
-26.5955
-26.7386
-26.5217
-28.4225
-27.2139
-28.4225
-26.558
-27.4797
-26.5886
-26.558
-28.4225
-26.5314
-26.5217
-26.4429
-27.4468
-26.3623
-27.1149
-28.4225
-26.6233
-28.4225
-25.552
-27.5452
-25.3307
-26.5217
-27.4797
-28.4225
-27.1149
-27.4797
-26.5792
-26.4905
-26.5217
-27.4468
-26.6226
-26.3623
-26.3623
-28.4225
-26.608
75597.6
-28.4225
-28.4225
-26.4644
-26.6233
-25.8434
-27.4797
-26.6233
-26.4644
-27.5452
-27.1901
-27.2139
-27.1149
-27.4797
-27.4797
-28.4225
-27.5452
-27.4468
-27.4797
-26.3623
-26.5792
-27.5452
-27.5559
-27.5452
-28.4225
-27.5452
-27.4468
-28.4225
-26.4921
-27.4797
-28.4225
-27.4468
-27.4797
-26.558
-27.4468
-27.4797
-26.6233
-25.504
-28.4225
-27.2139
-27.5452
-26.5908
-16.9496
-28.4225
-26.5792
-27.4797
-26.558
-27.4468
-26.558
-27.4797
-28.4225
-27.4797
-27.5452
-26.4644
-27.5452
-27.4797
-26.677
-27.5452
-27.1901
-27.5559
-27.5452
-27.5452
-27.5559
416689
-27.4797
-26.6226
-26.9822
305308
-23.6578
-28.4225
-27.4797
-27.4797
-27.3723
-28.4225
-26.5217
-27.5452
-27.4797
-26.3623
-25.3442
-26.558
-27.4797
-27.5452
-27.5559
-26.3623
-26.4645
-26.5792
-27.5452
-27.5452
-27.274
-27.4468
-26.558
-27.5452
-26.5314
-27.2139
-27.1149
-27.2139
-27.2139
-27.5559
-26.5792
-27.274
-27.5452
9241.77
-27.5559
-25.4075
-27.5452
