5.43102e+007
6.49486e+007
4.18733e+007
2.8224e+009
226250
1.17584e+011
5.84135e+006
45068.7
1379.17
1.41009e+009
1.72288e+011
2.04469e+007
4.93473e+009
111161
5.64975e+011
140034
3.40738e+006
13477.4
2.90682e+006
1.7417e+007
7.29094e+006
215824
878259
1.78755e+012
18035
4.75887e+006
2.7114e+007
4.07379e+007
436710
5.75757e+008
9.1214e+006
1.17329e+009
1.14418e+010
2.55842e+006
4.55376e+006
3.32195e+007
498152
146102
5.09451e+009
1.51684e+006
8.43771e+009
1.69088e+009
3.58605e+006
1.87298e+006
854999
2.96988e+006
1.6587e+010
1.03587e+009
4.29058e+007
1.198e+010
3.94258e+008
3.3405e+008
6.99345e+006
1424.54
922708
7.21106e+008
6.8378e+006
3.61506e+006
3.51241e+009
60528.4
3.86591e+008
4.95294e+010
4.01498e+007
379204
1.05486e+008
3.67068e+006
238516
970913
3.69802e+009
1.06343e+009
3.8376e+010
5.92189e+007
4.23459e+008
1.92738e+006
15219.9
510225
366030
12307.6
788035
3.34683e+006
143834
1.1893e+007
1.37387e+014
2.33028e+008
224763
1.59636e+007
3.11562e+006
409489
8.11572e+006
665714
1.62766e+010
14017.4
5.21185e+007
2.0206e+013
3.74378e+006
1.68525e+007
6.96468e+006
252680
2.75827e+006
362960
864622
10558.4
1.82171e+007
236714
3.56753e+006
2.82206e+009
1.27202e+006
4.68688e+011
1.81938e+009
2.52897e+014
1.96129e+009
8.75618e+008
359284
110718
1.29369e+006
1.10046e+007
107456
239283
3.05458e+007
1.33244e+008
766013
15303.4
5.23021e+006
4.66745e+007
5.3785e+007
2.04287e+011
4.02224e+009
1.919e+006
117773
6.02735e+006
3.73117e+006
8.76254e+007
2.69715e+007
4.45505e+012
581231
1.2533e+007
3.43783e+007
5.33173e+008
7.31206e+006
8.67352e+007
5.26199e+008
690359
3.84553e+008
25255.4
4.83285e+007
1.02101e+008
86963.5
8.00927e+008
9.61193e+006
2.83979e+010
1.43999e+007
2.73812e+010
264214
1.35808e+006
492728
1.60082e+007
1.30029e+012
1.36836e+007
2.62825e+008
6.79234e+008
3.83228e+007
364493
33662.4
1.69391e+007
2.9686e+006
1.06109e+009
3.78392e+007
8.58301e+011
7.38679e+006
1.72913e+006
812050
2.88883e+008
1.4514e+006
1995.35
3.49102e+008
113697
1.99259e+007
3.86193e+010
4.18306e+007
2.14309e+011
9.46226e+007
1.3704e+006
1.83789e+007
37143.9
6.99429e+006
164936
3.08039e+009
5.39008e+006
7.16487e+007
2.80596e+007
7.41315e+008
2.03638e+007
2.17773e+006
111235
4.53205e+009
2.27804e+009
18904.4
340401
2.37571e+007
82914.5
7.70433e+006
1.36022e+006
20600.9
3.39286e+008
6.71731e+007
6.16151e+008
780160
26854.5
68268
4.20769e+008
5.21938e+008
2.65244e+006
479468
1.10691e+007
3.31196e+006
310617
4.04739e+007
7.95864e+006
1.44493e+009
829121
186871
372639
2.4427e+010
3.5982e+006
292490
281862
1.11265e+006
2.28243e+006
6.69363e+007
32181.1
5.79357e+008
2.17898e+009
5.33518e+012
5.80497e+006
8475.93
2.02311e+007
40649.9
6.63082e+007
1.60969e+006
1.31008e+007
3.15633e+010
3.03838e+006
118908
3.2618e+008
9.65654e+006
452066
2.43876e+007
2.15224e+007
5.20032e+010
1.32842e+022
1.53216e+007
27549.3
2.46615e+008
1.56389e+007
25180.2
2.70492e+006
1.34897e+007
5.38654e+008
6.7159e+008
8.77263e+006
8.27162e+009
24571.2
3.79247e+006
8.84476e+015
73639.7
8.2785e+007
632702
1.92136e+006
101045
6.66025e+006
73271
8.63933e+006
6.00973e+007
9.68396e+008
1.73181e+008
2.66789e+007
6.31817e+007
1.37606e+009
2.09417e+007
1.9189e+008
8.33343e+006
3.6338e+008
5.01973e+006
3.4012e+006
1.5582e+009
2.92857e+007
1.19577e+007
553528
4.41186e+006
1.0849e+006
1.21774e+006
760068
5.71786e+008
2.28906e+011
4.56025e+006
6.78054e+008
1.14173e+008
1.01183e+007
128728
9.37654e+007
4.05676e+008
2.50764e+006
4.64869e+006
93688.6
1.17204e+006
137459
121127
1.09611e+013
4.3224e+006
4.04391e+006
4.4639e+008
1.14105e+006
823794
33955.1
1.77104e+009
683106
222038
22907.2
1.34378e+011
724423
6.7888e+007
277780
3.13019e+006
3.72289e+006
1.71764e+008
4.3298e+006
2.51477e+006
2.32338e+011
6.3601e+006
1.23493e+008
7.81407e+007
98405.9
7.83695e+006
775007
3.86688e+008
1.3725e+014
10375.2
3.50793e+007
1.67054e+009
3.84684e+007
8.47598e+006
56742.2
37609.6
377136
4.46496e+006
527263
7.64675e+006
1.76657e+008
149670
2.71274e+009
2.53643e+006
1.09816e+007
1.97348e+006
2.85999e+008
57457.6
4.19385e+011
3.55671e+010
3.70836e+012
37964.7
344354
4.35686e+007
466252
5.53522e+014
8.12142e+007
3.21098e+011
123484
1.87623e+006
1.13956e+012
2.01418e+007
165656
5.82132e+006
457955
6.51346e+008
2.46616e+011
1.82582e+007
1.27899e+009
4.84678e+010
9.61701e+006
2.42754e+015
126739
3.27243e+008
1.23432e+007
14147.8
8.63936e+006
1.30407e+007
3.44934e+007
2.08068e+007
1.65715e+010
3.58075e+007
1.36249e+011
5.90673e+007
2.20409e+008
3.0454e+007
3.14572e+006
2.16311e+008
3.77848e+006
3.19945e+008
3.62348e+007
1.11392e+006
4.01548e+007
1.15957e+006
815051
17998
3.04306e+008
8.24593e+007
3.41532e+006
190183
35954.1
4.78385e+006
5.88877e+006
32241.5
3.26892e+006
1.66181e+006
3.36174e+008
58593.3
2.01089e+007
3.67903e+010
1.36865e+007
2.03672e+008
8.45903e+008
1.32037e+006
3.68924e+006
1.14185e+010
560741
9.51336e+008
564325
454021
1.32464e+006
55355.8
11743.1
5.30583e+006
132670
4.23003e+006
116496
8.41595e+012
6.31348e+008
183097
9.74876e+008
2.61859e+006
2.01454e+007
6.49305e+006
1.39799e+009
139556
5.80694e+010
280761
817256
2.92997e+009
3.59192e+006
86336.6
2.93002e+012
36290.2
165576
8.77464e+007
2.17345e+007
103788
1.57141e+007
126259
8.98944e+006
1.02969e+006
222059
2.62291e+007
42132.6
302077
391173
1.36761e+006
4.02648e+009
8.84373e+007
5.68101e+006
7.02014e+008
165106
6.89189e+007
3.21995e+006
3.56934e+006
9.27409e+007
6454.23
4.61774e+009
828031
439230
4.61507e+011
2.13428e+008
574936
4.08651e+011
2.23293e+009
2.23214e+010
1.01317e+009
463163
2.01465e+007
89321
6.11924e+009
7.37782e+006
7.01774e+009
6.44188e+006
712621
19393
1.49832e+006
43746.4
8.97762e+008
5.783e+008
2.65128e+008
6.70183e+009
3.56457e+008
16269.7
3.14268e+010
6.36158e+007
4.08954e+013
535140
80344
1.76601e+010
8.62848e+008
1.62926e+006
5.34466e+006
295339
183370
7.1521e+006
4.17646e+007
127354
1.29522e+012
160966
5932.31
1.25282e+010
1.39219e+009
2.85366e+007
1.24718e+006
6.61443e+009
6.30991e+006
1.75523e+007
205230
762356
8.50777e+007
4.40638e+007
1.31548e+008
2.97879e+011
8.11467e+006
3.69259e+009
96336.9
1.37688e+006
45006.9
1.05367e+007
1.75823e+006
8.0022e+013
2.26825e+006
5.84115e+007
491454
2.72605e+011
9.62948e+007
1.2731e+007
6.16077e+008
1.39193e+009
6.24261e+006
1.32186e+009
1.15031e+007
2.00806e+010
2.19459e+006
8.29923e+010
3.03721e+008
2.86053e+010
2.67703e+008
7.46138e+009
4.24358e+008
1.4142e+007
5.8716e+006
2.11919e+006
42274.9
2.74786e+010
5.60674e+006
2.15788e+009
34835.1
2.55215e+006
4.9572e+006
6.64872e+007
2.84125e+011
1.80686e+007
1.37379e+009
7.22345e+009
1.39535e+009
8.88752e+006
7.34827e+006
5.6477e+011
1.54495e+006
481473
585780
1.25657e+007
9.8782e+010
1.2108e+008
175015
295986
6.3235e+007
4.50322e+011
1.10699e+009
1.45308e+010
157202
5.06807e+007
644334
4.74624e+006
3.464e+006
4.68865e+006
1.39228e+007
3.15382e+015
1.49615e+007
1.16713e+006
64371.8
3.14709e+009
153634
8.66895e+006
159003
105137
768620
2.76837e+009
552054
322378
5.53534e+006
2.62427e+006
3.18736e+008
141302
2.12595e+012
542044
1.12012e+007
3.03339e+011
6.56095e+006
1.46932e+009
1.41322e+009
275899
149441
4.53707e+006
76638.8
274065
9.35397e+007
2.2393e+012
164614
7.13664e+007
3.22961e+006
695227
1.45797e+008
1.30568e+016
3.41252e+007
2.04563e+007
3.2254e+007
300906
3.35354e+008
1.03266e+006
385797
3.84846e+006
272842
5.42194e+007
1.34677e+009
1.01747e+008
2.51594e+006
2.86192e+009
3.1087e+006
2.81885e+007
9.04498e+007
1.67308e+007
263980
685528
3.97288e+009
78607.9
2.40148e+006
1.73457e+011
1.2627e+010
866842
6.49489e+007
1.90215e+007
9.7563e+010
7.33278e+006
1.76651e+006
444893
2.15261e+010
740739
7.37943e+014
375461
9.85811e+008
2.21624e+009
61033
4.90847e+007
1.27714e+010
2.15258e+009
18841.2
6.79929e+006
9.56617e+009
8.37745e+012
3.54396e+010
285789
9.64993e+006
1.4886e+007
1.19226e+006
962998
89072.8
9.70172e+006
274679
5.15125e+007
89795.2
5572.46
3.99724e+008
35051.7
1.22813e+008
93765.4
311369
6344.04
1.26324e+008
181081
455393
2.9203e+006
1.41833e+010
372638
2.23825e+007
3.22858e+007
1.41761e+008
5.49246e+006
3.71787e+006
7.1956e+007
1.70919e+007
155100
2.77202e+006
35960.9
2.04565e+011
142850
35071.5
9902.16
1.01889e+007
165106
8.62943e+007
3.58894e+006
2.35799e+012
3.3563e+007
3.58858e+007
26333.7
52199
632332
675857
9.14735e+011
21456.3
3.54864e+009
67043.4
3.15069e+007
6.67053e+008
1.19215e+010
237959
2.83845e+009
2.10947e+006
177387
108835
1.68517e+009
1.32284e+007
1.41497e+007
2.68263e+006
2.47488e+010
140551
5.39247e+006
6.00227e+010
3.03218e+007
1.00205e+010
7.67784e+008
4.28432e+006
4.36278e+008
849784
2.46645e+007
2.36387e+006
641647
9.01081e+008
405384
1.16328e+006
26640.1
1.7821e+007
6.19347e+008
4.07707e+007
353064
1.04101e+008
113206
3.72584e+008
7.10016e+007
3.31479e+006
3.71974e+007
63080.7
1.90189e+007
1.10088e+010
4.05864e+006
2.26271e+009
1.41175e+006
3.72737e+013
4.28759e+006
3.31688e+012
4.27528e+008
4.23892e+006
2.26961e+007
277553
4.42808e+010
3.40951e+006
5.45457e+007
5.30358e+006
13696
1.65255e+008
9.48428e+010
75186.4
402155
3.74012e+006
18006.4
1.31528e+008
1.0185e+007
9.90423e+006
3.71043e+010
506910
9.064e+013
28153
434587
3.369e+007
1.0564e+007
1.46222e+007
4.28654e+009
1.02817e+008
1.88113e+006
1.92749e+008
21950.5
1.41279e+006
7.94819e+007
1.60761e+006
4.46631e+009
3.96316e+006
5.36006e+008
8.42833e+007
11316.3
4.25075e+007
4.03402e+008
1.90059e+006
1.91877e+012
2.53444e+007
688942
7.32409e+008
2.74089e+009
488438
3.87995e+007
126515
1.28981e+007
2.18963e+007
6518.76
1.5359e+008
9.40033e+006
54836.9
4.36718e+007
1.71609e+011
1.18751e+006
150881
109839
624588
3.06094e+008
635267
1.19682e+008
5.31584e+006
219252
2.92247e+010
1.06891e+008
1.78214e+010
5.84922e+006
1.3543e+008
2.52882e+008
1.78592e+008
1.02138e+007
1.10939e+009
542578
8.70736e+008
15198.2
1.5292e+010
2.0263e+014
65209.6
949816
2.44877e+009
4.51164e+007
1.20616e+007
4.92724e+007
4.92582e+006
89974.7
1.3749e+010
50327.4
2.09716e+008
1.19071e+010
1.24077e+007
1.07438e+011
437669
179047
8.95998e+009
351429
5.94383e+008
2.90908e+009
7.87387e+010
3567.8
110519
3.93901e+008
363617
9.74149e+006
7.76525e+008
18020.5
1.56703e+008
5.82485e+006
687091
3.46916e+006
2.26774e+006
4.44066e+008
55400.2
9.8838e+010
3.07893e+008
1.01688e+013
29910.9
3.49595e+011
4.59282e+010
3.94025e+011
8.67658e+011
58521.9
1.10844e+006
2.34677e+011
103061
8.37696e+008
1.27571e+009
3.98517e+006
1.09501e+008
7.50154e+006
364830
8.51709e+008
2.03717e+008
98953.2
1.06979e+006
60987.8
236517
32410.7
6.94152e+007
1.58628e+007
1.44438e+006
5.50834e+007
5.82357e+006
4.31658e+006
82058.2
7.61902e+011
5.02284e+007
66666
137091
8.03778e+007
5.40464e+008
1.09951e+007
7.4596e+007
3.32568e+006
2.71392e+012
7.03961e+009
18172.6
1.3995e+008
1.87895e+006
37846.1
172874
6.79656e+010
2.50851e+007
3.66596e+008
5.96091e+007
909966
7.02835e+007
1.77634e+011
2.46076e+006
146918
6.30198e+007
5.6064e+007
1.67773e+008
244345
7.38612e+006
7.74843e+012
1.61587e+007
5.08232e+007
666858
7.03862e+006
764335
2.18727e+006
2.88821e+007
6.61063e+009
2.81073e+006
2.715e+007
481397
6.52155e+007
4.79245e+008
1.45652e+013
1.62897e+007
487016
89388.8
3627.68
2.62388e+009
85115.5
1.65019e+007
1.23279e+006
4.56028e+008
2.80984e+009
2.54583e+006
3.71347e+006
52982.7
157443
3.35329e+009
3.39257e+011
6.37573e+006
2.64252e+007
3.62637e+006
1.27863e+006
64478.2
9.30743e+006
1.84156e+010
3.52411e+006
2.93886e+008
2.73015e+008
1.62006e+008
80169.6
203630
11111
1.08291e+010
1.62957e+007
1.98661e+007
2.41911e+006
2.91168e+007
1.71823e+009
1.60298e+008
2.09955e+008
2.94572e+006
5.6722e+012
481148
2.47633e+006
6.18444e+007
4.62436e+006
4.18908e+008
58903.7
240408
50583.2
25206.6
2.0496e+006
97676.1
8.97199e+006
1.99185e+006
1.01199e+007
4.95154e+007
2.31981e+009
8.39748e+007
2.6341e+008
1.58315e+007
3.29613e+010
1.29405e+010
692095
6.52241e+007
61332.8
643297
1.66482e+006
1.13364e+010
1.46514e+006
2.96876e+006
5.31833e+006
3.92693e+012
3.17032e+009
486176
756382
1.3815e+007
4.11597e+006
3.32364e+009
1.23458e+006
2.95162e+006
1.38225e+010
3.92549e+007
74622.9
244124
1.01057e+009
891608
1.26893e+007
4.33678e+008
2.73691e+008
31806.5
7.4271e+007
4.25518e+009
150697
1.50856e+009
1.16658e+007
129282
23585.9
60638.5
1.57906e+009
1.19709e+012
166694
3.65917e+012
330586
2.92067e+006
1.5709e+006
1.86264e+007
9299.61
4.24313e+008
4.83711e+007
200506
8.26063e+007
3.59082e+006
2.04615e+006
85681.2
1.2996e+007
12505.5
1.24341e+011
793302
1.83699e+007
1.22793e+006
41937.3
22042.6
6.87325e+013
4.27758e+006
1.48672e+010
1.05187e+012
1.80576e+008
4.61252e+007
2.20469e+009
1.19714e+008
1.03479e+008
3.82585e+007
4.04218e+007
120810
1.196e+012
4.00755e+010
46859.3
1.4429e+010
208232
3.56553e+006
5.69743e+012
651979
238523
1.69398e+007
994152
1.27914e+007
1.85952e+006
2.05206e+007
186670
7.75002e+008
34990.6
9.89033e+009
600231
9.59899e+013
1.02379e+006
701991
1.42378e+008
223597
120404
1.85736e+006
2.18095e+008
5.82861e+011
5.49968e+006
608510
7.84086e+006
633810
2.89379e+006
4.68502e+010
1.75978e+008
4.24213e+007
2.67162e+007
194734
7.40862e+006
22117.5
973448
7.28239e+006
4.46821e+006
133365
1.60357e+007
3.99871e+014
138065
7.20876e+008
3.97534e+008
1.31908e+008
33522.9
2.60596e+006
1.31473e+010
2.31848e+007
6.93019e+008
40772.8
3.22085e+010
305011
3.64447e+006
1.34083e+007
6.72058e+009
1.86417e+009
6.52871e+008
1.1125e+007
1.6567e+007
620157
8.06262e+006
250015
10438.2
5.30038e+011
8.43812e+007
6.28096e+010
3.0772e+007
193564
3.21679e+006
4.89199e+007
4.92276e+007
1.27781e+009
14702
288096
58327.9
1.11059e+006
205178
9.70115e+010
106009
1.44581e+012
9.89784e+008
591038
2.34333e+007
9.45475e+006
317057
13376.5
2.10113e+007
524233
1.96609e+012
1.88661e+008
1.17295e+006
19801.3
1.36e+006
2.8851e+007
2.09604e+008
760475
3.60714e+007
3.25992e+006
8674.41
4.18719e+008
255132
2.32457e+011
1.5015e+007
4.3766e+008
41305.5
18107.7
5.94183e+007
4.01355e+007
4.03887e+006
392444
3.07898e+009
168804
2.02104e+009
3.3019e+008
1.47572e+006
11378.4
3.05809e+009
1.40123e+007
2.98482e+008
185332
858705
4.74534e+010
1.09304e+006
1.4326e+007
8.33011e+007
5.32034e+010
8.90846e+006
1.24845e+008
2.54275e+008
2.62568e+011
7.27583e+008
16074.7
19332.9
1.73033e+014
8.57376e+014
5.38184e+007
1.87057e+008
6.5878e+008
88526.2
1.01598e+009
6.95466e+008
1.53151e+008
1.45459e+010
2.29126e+008
1.80377e+008
3.58543e+007
5.97462e+007
4.62539e+009
4.61771e+006
4.28708e+008
611240
4.25308e+010
7.06835e+007
1.24286e+006
6.29523e+007
4.07433e+006
172165
1.14282e+008
3.18473e+014
294618
166273
2.10473e+016
1.46716e+009
130104
165933
598465
5.52969e+008
4.18254e+007
182956
1.06213e+006
3.61941e+008
1.97846e+011
3.93281e+009
145615
2.02639e+006
143931
1.78437e+014
413165
62919.5
1.88289e+006
7.07544e+007
98052
1.27475e+013
2.61817e+011
935386
9.12076e+007
1.71029e+009
2.90706e+010
4.5127e+008
3.63636e+008
253874
1.52358e+007
8.68389e+009
1.94429e+006
8.30226e+007
8.7366e+006
85073.1
2.25395e+007
34134.3
1.28109e+008
87042.3
3.38466e+012
1.46297e+007
2.83596e+015
5.36604e+007
736952
2.57318e+008
1.04302e+010
1.33507e+007
5.87916e+009
1.57054e+011
5.92779e+009
1.89325e+008
6.42148e+006
8.25508e+008
209450
1.96191e+006
1.06007e+007
6.72098e+006
3.6455e+006
5.75242e+006
19843.3
9.52831e+007
2.58927e+006
2.01564e+006
6.78679e+007
21080.4
7.01563e+008
48556
8.8676e+007
1.35016e+007
1.12452e+009
3.97997e+008
564123
369238
194390
2.00076e+008
2.61838e+007
120693
106085
3.98857e+011
57427.9
3.06994e+006
70938.9
4.13689e+008
73304.9
3.57158e+006
12783.6
921448
4.13206e+006
4.82759e+014
1.5746e+006
8.83377e+007
1.53877e+007
1.85582e+008
2.30269e+006
225782
4.61393e+009
1.70045e+010
2.63897e+008
1.46938e+009
7.1238e+006
5.29012e+008
4.77086e+008
3.66205e+006
812929
5.48291e+008
2.88766e+009
201370
1.19619e+006
500676
528653
141173
6.69317e+007
2.09303e+007
1.26827e+008
1.00795e+007
5.48205e+006
3.66211e+010
5.91275e+009
2.40816e+008
53932.1
2.7861e+007
25965
1.15714e+009
1.27833e+013
3.05636e+009
3.66956e+007
61580
1.01087e+010
6.15794e+006
7.17512e+009
3.63143e+006
13771.5
6.93222e+010
2.42364e+006
2.81481e+006
9.79951e+006
4.57172e+007
245400
800656
4.00564e+007
30965.4
9.74513e+007
2.11254e+007
1.54526e+011
3.41323e+007
8431.49
1.08864e+009
308512
468050
80665.5
985913
8.38546e+006
1.84418e+009
10986.7
2.99108e+006
4.35371e+006
3.98286e+008
3.68859e+007
71127
7.86218e+008
2.2866e+006
78965.5
2.44957e+010
6.0159e+007
1.83133e+012
153618
21031.8
18244.4
1.37355e+006
1.28369e+008
85019.9
3.17515e+008
1.28439e+008
1.34556e+006
6.04524e+006
1.96202e+013
5.0746e+008
118531
103638
1.01171e+007
288323
1440.82
3.54356e+009
2.99552e+012
3.04145e+006
202274
3.8613e+009
5.99002e+009
3.84975e+007
3.75586e+011
1.23306e+008
2.44894e+008
2.92668e+008
3.28063e+012
8.56627e+014
9.83991e+009
6.75179e+006
838474
2.78271e+009
1.84352e+006
359989
4.54285e+007
1.94539e+011
7.32984e+008
49880.2
3.60806e+007
1.45966e+008
807572
617508
1.76543e+006
1.04969e+016
51473.2
6.48353e+007
5.86813e+006
8.48225e+008
2.23513e+010
3.02467e+008
431562
1.38205e+007
2.82122e+007
2.91873e+007
4.99439e+007
5778.48
225678
43266.7
719828
728322
4.40311e+010
19900.6
3.94639e+007
3.14744e+007
7.73406e+009
7.32211e+007
4.15457e+008
3.60573e+006
3.68081e+006
4.63996e+007
2.45014e+010
1.9035e+006
837924
200421
1.08001e+009
9.36868e+008
5.48444e+007
8.16102e+006
619102
3.49428e+013
3.23974e+006
174447
1.55633e+009
2.11762e+007
9.65153e+009
1.43791e+011
3.00295e+007
121386
1.11768e+009
1.08922e+008
3.00453e+008
9.98664e+008
1.12371e+006
4.38726e+006
230146
1.54052e+008
9.55935e+006
9.53056e+008
198047
7.62884e+008
8.49025e+007
61659.6
105472
1.28207e+007
35246.3
850614
2.40844e+006
2.22471e+011
109985
5.9638e+008
1.47546e+012
1.03607e+006
29746.1
8.99574e+007
5.45922e+009
401877
621310
7.60153e+008
68919.8
1.20089e+008
1.05497e+007
116946
174954
43563.1
172200
28036.8
3.51214e+006
3.55313e+011
542006
10311.5
3.76505e+006
1.39422e+006
6.77718e+006
7.57377e+010
1.39707e+007
54289.6
6.3397e+007
65623.3
506765
1.9097e+007
542547
460091
2.45242e+007
443729
1.52342e+007
491465
2.38305e+008
5.07966e+007
5.29926e+008
1.00569e+007
18423.2
582042
2.64737e+006
2.25534e+006
1.08742e+008
9.1665e+006
322105
2.52844e+007
1.16506e+006
1.30612e+006
239550
40980.1
2.62448e+007
3.66845e+009
797885
200595
4.89569e+007
2.6103e+006
1.23687e+008
5.47543e+008
1.70398e+010
3.65275e+006
7.44458e+011
6.77894e+006
6.79705e+011
2.23548e+009
4.62441e+006
2.71634e+009
2.74191e+007
626213
3.09292e+011
8.67927e+008
1.79935e+006
4.55752e+006
3.38797e+008
496943
373375
3.68909e+006
1.64422e+007
284430
974717
273298
783136
1.56919e+006
7.30891e+006
2.18886e+010
4.82293e+007
1.0303e+007
3.31323e+008
3.18263e+006
229086
3.74847e+014
1.99143e+010
7.03449e+007
9.67498e+006
2.19627e+007
93305.3
1.32202e+010
169930
3.6758e+008
1.76859e+006
1.52739e+009
2.44838e+009
4.61602e+007
5.5582e+015
2.00663e+006
313287
61392.2
52741.5
7.0137e+013
7.33713e+008
1.17385e+008
5.73132e+007
5.22449e+006
48253.2
1.00626e+008
1.2921e+007
3.42899e+008
7.72278e+008
27762.5
8.89374e+007
6.96996e+006
508311
4.61693e+012
1.48045e+015
2.36647e+009
1.51696e+006
3.75906e+008
1.30691e+008
465231
1.27867e+008
2.65529e+007
4.63345e+008
214887
660811
1.2314e+008
915519
61061.6
1.12581e+008
3.00931e+008
586921
3.48444e+007
6.56955e+006
1.14449e+018
3.83836e+006
1.60528e+007
8.338e+007
7.71289e+009
458380
1.72192e+008
519261
2.3904e+010
438545
118950
2.30424e+006
116377
3.98957e+007
53217.2
2.85416e+007
2.55547e+006
5.94902e+006
2.70833e+007
7.14115e+008
170683
9.98894e+006
2.74212e+006
374400
2.8333e+009
1.69001e+008
9.5669e+007
9.42735e+009
5.24362e+008
1.00178e+008
3.70357e+009
5.0766e+009
80085.1
8.06194e+006
85204.9
3.23885e+009
370183
2.37782e+006
4.56843e+006
5.92208e+007
8232.16
2.13955e+013
143248
280005
6.97031e+007
608092
6.23087e+013
889808
3.6318e+010
30954.9
5.1043e+007
573561
3.75686e+015
337033
36344.3
5.90491e+009
7.12988e+008
4.52356e+008
37078.4
1395.11
3.47622e+008
7.49125e+007
1.71863e+006
11274.3
1.10122e+008
1.57219e+011
2.96645e+006
1.13477e+007
159407
1.11553e+011
5.82485e+008
142824
5.45629e+006
2.51745e+008
58673.4
6.03214e+011
1.34459e+011
1.01003e+007
4.31317e+008
9.77775e+006
936425
357830
4.92439e+007
7.38586e+010
2.87559e+011
168178
67271.3
2.30589e+008
6.39372e+006
1.44208e+009
3.68875e+008
5.41156e+010
1.40594e+006
9.81492e+006
6.47931e+008
8.55947e+009
2.00178e+006
219894
1.51856e+006
5.95972e+006
1.73142e+008
2.01019e+010
1.27735e+007
2.43129e+008
1.5672e+008
1.67915e+006
8.07832e+007
3.83283e+013
236387
3.8758e+006
53868.9
3.32655e+008
161880
954734
1.19582e+007
17109.8
3.74295e+012
6.95768e+012
217319
1.51469e+007
1.84774e+011
6.48683e+006
2.34345e+006
6.13911e+006
5.23294e+010
1.54125e+007
5.72672e+011
541.072
1.76032e+007
3.76672e+007
818982
4.451e+007
2.7559e+009
6.75718e+006
1.86007e+009
4.08046e+006
4.3538e+006
7.78706e+015
2.40861e+007
3.36798e+009
1.2244e+006
8.11675e+009
1.34566e+007
5.47665e+008
5.52996e+007
3.97595e+014
5.28422e+007
3.3258e+006
400415
1.42739e+008
4.06899e+006
697998
451293
4.05431e+009
7.72456e+007
7.93505e+007
321891
1.80012e+006
2.66957e+006
476412
4.54109e+006
6.62327e+011
5.97794e+008
39416.4
1.32855e+015
1.45491e+007
93109.5
1.48108e+007
9.16636e+006
2.54853e+008
3.25747e+008
57265.5
5.27334e+006
211570
34167.4
1.48063e+011
1.44538e+006
1.5546e+008
7.99225e+006
4.65034e+006
11917.7
1.7772e+010
1.87388e+010
1.61463e+007
5.11972e+009
4.59959e+006
4.51528e+006
2.52382e+008
1.24162e+008
1.01204e+008
304954
68257.5
3.61454e+009
130090
4.09749e+009
2.5306e+006
3.6154e+010
5.98635e+006
2.1853e+007
1.09067e+007
4.35119e+007
2.63284e+008
3.73043e+006
44743.4
1.51643e+007
2.61946e+008
1.07177e+006
2.51393e+006
1.28542e+006
857568
5.09075e+009
7.61804e+006
1.18714e+012
5.27923e+007
2.03506e+009
6.391e+006
912381
4.53497e+006
1.83803e+008
595912
2.00637e+009
1.48757e+010
1.16445e+008
6.51109e+008
25933.7
3.2034e+006
1.07275e+007
1.9248e+006
2.21569e+008
5.23905e+007
1.34888e+008
6.11221e+011
105480
114062
1.4069e+006
3.02111e+006
2.35469e+006
2.52095e+007
5.09186e+006
152920
750928
21367.2
8.34835e+008
1.56731e+008
7.72394e+008
2.79338e+007
2.79987e+008
27373.5
246566
220022
345328
9.67351e+006
2.16363e+006
8.2516e+009
6.2058e+007
4.02672e+006
1.42754e+008
1.69408e+009
1.50866e+006
1.30824e+006
4.32083e+006
1.12855e+008
2.27148e+006
97429.8
310328
644.493
8.44298e+008
3.98308e+006
71944.3
78926.4
176058
112472
2.20384e+007
3.29767e+008
4.93244e+007
965599
2.59272e+007
2.7061e+007
3.17805e+006
1.36868e+009
510375
1.06299e+008
6.1985e+006
876111
8.03759e+006
3.45992e+006
1.72995e+008
19709.2
5.21531e+007
1.58456e+009
7.79292e+006
7.40419e+006
5.62756e+007
2.44756e+008
60245.3
8.13737e+006
48346.4
2.64748e+006
3.2759e+006
2.58024e+010
6.10036e+008
6.46825e+009
4.12934e+009
3.90354e+012
1.72941e+009
622157
1.42485e+009
1.09162e+006
1.24814e+006
8.72138e+006
16244.6
2.67258e+007
892041
6.99954e+007
183297
4.08384e+008
287784
573331
1.16458e+007
1.54132e+006
245465
1.993e+006
282811
3.6495e+010
1.13423e+009
9.17384e+008
63276.7
972674
4.799e+006
77433.7
1.23627e+008
1.43059e+007
3.60255e+006
1.63762e+006
18816.2
7.46178e+006
1.04499e+006
4.32878e+007
1.36387e+014
9.98663e+007
8.27991e+010
558408
2.95237e+010
9.66802e+006
1.57502e+006
529096
2.6683e+008
9.31786e+006
719984
1.19204e+007
13561.3
74864.8
2.67275e+010
3.34826e+009
1.10708e+006
1.45575e+006
918021
1.62217e+012
623249
1.92402e+009
1.88753e+008
1.42277e+007
1.87292e+010
418424
3.21813e+010
2.91628e+008
4.47796e+010
2.55599e+006
7.41267e+006
5.90282e+014
434127
17601.8
16744.4
5.3799e+008
934401
1.49152e+010
8.28833e+006
1.14711e+006
90228
1.13652e+011
9.44491e+006
1.82965e+008
8.60189e+006
519133
453859
1.83594e+008
9.1617e+006
2.41832e+007
1.80137e+011
5.96726e+007
2.26523e+007
3.08688e+006
1.68788e+007
410181
2.57752e+006
6.9625e+007
6.5003e+008
1.24877e+008
1.60141e+011
3.69654e+007
48459.4
7.85833e+007
1.95559e+009
2.32322e+006
9.69485e+006
187541
38316.3
301934
3.05806e+006
5.25528e+007
2.19172e+006
1.01168e+007
83545.8
9.44099e+006
1.15557e+006
3.37265e+006
1.85449e+007
569887
1.69724e+008
1.93371e+007
1.86346e+011
1.27584e+009
5.36676e+006
7.33348e+008
8.8915e+006
805862
9.25595e+007
5.85762e+006
2.34189e+007
3.84925e+006
2.59834e+006
2901.14
6.67765e+012
1.41434e+007
2.96132e+006
4.46538e+007
16609.7
3.47162e+007
63877.7
2.4141e+012
167230
2.57799e+006
2.70437e+009
1.3346e+006
7.75232e+007
1.1305e+007
1.63511e+007
1.88522e+007
1.31937e+007
7.36471e+007
2.48941e+011
3.54204e+006
9.56181e+007
4.67918e+008
5.75953e+008
416793
2.04075e+013
1.37735e+010
18428.3
1.86436e+009
3.56106e+007
5.86664e+006
1.47738e+006
2.45509e+007
1.81795e+010
179408
302122
9.33822e+006
5.39018e+008
1.17602e+006
108487
6.40187e+006
9.86091e+007
6.82152e+007
4.12499e+007
2.89988e+007
1.49475e+007
530065
1.08175e+009
29199.2
6.18909e+007
124982
36229.4
2.30922e+012
1.50128e+009
1.83574e+009
102012
8.45557e+006
1.80818e+008
1.53382e+007
1.28509e+008
173927
8.709e+009
85386.1
8.18071e+007
51376.7
2.11122e+007
3.08324e+012
1.11484e+007
2.04903e+014
3.53879e+006
7.90587e+009
2.55289e+008
1.1673e+007
34276.4
2.19166e+009
11165.8
972567
16223.7
7.33748e+017
363031
5.05319e+006
1.30271e+006
9.04637e+007
1.49912e+008
1.36662e+007
1.16354e+006
6.11526e+010
1.81468e+007
60999.3
2.09362e+009
2.71272e+007
3.32037e+009
2.46099e+016
5.37703e+009
1.17462e+007
4.03738e+007
2.99453e+008
2.44752e+009
3.21094e+006
8.12634e+007
349270
2.6214e+007
1.04599e+008
509944
3.98028e+007
464457
3.99502e+007
8.44047e+007
51742.9
2.42761e+009
131256
2.25074e+008
1.23892e+007
11382.5
4.78759e+006
1.0415e+008
81206.8
208113
323368
410670
840496
2.21321e+008
2.80021e+008
230606
99221.3
8.2022e+007
4.22862e+006
3.60485e+006
2.52552e+007
72173.4
44635.2
4.3699e+006
621741
206222
2.3622e+008
805112
1.08922e+008
2.9002e+010
3.51888e+006
1.38838e+014
932983
1.32341e+007
3.99185e+007
1.26328e+011
5.71549e+008
1.12787e+008
3.86743e+009
486685
5.66094e+009
2.00975e+006
235019
2.85431e+006
3.88323e+008
313006
1.42522e+009
4.61777e+006
259050
36963.9
3.46694e+006
70286.7
1.22121e+006
2.12849e+006
6.65032e+009
1.9971e+008
1.44679e+017
2.74002e+011
5.02617e+006
9.6286e+006
1.40504e+007
8.29269e+007
2.38224e+009
1.05047e+006
1.36032e+007
2.8879e+007
2.11568e+006
11045.3
57610.4
2.99284e+007
1.58981e+010
683152
7.4232e+010
7.44521e+007
1.501e+007
2.97422e+012
1.92739e+006
8.48139e+007
5.10287e+006
2.5486e+006
8.94599e+007
2.11409e+010
403810
3.21273e+008
1.57349e+006
1.60583e+008
710532
6.0216e+009
75734.5
1.67177e+009
1.06808e+008
1.30927e+013
2.35939e+012
2.83968e+007
5.60131e+006
2.85048e+006
30451.9
3.70686e+007
2.59737e+006
9.51567e+007
193182
4.5886e+009
1.07282e+017
2.19509e+011
1.97874e+008
566911
49931.7
3.83389e+008
6.02505e+007
8.09088e+006
2.79788e+011
8.906e+008
2.3671e+006
656512
6.00372e+006
24874.4
9.72332e+008
310833
2.99496e+008
7.47406e+011
5.31523e+006
160876
1.22495e+010
1.93098e+006
8.0717e+013
81827
6.20477e+006
5.77921e+008
8.98779e+006
1.11292e+006
3.79666e+006
35507.9
910765
1.4813e+007
4.36253e+006
2.7519e+007
115006
33250.5
3.74e+011
2.57812e+006
1.07722e+008
1.91479e+007
3.63816e+006
2.02516e+009
7.23316e+006
3.81178e+007
2.85311e+011
6.31735e+007
4.8584e+007
7.69263e+007
2.2024e+006
1.58388e+008
609692
1.97369e+008
133702
237746
675504
1.81848e+006
3.18148e+006
6.23413e+008
96548.2
2.54313e+006
111434
444317
3.49e+006
5.16676e+009
434928
21084.3
6.33792e+010
4.20638e+009
1.2251e+009
1.11479e+008
286960
4.04639e+007
4.13196e+007
57622
9.12327e+007
1.02036e+006
226575
1.98712e+008
1.27935e+007
6.87056e+006
280190
1.92149e+010
7.41975e+007
6.78521e+009
4.09652e+006
58659.6
7.45053e+008
567670
5.65611e+006
1.34061e+008
4.30169e+008
1.57828e+008
9.51162e+006
704189
9.8374e+006
4.7598e+006
4.18582e+007
167822
1.14326e+006
1.88546e+009
118119
138933
6.9174e+007
4.48042e+006
3.63313e+007
5.713e+006
7.63941e+009
3.00906e+008
485145
3.49157e+010
9.1662e+008
58044.9
3.87253e+007
2.41944e+007
216093
1.91519e+007
244492
4.44109e+009
266891
1.13245e+006
494562
1.21273e+013
1.6745e+007
1.75991e+008
2.36921e+009
3.24264e+006
1.48738e+007
1.85832e+008
768762
6.27983e+006
6.13063e+010
1.00134e+006
1.8933e+007
409396
2.57616e+012
1.25891e+007
4.29945e+011
5.36397e+006
2.13541e+006
575082
632618
12574.6
525914
6.37437e+006
5.98979e+006
9.4793e+008
180166
1.46154e+009
972646
5.14738e+007
1.0781e+006
1.72786e+008
7.80925e+006
149791
2.55514e+006
1.45021e+010
659864
600479
4.66743e+009
87289.7
7.52109e+008
62544.2
3.36183e+010
1.85746e+011
1.75704e+010
2.01651e+010
1.97627e+006
6.34675e+012
1.86058e+006
4.63319e+007
2.02554e+009
1.55119e+009
38298
3.49115e+010
8.40047e+008
1.67526e+006
101411
140997
3.83297e+007
92040.9
3.33524e+007
1.7514e+008
662780
1.75234e+008
548917
4.36937e+009
157624
3.96319e+006
1.98754e+006
1.40211e+013
1.11251e+009
11102.8
328108
5.47737e+011
4.73354e+006
3.9866e+009
253357
8.82321e+006
3.45988e+006
5.69179e+006
1.31517e+008
2.29763e+006
5.5646e+013
2.74833e+014
4.1925e+012
498568
2.24613e+006
4.96977e+007
8.32282e+009
1.37209e+006
8.17841e+006
6.8888e+008
4.92923e+006
6.73948e+007
4.43176e+007
1.10011e+008
66846
3.74203e+012
5.69186e+006
89439.8
3.59405e+007
5.69907e+007
1.70417e+008
3.0498e+006
2.09715e+008
2.08861e+006
2.69868e+007
4.07114e+007
3.73445e+008
974153
1.62089e+006
7.57657e+007
7.19561e+007
2.56479e+010
1.52308e+007
4.9026e+006
5.57138e+006
176709
2.4085e+007
1.77187e+009
9.86407e+007
1.56623e+007
38408.2
63162.3
3.78356e+006
576478
6.44933e+007
7.04273e+009
153760
259429
6.71101e+014
3.21189e+008
3.45964e+009
4.64215e+010
1.32397e+007
1.03413e+007
3.1959e+006
1.26028e+010
216039
823514
152660
7.28952e+012
5.19802e+008
3.38773e+011
31149.1
2.49251e+009
1.85467e+007
321363
28121.3
1.92328e+006
8.863e+015
1.45346e+010
2.55721e+006
8.69326e+007
3.77935e+010
352766
245061
1.00114e+008
3.31157e+007
5.85264e+006
2.14102e+009
3.1413e+011
5.87798e+007
67484.7
534352
9.49789e+007
1.78499e+006
5.81387e+008
4.4446e+009
6.68156e+006
260876
1.20414e+006
2.83696e+007
1.74765e+010
3.5584e+006
1.5797e+006
9.53405e+006
6.74443e+007
1.00774e+006
19814.9
5.32739e+012
2.50926e+007
146887
5.31918e+008
3.48553e+007
5.27458e+009
6.97891e+008
1.61293e+006
8.9124e+009
1.59463e+006
1.06052e+009
1.06731e+006
3.40315e+007
2.34328e+006
1.20729e+006
3.90702e+008
3.65113e+008
3.55336e+006
1.31234e+007
8.26656e+009
37289
178829
1.64236e+006
1.14566e+006
3.91948e+007
2.00687e+007
8.75305e+007
2.86926e+007
1.55125e+006
8.19004e+010
1.61094e+007
3.41007e+006
76888.1
3.25061e+007
135037
433336
3.24509e+006
1.18185e+008
507381
561613
1.46165e+009
2.46847e+007
4.81086e+006
1.74835e+006
1.68761e+006
7143.34
1.49895e+013
1.64007e+007
2.13283e+014
6.35915e+007
1.29119e+008
84941.3
644844
8.45754e+008
1.06039e+008
6.0796e+010
1.28397e+008
1.66802e+007
2.40563e+006
756520
1.37257e+007
2.0281e+007
1.00056e+007
1.26252e+006
1.02821e+007
827215
1.78428e+008
1.2268e+008
7.95282e+009
6.81449e+008
9.9287e+008
1.89332e+006
8.35305e+006
1.89116e+006
1.51877e+007
1.06183e+008
9.64821e+008
7.78963e+006
331223
215875
682317
8.20524e+006
67428.3
2.9489e+009
9.8203e+010
1.90967e+006
714408
2.52645e+006
361654
2076.05
4.62705e+006
2.30753e+008
1.55759e+009
3.50671e+007
1.1503e+006
413237
1.12734e+010
3.18444e+006
1.03533e+007
455431
3.05389e+013
5.65061e+007
9.3404e+007
2.90148e+011
3.85913e+006
9.38385e+007
1.38401e+006
177019
5.28508e+007
8.48955e+009
9.85911e+006
6.43059e+009
8.15237e+007
1.75202e+007
3.74201e+008
503461
2.52453e+009
8900.78
387204
6.76734e+011
8.20639e+007
4.61766e+008
5.2407e+008
1.45045e+007
9.15211e+006
2.85424e+007
1.40893e+006
3.31617e+008
2.06999e+006
8.72927e+010
225953
5.54604e+008
7.0082e+008
3.33074e+007
779896
3.10709e+008
645928
90995.9
1.17273e+006
6.51555e+008
1.50103e+006
8.35323e+006
2.23091e+006
5.61668e+011
314535
3.48773e+006
9.68598e+006
1.27828e+007
1.28634e+006
1.84545e+010
32582.9
2.73544e+008
2.86233e+007
9.78977e+007
250935
9.06089e+008
2.84082e+007
488263
2.8715e+007
1.58108e+008
127100
5.42165e+007
4.31503e+007
1.89098e+011
3.65851e+008
2.48793e+008
4.0925e+010
5.92518e+007
1.02037e+006
8.65212e+010
1.101e+011
1.50927e+006
122922
721704
554700
6.26988e+008
1.06945e+008
1.12434e+007
3.47011e+007
2.41855e+006
116965
8.72036e+008
8.03434e+007
5.85267e+010
1.94043e+007
6.36276e+006
697379
1.2159e+006
306897
169105
1.87775e+012
3.74208e+008
6.37342e+009
829608
845319
592443
4.29124e+010
3.68788e+006
6.52787e+007
1.5508e+007
194662
2.80973e+008
1.04716e+011
4.45258e+007
2.01333e+011
23078.4
40839.4
182417
115957
8.13071e+006
2.32431e+007
5.1337e+007
2.79269e+006
1.37623e+008
1.69534e+012
386854
1.57569e+008
3.00259e+007
3.61376e+009
688251
395921
5.37769e+011
3.16636e+006
1.11482e+010
5.77004e+006
2.34819e+009
2.24721e+008
4.96154e+006
1.91021e+007
1.61458e+009
217477
8.02792e+010
6.62515e+009
579927
33459.1
4.01216e+010
4.73367e+006
3.38369e+006
9.74505e+007
3.12223e+006
2.02056e+007
1.02089e+009
2.61497e+007
5.8582e+008
2.0645e+006
6.09994e+007
4.58809e+007
1.73552e+008
60880.6
1.82721e+014
179584
523733
2.73353e+007
346135
1.12691e+007
2.11137e+007
1.97734e+011
3.65693e+009
1.49833e+008
385160
2.11298e+007
3.27851e+006
7.13523e+008
911398
3.96236e+006
5.54842e+007
1.10561e+014
3.09671e+006
4.75483e+007
2.90169e+014
1.47648e+008
1.67869e+008
3.77426e+010
4.64036e+008
637199
2.34338e+008
754710
163634
6.64431e+006
1.62126e+010
2.59178e+008
208993
2.49881e+009
4.21366e+007
713920
914547
2.88497e+006
2.12336e+011
1.43498e+008
4.25822e+006
138783
1.086e+008
3.74291e+012
4.76423e+010
2.04369e+006
129373
6.57881e+012
27359.4
1.45757e+008
6.95492e+006
4.23397e+007
1.92747e+007
3.50218e+006
2.35267e+009
1.25052e+006
305960
259467
2.04773e+009
2.04622e+010
4.63046e+008
7.30667e+006
1.27394e+006
23865.5
4.13355e+009
4.96817e+008
27979.1
4.25474e+007
1.99542e+006
1.63502e+006
1.78562e+010
3.26506e+007
2.69501e+006
9.14228e+007
543733
3.67964e+010
119786
3.38137e+010
2.20915e+009
145630
1.10918e+015
3.93942e+006
6.80581e+009
8.29404e+006
4.80972e+006
2.17611e+007
5.90385e+013
100839
7.53787e+006
7.50684e+007
546355
4.51642e+007
261604
438881
5.43207e+006
6.33153e+008
33640.7
1.13184e+006
4691.19
8.61726e+008
2.8616e+007
32891.3
7.84167e+006
1.05956e+008
255967
2.02558e+013
1.0552e+008
106032
122514
880024
1.37917e+013
2.89316e+007
167574
8.08103e+006
5544.39
6.67008e+006
58352.2
9.2482e+010
1.33918e+007
7.69166e+009
380853
4.09685e+006
1.73192e+006
1.5886e+010
2.63617e+006
2.90788e+007
2.45439e+006
7.19309e+006
1.57332e+006
2.27612e+006
3.57478e+009
65623.2
3.92483e+012
2.89608e+010
2.45968e+009
2.33379e+007
1.89469e+010
9.7856e+006
1.37286e+009
5.78455e+007
53247.3
2.11665e+006
40144
331321
1.5869e+011
454903
1.44148e+010
4.36973e+007
6.3694e+008
82731.6
4.61916e+007
1.2645e+007
98551.5
4.8792e+008
1.56817e+007
1.14657e+007
46323
6.29101e+006
18771
3.91313e+007
1.30372e+008
48431.4
6.86744e+009
341702
289394
7345.71
2.56603e+006
3.74829e+007
9.23416e+007
627166
2.6649e+011
97729.2
229812
97596.9
8.08233e+006
4.99489e+006
72800.4
4.77355e+006
8.81427e+010
46605.6
5.11287e+009
5.36702e+006
2.80754e+007
6.6877e+009
1.31056e+007
1.36331e+010
1.61382e+010
1.17464e+009
1.56797e+009
2.04814e+010
2.39778e+007
2.68601e+010
9.07463e+006
2.52959e+007
2.05987e+007
1.26463e+009
8.4841e+011
5.70708e+007
4.09055e+007
1.86889e+007
3.23514e+007
7.35952e+006
5.19367e+011
1.71106e+007
250757
3.42864e+010
3.35163e+009
207879
859804
1.33692e+006
3.78837e+011
1.63244e+007
134461
9.59278e+006
15548.3
7.64481e+008
1.10422e+006
128826
7.80495e+007
249618
2.06466e+008
293424
153593
342167
7.61408e+007
8.34721e+008
6.42553e+007
1.03052e+008
4.12535e+007
1.24474e+007
577242
1.86005e+006
3.52955e+006
5.26113e+008
8.59649e+007
1.61178e+007
1.84216e+006
9.77053e+008
170441
2.6742e+009
9.56324e+008
1.17362e+007
3.57617e+007
83548.1
3.39875e+009
82862.8
3.5713e+007
9.10018e+007
1.05256e+010
8.80996e+008
102889
133223
1.52273e+010
383890
16568
78553.5
9155.03
98204.8
499523
1.05623e+006
4.23013e+011
4.30958e+008
604042
5.40173e+007
5.46228e+006
56019.7
3.82395e+008
1.16163e+006
1.27412e+006
6.37147e+006
2.7626e+012
8.63964e+007
304864
121916
1.05361e+011
4.23925e+011
3.58253e+007
1.09138e+008
233325
1.39188e+006
1.53865e+006
475110
3.35083e+008
1.14225e+007
1.06428e+008
6.73398e+009
1.55756e+009
7.02932e+008
93901.5
1.07324e+006
2.19249e+013
1.56382e+011
2.2764e+011
5.82346e+008
2.72755e+010
3.89437e+009
1.79044e+007
5.89606e+013
1.3135e+007
3.42606e+006
2.83797e+008
1.0905e+006
91584.3
1.92413e+006
47483.2
1.24966e+009
41196.5
1.59532e+009
6.28049e+009
336530
221103
3.44833e+006
2.67825e+008
4.64897e+007
1.49728e+008
434180
1.08004e+006
1.84422e+006
3.71025e+007
3.66062e+006
1.59529e+007
7.23689e+007
855303
1.00981e+007
81910.6
7.22607e+009
5.44087e+007
1.4967e+010
1.24234e+008
2.33203e+008
7.57707e+016
6.47001e+007
668867
866895
272612
2.4725e+006
822576
3.20568e+011
1.20225e+006
3.82144e+007
7.4423e+008
2.24021e+009
3.13131e+007
1.33083e+006
4.96591e+016
3.73174e+008
68624.7
7.68738e+016
104768
1.89792e+009
8.56075e+008
1.28596e+007
52074.2
5.95275e+007
5.37811e+007
19204.8
3.47524e+006
9.28056e+006
5.75807e+009
2.33268e+007
3.8988e+009
3.77439e+006
1.47087e+006
4.3628e+006
97665.9
1.86079e+006
1422.14
557890
1.97615e+007
645809
1.35255e+006
110997
2.68261e+007
61906.8
2.10273e+009
502011
6.21612e+006
1.92916e+009
2.09547e+006
2.32944e+006
1.0181e+008
1.39725e+006
6.91745e+009
2.02378e+007
14124.2
4.4178e+007
7.38128e+007
3.76968e+007
2.92174e+008
2.74932e+006
1.869e+007
87734.4
391635
459805
1.22261e+006
9.56205e+008
1.88549e+010
183337
1.59282e+007
1.17264e+007
487750
8.93226e+008
1.38333e+008
164689
22680.8
1.76726e+008
1.55655e+007
1.45303e+007
4.70727e+008
25624.9
7.63131e+008
1.71527e+009
3.70224e+010
6.12785e+010
25219.8
5.80788e+006
3.38965e+006
5.52013e+006
4.21016e+006
3.21199e+009
4.76522e+015
71059.8
3.84358e+006
27604.1
3.41665e+009
7.86876e+008
2.79081e+011
2.76269e+006
1.24744e+009
6.58658e+007
6.4857e+008
129141
7.66033e+014
4.63614e+007
7.09804e+006
588429
6.69565e+006
386199
3.31506e+006
170586
4.39638e+008
325716
41550.7
118374
4.62934e+011
2.89642e+009
3.2184e+010
3.37844e+006
251996
1.6271e+006
1.17656e+008
5.55605e+007
146123
2888.99
1.10108e+012
1.8321e+006
2.22541e+009
1.37825e+008
289302
5.77116e+007
9.10793e+007
1.55196e+010
47004
6.83879e+010
312796
3.27881e+007
1.85425e+010
1.00258e+007
1.05623e+008
1.14977e+008
4.71602e+009
7.29445e+006
1.6911e+006
2.07332e+009
8.91212e+008
4.00272e+010
3.0585e+013
7.58633e+007
8.12958e+009
4.35015e+008
1.4892e+008
5.14704e+009
1.12672e+007
728675
2.21353e+008
9.7741e+007
1.79414e+007
1.34803e+010
2.17305e+006
471585
4.02848e+009
4.89694e+007
7.31734e+007
1.02551e+009
3.12992e+009
5.91581e+008
1.63379e+006
775973
3.30271e+007
899095
4.19415e+008
2.26325e+008
4.05396e+010
9.6416e+006
8.35334e+007
4.63545e+009
201062
1.72516e+010
1.7543e+006
4.82126e+012
1.07401e+011
5.96293e+006
3.21343e+009
2.25785e+011
2.23013e+011
978154
1.32763e+007
7.03085e+006
1.48582e+006
2.26819e+006
4.87769e+006
547005
1.01735e+010
9.39406e+006
4.19271e+008
580394
8.80939e+006
8747.69
1.03746e+006
2.94591e+007
1.97728e+010
2.40992e+006
4.23142e+013
231912
1.29435e+007
849363
6.69162e+007
159211
2.74811e+011
3.08178e+007
1.25348e+008
3.07078e+007
1.43929e+012
4.22951e+011
34219.1
6.22169e+010
1.29612e+006
30254.4
6.72664e+006
308462
1.22458e+011
8.62614e+008
3.29401e+006
229794
92767.5
2.3375e+010
2929.91
3.95296e+006
2.4285e+007
2.93281e+006
2.54741e+007
7.48715e+007
1.99208e+011
1.1873e+008
6.87157e+008
1.87346e+007
1.17742e+006
252122
3.29187e+008
2.52096e+006
8.35199e+009
7.93083e+007
3.81875e+007
9.46853e+014
132692
664278
98011.8
170954
9.8444e+007
624231
1.48936e+006
2.14468e+006
4.74334e+007
1.92458e+007
2.45562e+008
421047
7.46251e+008
3.42458e+006
598279
4.57159e+007
143711
328143
806078
1.78859e+008
10623.6
71052.3
184504
8.6614e+007
4.76327e+007
3314.18
1.23473e+006
2.33895e+012
168338
890445
1.19793e+009
84025.2
496904
155750
1.07518e+009
3.30176e+007
7.75919e+007
1.23106e+007
7.35422e+008
7.99098e+010
1.22752e+009
2.38261e+006
6.29199e+006
3.47685e+007
541776
9.37109e+007
4.97821e+011
273542
2.10503e+010
72361.4
1.58102e+007
7.34207e+006
8.2645e+007
2.45181e+009
1.83583e+006
5.85754e+006
2.35984e+006
5.16222e+007
6.46927e+007
3.69635e+010
492203
3232.35
470978
4.18611e+008
2.3166e+008
493020
4.35728e+008
3.82372e+007
157827
9.68716e+012
9.37302e+008
2.45822e+006
1.7089e+007
32816.1
44577.2
2.52285e+010
2.95422e+009
4.77623e+009
8.5434e+006
4.3095e+009
748885
1.18751e+007
1.46888e+006
3.8129e+011
2.97765e+007
7.82839e+009
2.10362e+007
40879.3
4.80215e+009
2.20885e+009
2.87393e+007
4.79145e+006
5.46108e+006
650382
2.31511e+007
3.17561e+008
1.3051e+006
2.10884e+007
8.3852e+013
3.84007e+007
3.31276e+009
62350.1
3.75076e+006
8.17142e+006
2.75011e+008
6.32345e+008
2.28087e+009
2.84669e+009
1.97186e+006
8.99241e+009
1.00856e+006
1.30938e+006
5.19104e+006
733587
3.18863e+009
2.24789e+008
9.646e+006
9.17814e+010
1.88082e+010
3.32713e+007
4.69123e+009
1.50781e+008
5.67893e+008
5.44817e+006
1.01491e+011
6.94242e+010
149442
1.45314e+008
3.44445e+007
4.20146e+006
2.52803e+006
2.05832e+007
7.97251e+006
1.08058e+010
309286
9.16486e+011
5.05123e+006
24566.4
2.31223e+006
4.57759e+010
7.88861e+007
200699
109002
173795
133284
7.63902e+007
1.9427e+007
5.03646e+007
7.59188e+008
65782.8
7.2176e+009
4.49251e+006
698026
1.16965e+008
6922.18
583.293
2.18692e+008
4.55723e+006
3.21207e+006
1.04226e+007
981143
1.93299e+007
2.65377e+007
6.4534e+006
19931.3
712329
4.5295e+008
5.38287e+010
7.78703e+007
2.64104e+006
1.22554e+008
3.69677e+006
351908
292545
4.1409e+007
48867.8
1.08304e+006
4.23325e+008
3.43788e+007
7.72295e+006
3.98442e+009
483432
4.11026e+010
164380
1.51346e+009
9.22133e+006
1.2409e+006
4.45304e+009
20416.9
1.48038e+006
2.40986e+007
260317
96494.9
200771
2.12342e+008
3.53333e+006
299415
2.30861e+007
3.33071e+006
2.70725e+008
1.31836e+009
4.53056e+007
1.9514e+006
7.34013e+007
4.2122e+010
3.52749e+007
1.10119e+006
34333
76790.8
2.58047e+007
143063
787103
8270.58
6.2381e+008
10982.5
2.05525e+006
3.05259e+009
4.0512e+007
317106
5.81375e+006
2.58025e+008
614402
8.14398e+009
1.55646e+006
5.79553e+008
9.14463e+006
135867
1.28838e+008
141778
1.41472e+010
1.70895e+008
2.60622e+008
86522.8
1.2557e+008
6.56839e+007
2.0269e+009
5.60776e+007
8.57479e+006
1.21509e+006
5.61299e+006
269902
1.86272e+009
1.22995e+006
1.35436e+007
4.76066e+009
229658
1.92932e+008
266713
1.18311e+008
6.74355e+010
2.10519e+007
2.63992e+010
2.06888e+007
6.66408e+010
6.5275e+007
7.21821e+008
449507
3.07582e+011
2.03354e+006
2.89614e+008
2.98454e+006
240107
2.93819e+007
3.11716e+007
1.41024e+009
366975
1.02478e+008
2.83114e+006
2.14786e+011
2.46459e+006
1.60839e+008
81512.8
455810
1.68342e+008
1.9556e+009
2.06386e+007
623840
1.26398e+007
1.90236e+006
447526
8.11525e+006
352838
7.35369e+008
1.34172e+006
1.01313e+008
2.20444e+006
3.84553e+006
2.59491e+006
179307
12372.8
1.50141e+006
5.14825e+008
25672.1
4.19152e+006
7.64369e+006
7.99702e+006
1.9506e+006
4.70816e+006
1.14649e+009
120867
1.74165e+006
663899
5.51852e+008
6.23753e+006
818609
10228.6
1.22994e+009
2.30442e+008
1.05535e+009
4.5465e+008
1.76972e+008
19430.3
185816
1.3866e+007
1.03994e+008
2.79042e+006
313164
7.84743e+006
3.76304e+008
2.73031e+007
4.12601e+011
1.22664e+006
1.9061e+008
1.04264e+006
1.13423e+010
4.24917e+007
181229
6.67333e+007
1.7419e+009
203684
9.12904e+006
2.10437e+007
111912
8.63701e+007
1.28714e+010
1.69011e+008
589913
16245.9
1.64146e+006
679536
25135.9
1.77799e+007
489921
6.88245e+009
1.33551e+006
1.60581e+009
493480
6.0173e+006
4.99082e+006
5.26331e+006
1.21835e+010
1.35277e+008
1.10028e+013
2.45249e+007
15749.6
2.49516e+008
1.26355e+006
167790
3.52823e+007
992958
7.15099e+006
5.89164e+008
50936.3
2.6416e+006
3.00602e+008
319917
8.04632e+006
8.74027e+008
834882
1.79393e+006
2.70504e+017
1.22037e+006
1.19092e+010
4.42759e+010
5.56804e+006
8.42058e+006
4.09501e+008
6.19799e+006
3.8668e+008
6.39644e+007
1.17041e+006
254546
8.6795e+007
903950
2.44184e+007
1.57031e+007
3.7476e+006
51257.1
3.82816e+007
1647.92
137727
1.18029e+010
125692
1.38738e+008
358873
33907.6
3.85763e+006
3.42427e+011
1.67163e+007
1.38031e+010
6.24663e+007
5.50227e+008
6.12435e+006
5.16136e+006
8.59589e+008
453743
2.68661e+008
1.34254e+008
1.32202e+012
60461.4
2.78031e+006
7.57045e+008
14837.3
689040
8.75531e+006
2.11055e+006
54338.7
885966
5.32191e+007
7.70801e+008
326563
2.19016e+006
884963
2.92103e+010
5.3145e+009
2.22454e+006
1.73869e+007
338909
5.78071e+009
5.76883e+006
52494
3.49395e+007
1.41851e+013
384641
2.59682e+007
1.38755e+006
50773
4701.28
1.17203e+006
1.24907e+011
589617
3.78924e+009
1.60714e+010
286104
7.99336e+007
4.23605e+006
2.02258e+011
441913
4.98975e+007
482201
945213
401387
9763.66
3.7662e+013
304481
7.78704e+010
3.61314e+006
16170.9
1.08838e+008
8.49718e+007
3.91456e+006
1.44228e+008
2.52992e+009
1.77582e+006
6.64515e+011
6.54205e+006
1.73423e+012
670113
2.01061e+010
7.83966e+006
6.93422e+011
1.42165e+009
1.31758e+009
34542.2
1.69592e+011
4.97314e+008
1.60538e+007
1.17775e+007
82786.8
1.23437e+013
2.03386e+006
7.7023e+006
1.11394e+009
2.84023e+011
1.11731e+006
150250
1.95333e+006
8.00788e+006
3.66145e+011
6.68047e+012
480656
2.14643e+006
6.54127e+009
3.91821e+007
7.65961e+006
1.18004e+007
2.47871e+006
402497
236438
3.71953e+007
1.90217e+007
2.95883e+008
1.86793e+007
2.25197e+007
3.08712e+006
933513
158050
3.46454e+009
2.61914e+011
2.49936e+008
1.87949e+006
5.31496e+010
48583.3
1.75832e+006
8.9737e+006
738137
6.20591e+007
2.3174e+011
269341
1.13252e+008
1.71611e+011
2.16782e+008
1.54099e+007
4.2829e+007
1.38783e+010
4.80672e+006
1.30067e+009
2.76364e+011
185447
463248
1.02353e+006
27209.9
3.14193e+008
5.74385e+007
7.81582e+006
50585.7
1.28394e+008
53871
357601
2.15289e+006
6.93617e+006
3.13431e+006
3.68274e+007
623265
2.40156e+007
3.35856e+007
7.0508e+011
1.53376e+006
5630.21
8.11016e+009
1.37546e+006
1.61989e+007
355437
1.43025e+008
3.45059e+018
2.73709e+006
456468
1.01022e+007
2.66973e+008
739367
5.75257e+010
1.57771e+008
3.07609e+007
1.79691e+007
7.25731e+006
6.44254e+007
373580
238753
1.73593e+006
926769
4.07262e+010
409508
7.02588e+006
191094
1.87447e+006
4.99798e+010
2.56463e+008
2.37621e+010
55296.3
5.36733e+006
622228
1.77369e+013
412022
2.3855e+007
4.39699e+010
5.57269e+008
940307
4.76818e+007
456539
129408
47362.4
1.25617e+006
5.18406e+014
4.8126e+006
4234.23
1.29973e+008
1.44248e+009
78535.9
135178
1.48438e+008
61491.7
9.42514e+007
2.25074e+007
4.2203e+008
3.07723e+006
4.62058e+006
4.82901e+006
8.22511e+007
1.24142e+012
4.48264e+008
1.94343e+008
237313
2.91802e+006
4.19214e+006
4.43412e+006
9.78108e+009
2.16439e+006
2.45625e+009
2.56217e+008
4.00529e+007
956984
779551
7.55915e+007
2.60776e+006
798253
9.10155e+007
3.61112e+006
8.04506e+006
9.0965e+008
2.6428e+007
1.33465e+006
7.49877e+011
225678
2.74761e+014
1.51124e+007
905678
1.15932e+006
7.17943e+007
29340.2
3.82818e+008
1.43696e+007
2.119e+009
251555
3.22256e+006
2.73433e+007
4.64244e+008
1.18619e+006
9.77981e+006
3.18072e+009
923050
492488
3.50364e+006
461419
2.79222e+006
90631
6.06047e+011
2.4244e+011
1.48091e+009
3.69257e+007
9.67772e+006
14736.2
50956.5
2.19557e+007
6.39401e+007
1.09803e+009
1.50523e+010
3.3043e+006
2.08883e+010
243551
1.27228e+010
1.43367e+007
155129
1905.11
1.63187e+006
2.67872e+008
2.39319e+008
2.04964e+006
5.63617e+008
123775
178271
3.44741e+008
5.56553e+007
697469
1.87408e+006
905592
5.45546e+007
7.88889e+006
5.87404e+007
478834
4.7215e+006
2.04925e+009
1.36064e+010
6.38343e+006
4.56134e+007
357012
6.19571e+006
907902
2.7939e+008
4.8207e+006
7.42204e+006
776170
25115.1
4.32661e+006
3.89144e+009
2.64594e+008
14647
4.99178e+006
5.21344e+007
1.64643e+006
9.76333e+007
5.78856e+009
5.82652e+006
1.59095e+007
30481
2.16687e+006
272999
1.37599e+006
350944
5.40946e+007
167912
1.79092e+008
4.34029e+007
186601
3.24978e+007
3.52649e+006
1.26707e+006
1.24954e+013
5.92924e+010
4.21747e+010
177080
6.58739e+006
857346
4.30721e+007
1.01051e+010
4.82348e+006
1.28058e+006
2.28881e+006
1.72788e+015
5.22336e+007
1.66463e+007
5.92603e+011
3.32236e+007
1.45298e+009
49239.1
9.94434e+009
1.28819e+012
1.59765e+008
1.49069e+011
1.08342e+007
8.44284e+006
8.03215e+008
1.47854e+006
194039
777662
3.1619e+010
3.36518e+006
1.75107e+006
184209
2.03857e+008
9.87854e+007
183871
1.65185e+007
196841
1.64559e+009
29164.9
1.03041e+009
1.26602e+013
1.84152e+010
9.32644e+006
2.37779e+006
2.83724e+006
1.91188e+007
1.34447e+008
9.78162e+006
566543
2.72963e+011
5.53436e+010
1.41066e+007
97633
7.08048e+008
2.25413e+009
1.58008e+008
328007
3.01305e+006
29125.9
8.11837e+006
4.54104e+008
321234
7.03311e+006
6.75089e+006
987555
8.15762e+008
2.82097e+010
995753
3.01075e+006
6.06267e+006
59537.1
4.04628e+006
55196.2
61063.4
2.64694e+006
7.23711e+007
1.00251e+006
1.57622e+013
3.39767e+008
1.47548e+007
617000
4.33404e+007
2.33118e+009
330949
72188.2
2.62837e+007
966436
5.33315e+006
1.53624e+006
3.16094e+008
5.53738e+013
4.14134e+006
3.34652e+006
2.93625e+007
1.81375e+008
1.31861e+012
110642
1.75122e+006
2.73946e+008
4.93361e+007
1.70865e+006
12216.6
301632
2.21826e+007
74834.3
1.54504e+009
1.28362e+006
4.33412e+009
4.49656e+013
2.8172e+006
5.25964e+006
8.36425e+008
1.349e+009
307345
1.04853e+009
3.30477e+006
3.08596e+009
2.07307e+007
6.92636e+007
1.05017e+006
4.54492e+009
7.67151e+007
46978.4
6.79352e+010
7436.01
4.88908e+006
468420
3.11712e+007
7.41975e+008
427041
3.16113e+007
7.63764e+006
7.91119e+008
4.55405e+006
6.03677e+010
4.04139e+015
2.80311e+007
1.88064e+007
3843.65
3.45066e+006
6.76632e+006
1.82567e+006
1.14484e+007
1.841e+007
1.24153e+007
3.17356e+006
519842
5.3198e+006
1.27447e+006
2.79387e+006
1.52396e+006
3.79292e+006
5.69716e+008
5.08258e+007
7.57367e+008
3.38777e+007
632417
3.05823e+006
3.53932e+007
184401
4.9965e+008
1.76736e+006
129066
5.34685e+006
1.07086e+006
4.74168e+011
2.49317e+006
6.29799e+007
1.02232e+007
2.49396e+007
1.76508e+008
636865
113325
1.15827e+011
2.26961e+009
1.51927e+007
5.44378e+009
1.38192e+010
1.11224e+007
7.0811e+011
1.21205e+007
1.01483e+009
4.87922e+006
1.78555e+009
66914.3
421148
222614
1.37857e+007
3.72028e+006
6.13559e+007
1.42194e+007
9.99984e+011
3.94378e+012
1.16857e+008
4.7216e+011
1.34186e+008
1.70221e+006
2.72044e+008
1.0662e+009
3.00302e+006
1.57804e+007
6.90407e+010
2.13013e+007
165156
1.38908e+006
2.60999e+008
6.69703e+006
510695
814847
524667
1.71517e+006
6.40268e+006
149324
2.01206e+007
2.37486e+006
8.5468e+011
919084
2.55067e+007
6.6541e+008
342264
9.47468e+008
2.29827e+009
4.80172e+006
102125
9.66278e+007
5.71938e+007
1.22088e+007
1.1804e+009
1.25608e+009
6.00867e+009
3.21796e+006
9.46102e+007
2.0975e+006
2.21707e+008
1.5718e+006
6.05131e+006
185707
6.47523e+006
5.53971e+006
5.22029e+010
5.51258e+006
27227
472961
8.97051e+006
1.56193e+008
1.231e+006
2.89814e+013
198428
1.38846e+006
574536
2809.08
2.67316e+007
356429
2.88055e+007
1.05984e+007
1.6605e+007
4.71501e+007
9.93987e+007
5.79182e+006
1.7923e+007
1.22083e+007
5.32825e+007
4.1144e+006
4.37664e+011
9.44108e+011
789033
357638
1.02915e+006
4.43264e+008
13671.8
514628
4.78189e+010
34352.3
3.19564e+008
127847
1.17141e+006
8.42816e+006
1.6536e+007
740207
2.67228e+007
2.12141e+013
2.61227e+008
8339.44
1.04319e+013
3.63762e+006
1.41331e+006
2.049e+009
6.88422e+008
1.93508e+007
207441
1.11902e+006
3.6879e+006
1.20006e+007
535536
1.70985e+008
213840
573640
8.57853e+013
1.04063e+010
5.05461e+007
1.51777e+008
2.68464e+012
742931
4.14581e+010
188021
453547
7.5261e+007
6.21713e+006
1.62784e+009
1.38757e+007
1.22853e+010
4.69038e+008
5.26145e+006
25613.7
2.51481e+008
3.81672e+010
2.93425e+010
1.79448e+006
5.54793e+006
1.43525e+008
939.176
953561
113566
1.01152e+007
9.81964e+008
4.95471e+006
1.19378e+008
2.54162e+007
1.66446e+006
3.96802e+006
39310.4
205652
9.269e+007
3.25983e+008
17183
8.8285e+007
243134
118959
6.43847e+006
2.97657e+010
1.4554e+006
5.35397e+009
8.27696e+008
103399
1.24567e+007
1.00764e+009
129113
4.92535e+007
1.62498e+007
1.49941e+010
4.94296e+008
35866.8
992849
2.0901e+007
200515
45045.9
730676
1.45007e+008
3.01544e+009
483174
210737
3.51492e+016
1.91479e+006
1.80168e+006
9.37368e+008
2.8974e+007
47562.5
290442
6.35058e+010
6.45416e+009
3.97263e+006
4.27471e+018
4.34524e+008
9.75503e+007
3.45179e+006
778088
1.2886e+006
8.71988e+007
3.92698e+007
1.72972e+011
3.40463e+006
3.68097e+006
6.63843e+007
1.20127e+007
705700
1.04074e+012
6.23706e+007
2.87045e+009
2.52641e+007
8.18794e+006
7.44722e+006
4.89121e+007
3.47016e+011
6.45377e+008
1.03209e+007
7.89416e+008
2.45266e+009
2.09767e+009
114743
2.96716e+007
1.14086e+008
3.14942e+006
2.65249e+007
3.6087e+010
4.00369e+008
79321.3
3.93556e+007
1.37342e+013
1.78385e+009
2.05252e+009
1.43176e+010
1.23316e+009
325730
6.47538e+007
7.63321e+008
8.09018e+008
7.81089e+012
1.36442e+007
165629
5.08367e+007
2.48226e+007
5646.73
395439
3.46579e+006
1.04382e+010
376668
1547.02
3.64607e+010
2.09026e+007
5.71538e+008
3.15043e+010
653791
8.42183e+006
1.86632e+009
2.253e+008
5.11611e+006
2.74127e+012
1.02101e+006
8.01061e+012
1.90176e+007
2.64424e+013
4.59488e+007
1.41022e+008
6.07068e+007
2.89134e+006
6.96097e+008
28652.8
2.9422e+008
3.33376e+006
7.26661e+006
1.18712e+010
154442
437031
71068.9
1.35331e+008
56033.6
1.63642e+008
608718
2.20441e+008
1.25998e+008
1.79903e+008
2.54594e+008
1.57387e+008
5.86637e+008
7.73456e+011
57459.9
36489.5
61078.8
1.32292e+007
384721
4.37817e+006
8.11233e+008
1.28508e+006
6.02167e+008
5.34576e+006
194904
6.12011e+006
2.4048e+006
3.94091e+008
7.72731e+006
2.53415e+008
1.33423e+006
3.60025e+006
2.68166e+007
2.09204e+012
615125
557826
1.15934e+006
5.64991e+006
945984
9.98268e+009
45934.9
6.36316e+007
1.26465e+007
1.16883e+006
7.40216e+007
1.61425e+008
1.84686e+010
1.57244e+014
2.44678e+008
3.73863e+008
7.51377e+009
3.37384e+007
2.60103e+006
21541.3
617508
1.57064e+007
1.55001e+006
5.41613e+009
74030.8
1.85307e+008
55669
6.22994e+007
9.42871e+009
2.7087e+009
9.26157e+007
1.2642e+015
4.27612e+008
83653.8
2.65766e+007
1.86477e+009
7.30574e+009
3.69111e+007
2.92448e+007
3.76165e+009
4.77459e+011
5.64782e+007
6.86206e+006
2.94024e+007
5.75844e+007
2.8632e+007
950408
9.85196e+008
292612
6810.22
1.86539e+008
7.43566e+008
5.53174e+006
1.02797e+006
3.54734e+008
7.58987e+010
1.18213e+006
326895
8.30164e+009
1.14154e+006
3.91782e+008
1.22758e+008
4.81e+008
4.5748e+006
6.48506e+007
8.15126e+008
1.17556e+008
3.30451e+006
3.3582e+006
3.03595e+009
5.15116e+006
607743
3.45974e+007
9.7324e+006
2.55476e+007
6.05347e+009
4.32741e+012
1.93941e+006
1.18109e+008
2.00985e+007
9.33651e+009
3.67893e+006
5.83225e+006
3.78786e+007
1.18559e+010
5.47952e+010
4.85068e+009
1.1933e+007
2.53972e+008
1.60311e+008
2.76664e+011
1.51895e+009
86942.8
1.35536e+012
120589
7.57794e+006
2.59193e+006
3.22365e+006
1.53935e+012
1.64985e+007
3.98093e+009
85379.3
1.54739e+008
3.10341e+006
3.0772e+010
1.12745e+010
1.74287e+009
2.11185e+006
31412.5
9.47149e+007
2.66287e+009
6.29462e+008
54364.4
4.52045e+008
6.22631e+006
2.89151e+007
7.68073e+007
2.03526e+013
1.1642e+006
2.31713e+006
2.34479e+008
6.11903e+008
3.29131e+010
5.7213e+006
4.46968e+006
4806.8
1.39576e+008
332617
15967.4
5.69958e+007
3.72443e+007
600101
6.48179e+009
5.59974e+010
4.97214e+007
1.80196e+007
4.75806e+009
4.64419e+010
3.82723e+011
1.19914e+008
1.36779e+006
5.0026e+007
4.08011e+010
2.29892e+008
3.2835e+006
1.09741e+007
47680.9
201737
2.99463e+006
3.99519e+006
7.75661e+007
1.72802e+008
3.51947e+008
6.05727e+007
2.77668e+008
7.33778e+006
4.36304e+006
146308
8.55537e+007
1.52982e+010
1.54568e+007
6.206e+013
2.26686e+006
2.39355e+010
2.93079e+007
3.10047e+010
1.71558e+006
4.92591e+006
3.57432e+006
1.60961e+008
2.43748e+010
2.81476e+007
7.98654e+006
1.2264e+011
6.12948e+008
2.61867e+009
315416
313.753
261562
5.39282e+006
3.63826e+006
4.40274e+006
29739.8
50653.7
26448
86859.3
7.05267e+006
6.41431e+006
644478
1.2051e+006
8.93531e+007
679095
4.41309e+006
5.70013e+006
1.24691e+007
6.98215e+006
8.24597e+009
1.55897e+009
822599
77487.1
148571
7.77254e+008
853575
95414.6
3.86151e+007
875677
182318
8.42426e+006
479786
7.75481e+009
153584
2.44764e+009
3.47313e+006
2.20506e+007
312541
5.81612e+009
7.21451e+006
2.26048e+009
1.1444e+007
2.79273e+007
529256
106187
1.45285e+006
7.26173e+006
1.28415e+010
1.61801e+007
5.81409e+007
3.17565e+006
1.49954e+006
1.31689e+006
158031
2.74179e+008
3.3112e+006
418950
1.12095e+006
706833
1.59364e+007
8.64246e+009
2.04222e+006
2.33415e+006
3.33587e+008
150170
81432.1
1.09754e+008
6.93303e+014
6.04665e+012
1.60435e+009
1.21791e+010
5619.21
1.20505e+008
8.58712e+010
5387.68
1.26214e+009
1.7422e+008
7.84716e+006
3753.01
1.00852e+009
285833
3.25481e+007
1.93923e+010
1.14445e+007
3.8526e+007
9.08383e+008
784036
1.35055e+006
2.63026e+008
1.46595e+007
57406.1
1.01443e+012
2230.02
85479.1
3824.8
15179.6
4.27462e+009
436710
171427
206750
1.64246e+007
6.65452e+010
394082
2.33925e+008
136120
8233.92
3.57726e+010
5.68792e+006
123771
651607
1.12461e+008
9219.34
950161
1.26072e+008
6.29926e+007
3.04057e+006
1.56529e+006
4.25521e+009
1.10714e+007
1.39234e+006
1.29576e+008
432117
529810
3.49191e+006
53088.2
6.04515e+006
5.41588e+006
3.30687e+007
1.63939e+006
2.24424e+010
203475
3.299e+010
8.62056e+008
4.25005e+006
1.24801e+008
1.4394e+006
1.61112e+007
2.68512e+008
6.87505e+009
1.989e+010
1.14212e+006
29237.8
2.54097e+007
2.46266e+006
2.8009e+006
84561.4
957311
6.86702e+006
1.71224e+007
110098
8.99487e+008
11384.1
3.59117e+007
