1.65258e+008
1635.6
5.11908e+006
615.094
9.192e+006
946406
2.50414e+009
6.55478e+006
13059.9
315251
120924
542397
41483.8
7.49602e+006
3.50925e+006
2.73398e+006
663603
76820
7.61727e+007
1.81584e+006
6.45414e+011
12557.5
3646.87
1.45701e+008
1.69234e+010
7.65979e+006
102519
1.01886e+008
8368.8
7.71176e+007
1.06127e+007
4.25069e+007
4.77625e+006
208438
473.031
2.9264e+006
1.84294e+006
1.11314e+006
1.49181e+006
17588.1
129206
5.07539e+008
48486.2
9.10382e+006
247198
4467.89
11750.4
9.53345e+006
685833
1.40167e+006
259749
799.72
5.30696e+007
5.94725e+007
5.00872e+007
1.08898e+007
15277.5
3.3261e+006
5.88545e+007
422420
480753
103358
5.51698e+010
1.80098e+012
9.03165e+006
469310
1.31335e+006
299572
2493.78
25130.1
7.62274e+010
13372.7
1.33117e+006
1.69427e+008
2600.3
8.88615e+008
29106.7
2.22059e+010
1.09709e+006
174811
113181
5776.21
7.02525e+010
2.25214e+006
4396.96
23979.8
7.03993e+006
1.79995e+006
2.65491e+009
7.89251e+008
452042
12557.5
192818
2.31509e+010
16292.6
587.389
689679
194909
154016
73730.7
151738
6.98996e+006
7.6425e+017
1.57125e+019
5.40674e+006
4.74998e+007
2623.51
101748
1.43895e+006
1.51274e+006
2.65824e+007
7485.76
1.02153e+006
1.03952e+007
2.21305e+008
1636.61
2.66272e+008
1.92504e+007
16409.6
65313.5
118171
1.32639e+010
3.8706e+006
1.37027e+009
7.98544e+006
3.60826e+007
421976
1298.75
3.01234e+006
593.843
1.70304e+006
121062
613997
164208
1.71839e+006
107979
279199
1942.95
8.95308e+009
1.47506e+006
4.1927e+007
7.69472e+006
1677.24
7.63676e+007
23142.7
6.31315e+007
69572.3
8422.2
23452.2
4615.4
211975
1.70536e+012
6.39341e+008
2.21272e+006
1.10142e+007
221876
101204
127052
87481.1
355047
3.19735e+006
621319
1.70653e+006
3.62581e+007
19377.9
481051
3.00529e+006
1.09371e+006
3.31527e+007
2.70777e+010
284337
265419
5.86301e+006
7.43968e+006
1.62548e+007
348422
6.49216e+010
228794
3001.76
1.82133e+007
1450.18
6.52441e+008
6.6988e+007
6.82109e+007
7766.72
1.57309e+009
1.47934e+008
4.31824e+006
6672.33
53292
6.12985e+008
3.41987e+006
3.67987e+006
1.64353e+008
3839.84
1.79889e+008
3.03988e+007
1681.67
1492.85
3.04621e+008
55767.4
8.00354e+006
442648
1.24297e+007
4.05828e+008
6.24434e+007
6.56142e+006
1.7694e+009
106318
9.55755e+010
1.10979e+006
8.47195e+006
97513.2
351067
114018
1.69561e+006
12702.2
127407
2.57114e+007
1.36477e+006
31890
72433.8
9.03647e+012
4770.37
1.17176e+006
1.58754e+011
1.129e+006
56451.5
84988
91261.9
1.07346e+006
66433
582.726
7.43762e+012
65428
352.969
454529
9.99689e+009
533912
5861.67
49878.3
343230
99918.9
708331
7.21015e+006
2276.89
175605
451831
184863
453720
910143
1.19067e+006
78339.3
1.75633e+011
1.66638e+010
290776
4228.4
8.64548e+010
1.47066e+006
51357.3
342860
1392.26
546.48
624161
790009
2.52088e+006
1.26035e+011
43180.4
4.11306e+009
5.42725e+007
412162
4.24713e+008
1.08985e+012
2.27573e+010
69230.1
68271.7
81170.4
5.73566e+007
1.51574e+008
1.54275e+007
97822.6
7.75448e+011
140722
1.24197e+009
7.2648e+007
209078
2.31944e+007
506745
66898.1
5.89447e+011
4.16567e+008
2.71949e+007
5.0407e+006
2.0325e+006
1.58982e+007
641989
2.12703e+010
6.87036e+006
1.6541e+007
1614.27
1.48945e+008
90136.6
282.61
4.03708e+006
2701.01
972.396
4.44096e+007
4.60413e+007
31132
206738
1.29631e+006
8782.89
23905.3
12020.3
6055.73
5.42399e+008
12116.5
2.84154e+008
15449.6
201274
2387.55
661626
16154.7
51967.9
3.411e+006
152804
7.9784e+007
2636.55
105936
2.09969e+006
9.6342e+006
18590.1
29120.3
550911
4475.59
619006
52425.4
19824.8
5.24715e+008
171.151
104272
1.28445e+006
7.44009e+007
80063.8
1.94946e+009
9.78425e+008
1.01185e+008
48058.3
1.23123e+006
4.10166e+010
61643.6
1.4358e+014
54715.9
957932
429206
4.8279e+006
1.78707e+007
984566
1.20462e+008
125350
3.08929e+006
19414
79389.3
668774
1.6708e+008
1.11299e+006
203584
103299
5.73986e+010
38012
563197
9.65927e+012
522547
37639.8
23554.7
19263
5008.82
408955
373822
4.49656e+006
2.46702e+009
6646.05
9902.88
456355
1.17996e+006
138339
885996
4385.2
93275.5
8.75215e+006
1.92723e+012
140157
2.72057e+006
61875.8
514.542
18075.5
40168
83023
3.61061e+013
2.23461e+010
189536
304498
414098
5052.09
74765.5
6.79123e+008
4.77757e+009
4536.11
127929
2.29571e+006
755.332
35885.8
1.11335e+009
215954
1.54071e+010
192081
239200
471314
2.17443e+006
3.27743e+007
76499.6
1.04141e+007
2.89789e+006
72629.9
9472.11
13849.7
70160.4
1.61906e+010
4.02697e+006
43838.8
23985.3
2.0553e+010
5.10647e+007
1.13364e+008
7.27727e+006
2.19401e+016
2.58845e+010
862014
4.06809e+006
8896.19
98089
7.97751e+008
1.08378e+006
37023.1
707876
2.15526e+008
53117.1
26998.9
4.23388e+006
5.28568e+009
36767.7
1.57425e+006
1.69302e+006
7726.08
1.15198e+006
5.34168e+006
8122.32
220164
2.85666e+007
27668.8
161616
633819
1.69946e+007
24327.4
2.12701e+008
138529
40935.1
1.33981e+009
543870
24597.8
348219
5.44906e+010
792.296
2.39765e+006
349858
24657.3
136798
563767
45604.7
64899.7
1.08313e+012
3.80005e+006
7.47649e+007
65579.7
1.6874e+008
942262
236871
600955
180.268
48560.7
32782.1
24493
57031.3
13257.3
1.24421e+007
6.60264e+006
102614
52071
1.94558e+007
399065
297968
1.75564e+009
29414.8
996428
2.16942e+013
7786.68
2.26562e+006
503420
3.72627e+009
2.0927e+007
6092.96
3.80395e+006
6.45422e+006
3.5601e+008
1.0408e+011
33713.7
525.431
281696
4.11494e+007
4.55756e+010
1.4548e+007
7.60078e+009
68267.2
753688
3.34416e+008
69492.9
502273
1.44544e+008
183387
38958.7
11462.6
1.17211e+009
12536.4
6.66649e+006
1438.89
6.58043e+006
62821.4
1.03207e+012
258120
2.2015e+006
349908
1.28057e+008
9398.45
3.91791e+007
1.21786e+006
473030
2518.74
36088.1
6037.92
5.93832e+008
4.69917e+010
70206.2
8.46991e+007
3.4998e+007
102503
5.95124e+007
111874
1.58128e+009
1.46082e+012
5.84194e+006
8.68628e+007
798109
4916.74
1.67648e+009
1.01411e+006
368452
10062.9
1.43426e+006
1.92781e+008
33287.2
12830.1
14613.2
2.2833e+007
3311.63
4379.66
6.04174e+006
2.00869e+009
53168.5
7.43208e+006
289655
346948
106231
178596
476704
2.26162e+012
456651
4.66977e+007
2.16109e+006
882526
1.66625e+008
2.45043e+008
1666.43
9.17683e+006
11909.9
24200.3
6.42913e+008
21594.7
50592
7.11327e+007
2.06467e+007
2.58662e+006
1.24983e+008
6.3496e+006
5.55336e+006
2.48527e+006
9.62972e+014
3.09969e+008
825.659
1341.44
228118
4.29207e+007
2942.77
317742
3.1856e+007
1.19634e+007
1.18965e+008
1.37554e+008
3086.27
2.28118e+007
604.659
9.93137e+006
3.79e+007
70771.9
2.43789e+006
1.21719e+009
3.6964e+009
587300
18003.3
8.51909e+006
1.58062e+006
1.48704e+006
1.23354e+006
2.23695e+006
42309.6
3.72751e+009
9.4297e+006
2.25486e+008
27860.6
2.79311e+007
2255.91
3.25063e+011
69606.2
101061
3929.46
2.92408e+010
42975.6
8550.65
528327
834214
229680
79457.4
121310
63810.6
3.07526e+007
11822.6
237130
276.876
2.52735e+007
614670
2.53412e+009
974617
190522
205864
5.27759e+009
471992
2.49274e+008
1.1461e+009
2.18361e+009
916351
49369.1
27893.8
6904.33
12831.4
3.44313e+007
13941.6
210058
46852.7
28405.6
21080.5
22451.9
34195.7
4.28564e+008
1.71024e+006
10203.1
2.81433e+006
212873
1.75942e+006
5062.9
1.93009e+006
502169
29209
28937.9
2.26711e+014
455.235
4.69271e+007
520247
2.54566e+007
344657
2.12806e+007
467631
3.05547e+006
3.65326e+007
2.141e+007
10262.2
9.15378e+007
2500.97
63823.2
1.18123e+007
303518
46949.3
3.6987e+009
3.25105e+007
608230
4.66422e+006
41933.3
30464.8
3609
1135.72
2.05065e+006
126126
1.37975e+007
517242
1.40606e+007
5251.56
1.19291e+008
3.21157e+007
1.8558e+008
113369
4.96094e+006
3.1348e+006
17182.6
50546.8
308664
1.11833e+007
195092
2.81125e+007
303913
1.16189e+007
5.52451e+009
241761
231482
86121.9
179451
669747
1497.62
3.27111e+007
332648
1147.72
1.67859e+007
42147.4
5073.49
2737
179617
109186
1.13926e+007
2.14481e+006
22986.1
5.8207e+012
51264.6
859311
2.55419e+006
2.1431e+008
1.17098e+011
1.4818e+009
5.46241e+006
6.38451e+007
2.27408e+010
275204
6077.87
7841.44
123905
22617.4
1.31624e+007
7.25957e+007
24524
1.30736e+006
4.19164e+007
13908
4035.82
251263
3.05554e+009
6.5893e+008
18087.3
1.34199e+015
549166
37232.8
11821.4
41237.6
2.33663e+008
3.86554e+007
206107
9.92788e+009
2.17167e+014
2.61906e+006
127386
6906.54
11672.5
2.59371e+008
4.00212e+006
1.14485e+015
1.83757e+006
3.3517e+006
148075
375069
1.38374e+007
1.53923e+007
2.1005e+008
123336
1.77098e+007
179599
2.375e+006
8.10437e+007
1.85882e+008
574946
7955.24
5043.85
4229.76
2.93896e+006
2.90122e+006
1.59165e+007
1.52326e+006
9.86815e+008
4.82361e+006
1.57976e+007
7.21656e+008
1.5508e+006
6.69315e+007
1.38025e+007
1.67936e+007
1.74226e+007
1.85991e+009
8.61847e+006
7.46791e+006
16458.5
3405.67
1.21167e+006
2.37456e+006
106380
1.86921e+006
40200.8
14357
1.2755e+006
1.54142e+006
4793.19
21944.9
1.46803e+008
11059.5
6.51438e+008
847.561
625.045
784224
3.19002e+006
1.19319e+007
369.021
1.06693e+006
4287.62
482304
3.60725e+006
3.95381e+011
134557
101896
15929
1.3232e+008
37.3935
31195.7
1.9085e+008
2.71408e+008
12988.5
2.4168e+009
1.89177e+008
118073
3.30757e+006
3.07352e+006
217773
1.96338e+006
1.0064e+007
9.7638e+008
2.02018e+007
1.66466e+010
2698.59
8.17324e+011
242882
3.56144e+007
1.87662e+011
958.508
30543.9
3.5855e+006
198479
1.16527e+007
1.2096e+014
1.32694e+007
520548
6.52323e+007
1.51076e+006
1.40696e+011
5.2367e+008
403328
8.48291e+012
3.31648e+010
7021.06
11669.4
4.62261e+006
119854
638.155
3.67849e+009
1.47746e+006
1.02505e+007
161201
9.07952e+007
724369
4.02161e+012
60380.8
8.13781e+006
7.86841e+006
705737
6.69035e+009
1.39588e+006
177296
484653
273513
4.96043e+006
14816.7
30594.3
2.42331e+006
1.7935e+008
1.16678e+007
520763
140888
1.11757e+009
1.6046e+006
2.87894e+006
2.06461e+008
77521.9
162619
432759
1.20837e+006
4955.32
5.11285e+009
2.76564e+009
6.88447e+013
1.38798e+007
20356.6
1.26618e+006
34417.1
63033.8
1.76307e+009
159406
9.94425e+006
67964.4
73479.3
194862
1.09388e+006
182302
12320.2
183685
3.35362e+006
2.1245e+006
5.11131e+008
1.15778e+007
19737.3
5.42406e+006
2.35303e+009
55004.2
4.60695e+008
2.18774e+006
1.32641e+009
4478.7
2.12751e+006
3.20351e+010
2.29544e+009
3.71094e+007
2.97804e+010
3832.92
8.01395e+006
6.90002e+006
1.53209e+009
685507
2.16815e+012
1.34769e+006
3393.02
326328
3.5813e+015
3.9808e+006
94533.6
4743.26
883658
1.22344e+006
21808.3
132999
810.082
3507.28
5.00969e+006
259842
6.49011e+006
844954
2.0004e+006
263288
3.45242e+007
19992.5
95373.8
100161
5.40347e+006
668675
70675.8
3.68517e+007
4329.22
7.32188e+007
926122
5.65385e+006
6.20641e+007
12328.4
3.45987e+007
6.21856e+006
6.61655e+007
290308
1.94134e+008
442424
1.72531e+006
5.06021e+007
6.6114e+007
8.72459e+006
313277
4.33752e+008
1.941e+006
4.18433e+008
1.9675e+006
9.91228e+007
9339.58
3.35444e+007
573257
24019.2
277274
1.20158e+008
976.414
74093.4
274349
7185.08
1.16224e+008
5.99325e+006
14265.7
1.09117e+006
5.62652e+007
1.38187e+007
1155.68
5.26739e+008
1.93767e+008
169397
1.99231e+007
7.86383e+006
14221.8
3.21312e+007
5434.41
5.72489e+006
237.23
32368.6
1277.49
68969.5
11330.8
961631
3.01394e+010
92548.3
18240.9
55236.4
2.18134e+006
44386.8
6263.31
75718.1
162706
523509
83183.8
3232.09
133234
262424
1.50107e+006
369086
3.47983e+008
1.49439e+009
9.96825e+006
479898
20411.4
15052.8
55430.3
7.73243e+008
2.80245e+014
2449.05
1.33543e+007
11722.9
5.61593e+008
71813.5
1.58282e+011
1.15052e+007
1.08874e+006
4.9273e+007
46772
4.94024e+006
415208
5253.61
7.22641e+006
7.56765e+006
1.70824e+006
6990.33
2.36065e+010
333519
1.06094e+009
1942.68
35495.1
533297
655743
1.05082e+007
1.83942e+007
22294.4
4.52164e+007
98683.8
125.484
8.01628e+006
19507.3
6.83846e+006
76674.7
2.04475e+009
6791.02
2.23329e+009
2.40809e+010
605727
2.12113e+006
1.87026e+011
2.75029e+011
104312
1.77095e+006
1.40052e+006
71128.9
373454
336709
1.99178e+008
2.47961e+011
2.27843e+007
46687.4
37818.1
2.99692e+006
822666
6.33922e+007
18013.7
7.03726e+008
141074
3.24004e+006
426270
9.11533e+007
7387.35
1.83665e+007
4.2412e+007
533969
1.74921e+006
1.53078e+006
1.48184e+006
14860.8
2.802e+008
1.20079e+006
1825.62
1.54994e+008
1.31131e+009
414343
1.1133e+008
128.615
70636.4
491.383
8.22303e+007
1.78716e+006
14387
8202.72
34302
5.39917e+008
361115
6.07595e+006
5.11482e+006
457.777
5.14048e+014
121811
15112.6
8.13306e+008
64995.3
9.13175e+008
1.26474e+009
2.13912e+008
97739.4
1.36426e+006
26082.8
5.96914e+006
7393.96
2.59977e+007
70712.9
140.647
381376
44924.4
2.20393e+006
4.73724e+012
140592
1807.28
228302
10298.3
1.14309e+006
1056.11
127.939
5.75558e+010
1.15097e+011
4.34798e+013
5.14487e+008
1.32738e+006
312.943
6.59641e+009
7011.51
42576.3
1.65097e+006
8.31754e+007
24139.7
13274.8
236069
469992
3.63186e+008
43190.2
7460.33
76239.9
253949
8.32918e+006
6.44135e+010
1.90946e+007
1.41854e+007
18492.4
75040.8
124269
1.57786e+007
935203
1.62049e+007
38613.8
518456
1.94304e+010
1.39023e+006
1.54456e+008
36897.3
2.1195e+016
3.63673e+008
3.43201e+007
240695
880713
6589.86
205823
94021.6
1.53556e+006
75491.3
5.7378e+012
9.27457e+006
1388.72
2009.21
7011.46
4.97381e+006
5.86265e+010
1.35412e+006
2.39905e+006
10606.9
7908.35
4.85159e+009
1.10825e+013
3.95104e+011
474034
2.89006e+007
34044.6
7.18718e+007
2004.24
34454.8
2.93382e+009
314592
541630
1.39688e+006
221312
150837
3.43908e+006
3366.7
519036
3.00099e+009
8.2576e+006
6.92279e+010
49763.1
51290.2
323005
1.19774e+006
387142
61552.8
24556.5
1.22401e+006
8309.18
1.02551e+006
423904
466148
49.3851
7.20766e+010
5.58008e+006
3.29261e+009
801470
71702.7
329158
7.81253e+007
1.14731e+007
5.28882e+007
1.00015e+008
3.65715e+007
3.73035e+008
3.16399e+006
8.62449e+006
2.8871e+006
6.24657e+007
2.12044e+006
4.38345e+009
11345.4
54894.7
2133.7
4.11981e+010
8.48175e+009
555175
1.30815e+006
1.35123e+007
7.84406e+006
4256.29
550677
4.36218e+007
1.68644e+007
2.90291e+006
3.97815e+008
1.58217e+008
2671.68
259769
864064
3.80515e+006
4.91542e+007
1.16003e+010
1.68253e+007
7.05282e+008
115175
2.83878e+006
41645.9
182199
580330
1.1288e+011
600070
150491
419870
8.01592e+008
324612
59056.2
3.72302e+009
1.44045e+013
2.94912e+006
5319.72
3.97163e+006
1.46702e+008
50288.7
6.11093e+010
1.22009e+008
63636.7
1.65665e+010
2772.27
9.79001e+009
1.05411e+006
1.0118e+008
1815.39
677502
5.86029e+008
8060.6
7.18589e+007
397292
3953.2
2.11507e+008
1.48375e+007
42957.6
38226.1
1.28595e+008
1.96324e+006
1.68645e+018
3.16622e+011
13106.5
3.3749e+007
1.04081e+007
1.05066e+007
150142
1.42803e+006
1.35211e+006
1.55997e+006
7590.02
20978.6
34857.8
86458.1
992.755
604147
4545.03
24004.5
3.94343e+007
2.15453e+006
2.90167e+006
356275
2.3994e+006
3.03796e+008
2.47976e+006
37530.8
808080
140610
2206.5
2.63268e+009
1.56561e+007
2.31844e+006
1.4061e+006
77862.8
8.81071e+007
187353
101856
36751.5
8.40399e+010
73983
149178
759565
101172
170166
394.256
4.95299e+006
775447
798543
1.66212e+009
95783.5
2.7113e+006
3.26059e+006
128624
1.6387e+006
317816
6.72853e+006
1620.37
4742.03
2362
458355
3.17794e+007
2.89219e+009
261238
105683
423.224
2.11988e+007
6.1204e+006
2.29096e+007
3.44578e+006
193870
439622
1.0806e+009
1.37289e+006
15591.4
1.20231e+009
1.636e+007
25742.6
2.03136e+008
2.05548e+006
9118.62
578494
2.5947e+007
200492
398976
2.41521e+006
5942.32
1.1905e+008
15423.6
347039
561671
1362.67
1.31809e+010
11872.4
4878.28
59053.7
1.39738e+007
4.0093e+006
1.07401e+008
1.94008e+007
1.68206e+007
52419.6
1.49199e+012
5.04532e+006
7.02176e+007
36293.6
1.22204e+008
1.07282e+006
6.00193e+006
1.65222e+006
90008.7
1.21532e+007
1.67126e+007
247983
8.78363e+006
923672
10879.3
8.90745e+008
3.39523e+006
2207.97
5.48236e+006
3.29347e+006
7.71239e+016
524226
146239
2.19403e+007
4.86407e+008
521705
1.74803e+006
5.74927e+006
2.37019e+008
4.1107e+008
1.86059e+006
11251.2
1.32152e+007
70068.3
1.93663e+006
520086
259007
2.91487e+006
350814
467967
8.03592e+007
7.13923e+007
1.03636e+008
3.90658e+006
64971.2
3.11126e+009
196450
1.25422e+006
6834.06
125868
2.70725e+006
17379.9
688231
5.53144e+006
1230.64
36389.6
1.72259e+006
115770
122890
56471.5
87992.5
2233.05
4088.35
11080.8
11381.4
1.53561e+006
20177.7
1675.87
2.26654e+006
2.95371e+006
1.56417e+008
6.47086e+007
2.76004e+007
3.61805e+009
1.07335e+007
30480.7
38591
598390
93173.1
2.73054e+006
9.18197e+008
8.5499e+007
9368.3
85383.7
234291
8.85234e+008
34941.8
1.44177e+010
515150
196734
1.00581e+009
358326
808366
1.0809e+009
2.68436e+007
75518.1
102714
1.55677e+008
4.89109e+006
50657.9
2.83657e+006
2.39838e+010
2.42661e+010
51925.1
2.08661e+007
1.81691e+012
347095
75743.5
306072
3.77063e+006
104622
2.24279e+008
119813
2.51235e+006
1.21428e+012
1.12255e+006
1.60727e+006
9.97673e+006
69295.6
399537
422040
1.2249e+010
2.62611e+007
4156.21
1.03103e+010
9731.85
1.85083e+006
19571.7
6.15182e+006
1.50348e+007
7.01867e+007
1.57968e+007
5.285e+006
633130
925940
2.45109e+007
1.81192e+010
2.00252e+006
555181
819964
923709
87148.7
86106.6
2.34468e+009
290663
2.60305e+006
42646
22857.2
476930
760160
1.27157e+009
2.10685e+007
13202.1
1.22228e+007
1.83706e+010
199864
4.09389e+011
196871
2.28031e+006
30024.4
4.28559e+006
3.25587e+006
2.01696e+012
48486.4
2.10549e+014
68219.8
8206.24
24239
30422.7
890611
94444.1
1.28084e+006
1.61019e+011
7101.14
3777.5
1.45363e+006
1.53497e+009
3.98885e+008
2.55996e+007
3.49011e+011
2.11696e+006
890644
802134
400977
2282.96
6841.35
22831.8
34397.8
2404.34
3.35173e+006
43073.4
101019
537366
77088.1
143453
15568.6
5.6713e+010
82551.4
8021.03
6.74249e+006
1.35891e+007
73636.6
396922
1.04458e+006
2.40674e+006
3.36813e+006
173744
1.29235e+008
2.65585e+008
166511
13047
1478.41
28705.1
511730
61539.1
6.62827e+008
484350
1305.35
1.5076e+006
4.26071e+006
1940.14
7.32509e+006
44519.4
7.52311e+008
3.33396e+007
261541
5.8157e+012
1.70907e+009
6.60582e+006
3.30908e+007
4.46662e+007
183580
61394.4
6.69116e+007
1.0834e+006
24198.9
461367
43280
5.50001e+006
6.83509e+009
1.17697e+009
1.45906e+006
114246
4.37883e+007
8.19138e+007
1.0873e+007
43879.6
48538
80665.1
1.66723e+006
9.19257e+006
674131
3.69859e+006
8.47617e+010
1.5853e+006
3.46766e+008
1.19032e+008
3.70553e+012
2.94062e+009
28695
90672.2
1.10622e+009
108670
15894.1
3.1514e+007
161473
1.67932e+009
2.51695e+006
5.8978e+006
128023
199197
724489
817476
613206
1138.31
340583
24588.3
7.14585e+006
7761.26
719650
1.07213e+006
2767.54
171418
3.72192e+009
94816
51055.3
50963.9
28670.5
29219.6
9.50588e+009
16127.3
5.12052e+008
71104.5
3.13126e+008
2.38646e+006
770237
6.55531e+008
47329.1
24279.8
13731.3
1.73452e+006
6155.95
9.65111e+006
72261.6
2042.77
2.50401e+007
18615.6
2.23449e+008
21555.8
1.32928e+011
1.73304e+008
1.24259e+007
2.39276e+006
1.65997e+006
870070
1.65527e+007
1.34218e+009
3.71653e+006
5562.97
2.65812e+008
56684.8
13779.6
2.43931e+006
7.67542e+009
1.85402e+006
3.30613e+010
14754.1
71275.1
27017.5
4.98491e+006
217719
407476
1.71075e+006
2.48064e+007
8.49462e+008
482345
10138.4
5.87076e+010
135558
2.73079e+008
739763
5.16219e+007
273086
1.40076e+007
945.279
4.28844e+012
2.8561e+007
2.01553e+007
6.97757e+007
5361.53
1.62886e+010
276199
45449.5
4.90064e+008
242012
37622.5
1.56267e+006
3.82036e+008
56487.4
1.38731e+007
23083.1
1.06022e+007
10095.7
2.26018e+007
6187.88
1.42199e+006
685.182
1.20765e+006
168304
8.30373e+015
47361.1
740.394
1242.36
31875.4
9.88856e+006
6.8894e+007
174293
774625
453730
796.121
1.53749e+006
11416.5
38464.5
9.32097e+006
2.95734e+007
553558
31224.9
1.94479e+007
140926
16921.4
19636.9
4.08648e+006
1.47707e+006
1.02011e+006
563688
1.84359e+008
4.67042e+008
8.17883e+008
2.76965e+007
2.08139e+006
211865
1534.96
1.09468e+007
1.06047e+007
2.51586e+008
820357
4.88635e+010
100812
8.15804e+006
690730
46398.3
11485.4
7668.43
50729.4
6.00246e+006
67224.2
9.00971e+009
1.06002e+008
1.89852e+010
146484
5238.13
2.955e+008
6.62273e+006
7.50558e+011
9.58155e+009
2.60299e+008
48767.9
189845
88487.3
4069.99
723983
1069.98
397522
244552
3.88863e+006
861091
8.67242e+006
1.34554e+007
7.72011e+012
1.73125e+009
1.2429e+009
5945.03
33807.2
39873.8
1.53223e+007
2.54492e+008
5.00504e+008
3.33855e+008
116781
100545
28579.2
2.58634e+013
3.96036e+006
8.37018e+007
8.54137e+011
3.86654e+006
15270.8
12971.3
200752
108739
2.10432e+006
2.01178e+006
281430
98164.5
4.6584e+007
4.7995e+006
1.85435e+009
4231.43
114909
1.42225e+010
5.51748e+006
2.16218e+007
176778
55324.2
6840.34
1.01321e+008
42063.9
225966
93750.2
6095.07
1.02986e+006
8.81759e+007
1149.8
1.39774e+006
5.05439e+009
3.54087e+007
9.53638e+007
1.18621e+006
176184
126733
86071.3
1.04257e+006
7.23923e+007
3.26233e+007
498211
2.281e+008
6.4405e+009
646030
2.74396e+006
71377.4
392332
1.92811e+007
2.63967e+007
23820
20993
922.761
1.8045e+006
265625
34131.3
3.321e+006
1.00359e+006
4.92765e+007
9.66847e+008
5315.65
2.36886e+006
2.26428e+006
10377.6
2.92119e+009
2.20853e+008
1.08613e+006
176940
35450.5
2.94905e+009
34653
11852
1.55207e+010
9615.53
106394
25173.2
125744
2.16232e+006
3.73941e+012
921.963
7.60128e+007
60318.5
3.60368e+007
1.84208e+007
7.02785e+009
113.212
2.72804e+006
4449.24
1.25362e+007
4.07408e+007
1.12205e+007
2.45401e+007
55021
858212
2.17499e+009
9.41859e+006
8.62631e+006
33464.8
4.62273e+009
8.8483e+006
1.30505e+006
11650.2
829506
1.76564e+007
137758
4.88486e+007
1.23611e+006
456210
78885.2
5.28545e+009
2.25377e+006
1164.54
47962.5
26513.1
1.89714e+006
343300
5.47882e+009
3.46325e+009
12192
1.07095e+008
4.66833e+010
3.10154e+008
16802.1
6.55509e+013
202108
17631.7
202439
6532.58
27146.5
8.57471e+006
1.06604e+006
4.86426e+007
2.45615e+006
6.39031e+007
1.68751e+006
310023
6.73426e+006
382456
2.64311e+012
1.78501e+006
640947
20720.2
1.88344e+010
2.15249e+007
4.98512e+007
1.65025e+006
25395.1
956.091
80487.2
120208
1.34806e+007
2.51813e+006
9.75394e+006
2.99029e+006
39156.9
1.15313e+008
1.17344e+006
8.00335e+007
9.49263e+009
1.84469e+009
7.08139e+007
1.22437e+008
7.60392e+006
51505.2
7.78149e+006
9.85906e+009
4.22558e+006
5.3383e+006
2.33389e+010
3.12037e+006
129571
1.65596e+007
6.39383e+007
1.16363e+010
1.04838e+008
26037.2
4.94042e+009
2.16323e+007
2.2734e+006
353357
1.32274e+007
6.74208e+006
16682.9
46679.8
55886.3
3.91122e+006
1.54923e+006
24788.3
20358.3
5609.1
5.10108e+007
2.15747e+006
71655.7
2.67225e+006
1.48297e+011
3.12017e+008
1.18072e+008
54690.5
90647.5
40864.7
537.529
47383.7
420120
6.39029e+009
1411.58
5.53393e+006
4791.02
60773.3
1.22206e+014
3.22507e+011
2.7279e+009
21407.1
2670.51
437799
1125.51
3.95265e+007
3.27359e+006
1.13558e+006
123550
5.27463e+010
73304.1
3.11993e+006
5.07906e+006
454853
90193.6
677945
6.8329e+008
1.36539e+006
14542.9
84331.3
36620.3
162563
5.15029e+006
5.25636e+010
24359.6
71049.7
155258
4.37687e+009
1135.69
713380
703913
216.37
4.40772e+009
30502.8
118099
1.57788e+006
2.90409e+006
1.5798e+006
57964.2
13443.2
2.48024e+008
5.40921e+006
99488.4
5.78598e+007
240023
1.78101e+012
1.37506e+006
46906.5
4.49548e+006
1519.1
1.06301e+007
2.33931e+012
320097
39802.5
8.08173e+006
24787.9
9108.23
252197
9.05987e+007
244.398
2.03127e+009
115797
1.90104e+006
3.46269e+009
2.44834e+008
1.17136e+006
119622
12505.8
2.08656e+006
1.58173e+006
952355
2822.83
7.9325e+007
2.12828e+007
233157
13962
2.18646e+012
546008
6.83939e+007
826.826
1.71471e+008
79744
1244.95
1309.79
1.77947e+010
922122
153682
8.115e+007
145117
168317
1.51473e+007
101035
243152
58377.8
46938.5
29604.1
777023
125858
6.00382e+008
7.7683e+008
27550.7
284879
1.05736e+006
2.58696e+017
6009.85
368481
1.96424e+007
6.9903e+010
606210
289842
452242
3.00027e+007
40989.9
916257
304405
134713
1.09688e+006
8.99303e+009
1.2165e+007
233078
2.47448e+008
6.56362e+007
2.71715e+006
490576
1.63215e+012
2.94962e+006
264064
1.50153e+008
10817.5
2.52459e+006
3.38184e+007
4.12117e+007
435495
26840.4
773142
1.86215e+010
237939
2.13521e+010
9.2327e+010
5788.26
400.856
158992
323934
64.4589
2979.61
3243.02
567898
3.01705e+010
211562
5.60367e+008
29977.3
6.09012e+007
687807
2.02825e+006
2.37469e+006
61658.3
8.27964e+006
980498
22639.9
7.51358e+008
6.63526e+006
3.30415e+007
4.56015e+010
6.92316e+007
23357.3
215829
157103
837962
36118.3
2.43551e+006
313030
70100.2
728430
2.55469e+007
1372.54
5.58274e+011
3.32997e+006
1.18197e+008
2485.11
7.54046e+016
40516.9
7.01929e+007
1.05033e+008
110096
1.72351e+006
4.25857e+007
537486
992711
76143.6
35231.1
6484.77
5251.75
2.90253e+006
1.70719e+006
1.06241e+008
2.00834e+012
707341
4.61255e+006
15287.4
3.73547e+008
3985.19
6.31849e+011
8.6159e+008
3.30925e+016
880.879
562969
5.67227e+009
5.39203e+006
827058
513464
2.3402e+007
1.51061e+006
1068.61
7.13962e+008
96836.5
43710.2
58832.1
10606.8
4551.38
596663
3.34462e+006
21183.4
4.07044e+007
1657.61
1.10234e+009
267101
61438.8
1.17938e+007
2.51447e+006
3.31343e+007
5.7957e+007
1.43049e+007
2.57386e+010
4484.52
1.97379e+007
6.85226e+007
7.19225e+010
1.40935e+011
84721
1.77172e+007
1.15852e+006
174159
2.07728e+010
102315
3.32669e+006
9.54662e+007
1.01282e+006
1.4545e+007
7.38034e+008
1.86353e+006
1.02849e+010
1.73118e+006
1.94969e+012
7.57751e+011
741770
112652
85569.5
4057.82
2.63431e+006
1.51792e+008
628225
1.41654e+007
4.25561e+007
7445.86
1.58094e+007
4.24064e+008
3.04977e+007
1.18512e+007
337711
14336.5
2.02491e+010
5.3227e+008
150134
2.20926e+006
114366
195114
61842.6
24265.4
84725.9
3.74264e+006
3.83574e+007
38628.7
173969
1.11081e+008
3.9441e+010
999642
4.02749e+006
5.02146e+006
1.86993e+006
2.0842e+007
4.66126e+007
1.00019e+007
522080
5.46617e+007
6.92764e+011
1.27194e+006
1.19126e+007
5417.26
3.34996e+007
4.15875e+006
5.54785e+008
3.17975e+007
21320.7
3422.41
182256
1.99904e+009
12755.3
97702.8
7962.8
392825
2981.99
2007.32
1.12793e+008
7914.24
1.78451e+006
2981.23
8.75276e+007
87449.9
2.414e+008
3.20101e+009
1.74184e+007
8.17427e+006
1.16397e+007
198369
158087
3.40784e+012
834520
4.50524e+006
2.17929e+007
5.47318e+012
9.17999e+006
82475.2
463650
609073
477925
720066
4.40524e+006
8.99355e+006
28508.5
3633.64
5.41985e+006
1.27252e+010
133752
8.44237e+008
9.35543e+010
8472.96
4.54893e+006
21336.9
1.00598e+008
2.39411e+009
57414.3
70148.4
410.647
2.01846e+008
1.53568e+008
336382
1910.42
996458
4.42292e+006
2661.89
29259.1
23055.7
2.29382e+006
1.08267e+015
130292
2319.63
4910
3145.01
34800.2
5.15226e+009
1.36349e+006
221169
473931
1.2576e+008
4341.99
4.0913e+007
3.13224e+006
132473
2.67531e+007
1.96485e+006
1.7701e+006
3.79208e+009
9.61298e+006
77852.2
63269
4.99163e+006
6580.37
1.14973e+007
165350
58865.7
200775
3.37138e+008
310151
5.88607e+006
2.60065e+009
4.49617e+007
2775.03
4.9159e+007
1.73411e+007
1.06108e+009
1.2543e+009
2.13608e+009
4.05703e+008
1.49867e+009
4.07738e+007
1.99163e+009
2.32347e+008
81057.3
3901.94
5.5715e+006
3.69999e+007
2.04695e+008
383150
2.92237e+008
9823
327160
3.30898e+016
7.12547e+006
908196
399.313
8273.71
909603
1.02987e+008
26908.7
1.53676e+012
436306
6718.3
7.3332e+007
1.32398e+008
2.48393e+007
4.60487e+008
1.0703e+006
697573
145518
286271
1.29751e+007
1316.94
7.84404e+012
1.65618e+007
9.25632e+007
1.54772e+008
2.40347e+006
91104.5
2.41684e+007
2.21884e+007
3.21158e+009
1.77066e+009
4.01533e+006
691524
98197.6
31677.1
7.70254e+009
1.74591e+013
231471
2.76439e+006
4.57818e+007
2.42269e+006
663540
3.88154e+006
4.54868e+007
3.60672e+008
1.044e+008
150031
7.54366e+007
2810.75
218163
1.5976e+008
57991.2
1.13517e+010
442.236
3.33577e+006
979.249
76836.2
687355
67495.6
63301.7
234657
422319
3.27122e+006
630116
255785
7.83145e+007
2437.92
386903
1591.35
2.03293e+006
5.42821e+007
7085.13
36783.8
150743
61210.6
1.49184e+007
1.3481e+006
3.70071e+006
1.09617e+007
6.88006e+006
1.59526e+006
12599.7
9.72327e+006
5.47347e+009
29894.3
4735.37
93642.6
9013.49
3.8287e+006
1.80599e+007
1.89572e+009
3269.46
24978.8
1.47267e+007
788440
223.449
783880
1.00606e+011
48263.1
3.16163e+006
1.12713e+007
608811
3.35859e+007
2.63021e+008
62143.1
6332.2
14650
1.22173e+008
3.70534e+007
9.66092e+008
2.68289e+007
4.2103e+006
1.37562e+009
7.13685e+006
385269
4470.95
5.39204e+009
579.346
304306
135709
1.24188e+010
590374
14396.7
260620
590167
293805
58321.7
21638.6
3.22277e+009
1.22437e+006
4.48072e+008
4185.06
58414.4
1.0601e+007
2.04587e+009
6.07278e+011
2.34077e+006
1.49722e+010
7732.21
5.52024e+006
1.36914e+006
19089
2.35526e+007
3.34573e+009
106.549
1.25985e+009
6475.98
414127
5.41512e+008
26133.1
1.10233e+008
19597
105350
12643.2
15860.1
50144.8
3.64133e+007
84964.9
215542
3.66368e+010
8920.81
2898.53
29440.4
2409.79
6.51866e+006
1182.59
3.53374e+006
9262.15
1.40452e+007
34364.2
1.14959e+007
6.14859e+008
5075.26
35295.3
6.5042e+007
5.67483e+006
792471
112285
106901
3.06775e+006
6086.64
2.29414e+012
1.89822e+006
13708
2.54475e+006
2.5211e+006
1.80971e+008
1.54209e+017
1.48826e+010
32923.6
87136.4
6.167e+012
614728
2.11683e+008
7.08317e+006
4.38216e+009
5.30174e+007
1.76504e+006
45063.6
91642.5
4.88696e+007
34070.2
5.14132e+007
7.07904e+012
8.49459e+007
50066.8
88351.6
102724
1.69682e+006
3.05824e+006
2.64686e+007
84378.2
61478.2
270770
642219
1035.29
4.20941e+006
2.97234e+006
4691.3
1.44551e+006
8.03127e+008
1.54221e+008
4363.36
44347.5
85424.8
8.76736e+011
134351
5.13197e+006
1.86812e+008
11534.3
191763
4.00975e+006
516.906
20538.1
338257
11284.6
4568.42
3.05044e+006
95162.1
898404
156548
9.39745e+009
1.69247e+010
1.56405e+007
3.27872e+009
1.06858e+009
6239.12
8829.12
6.4938e+007
50201.4
1.97983e+006
4.7489e+006
1.16011e+008
4943.21
7.93582e+007
40210.2
259896
15359.2
637775
24800.5
7497.54
1870.02
295928
1.02538e+007
126278
3529.19
804820
1.00668e+007
2.0254e+009
4.03342e+008
3.2346e+007
3660.08
214383
4.10452e+009
33733.1
5.60408e+009
4942.05
8550.4
16686.3
2.00108e+006
2286.86
84736.9
134986
135256
155158
1.07902e+006
454217
924723
2.52419e+006
4.03458e+007
4.82316e+006
3575.21
6.09669e+007
2.77862e+011
3.02255e+009
1.87826e+008
8.13746e+011
1.89845e+006
4.97576e+006
14871.1
4.9428e+006
292147
6724.98
1.26696e+007
1.00281e+013
4897.21
8.74612e+008
6.24257e+008
3.26749e+006
570458
1.06473e+007
71932.1
6.53996e+006
3.48729e+007
223812
2584.66
1.67889e+008
4.86211e+006
4.3545e+010
494987
89284.9
233208
7.71551e+010
2.48396e+007
1.6226e+007
261250
11780.8
9.41922e+007
22178
184544
569688
19749.6
5500.03
1.28884e+006
8.78291e+007
8.00582e+006
302443
5.82809e+008
701096
183429
2665.22
1.58514e+008
421970
69705.4
2.24612e+007
1.1117e+006
4.69162e+008
3.7054e+006
5.85699e+007
41771.1
437713
8.33137e+006
7500.41
1.40964e+008
287.263
234708
89073.5
1.21882e+006
11514.1
20245.3
130558
766358
318484
6.83129e+009
3.69179e+007
8.71527e+006
40556.4
8801.74
40047.2
1.33809e+009
3.04482e+007
4.01309e+010
4543.09
1.22019e+008
1.63069e+006
241392
1.31712e+007
1.22651e+006
1511.68
9.31855e+006
17373.8
72519.1
2.02816e+006
6.67188e+011
8567.83
436166
199429
219135
687099
6.21579e+007
719654
79830.7
391876
1.45577e+010
4.95546e+008
9.03081e+007
8.85363e+008
148723
1.6805e+006
973762
1.41512e+007
189397
1.69594e+009
9.31448e+006
8.227e+007
26051.3
2.04875e+006
48067.6
3.35143e+006
1.65068e+006
4.47606e+006
3.9547e+006
642724
2.82804e+007
2827.26
272088
101147
5.03255e+006
1.43115e+008
1.91037e+006
27316.2
1.15362e+007
914718
8.63822e+008
1.23007e+006
1.16195e+006
3.70001e+007
346703
3.11083e+007
3.56376e+007
8.99192e+007
8.84331e+007
4.45029e+007
1.78568e+007
3.66224e+007
243360
72907.5
2.663e+006
1.60634e+006
4.66122e+009
2.99667e+008
390067
14587.5
68797.7
10742.4
4.55479e+006
1.95085e+007
3.37745e+008
601123
2.68834e+006
5875.79
56120.1
9.42562e+006
54749.8
1.42235e+008
154865
1.43753e+009
1.58348e+006
7.02727e+006
1.365e+011
24326.6
5.41795e+006
2.53194e+009
15505.2
6.33375e+007
3.78632e+008
15752.1
4.02045e+006
22738.8
8715.76
480021
59.0658
724141
7.54145e+006
3.71165e+010
4439.03
660683
1.28854e+006
600412
564.832
237055
4.88242e+012
8.57796e+006
24469.8
1.56441e+009
1.59556e+014
332139
571547
70935.4
1.74825e+012
3.44895e+011
3.0696e+010
3.06631e+008
1.0597e+008
6.64337e+008
1.91857e+008
201203
24185.4
1.43041e+007
27114.4
9.77633e+006
1.75487e+006
1562.84
139272
9.4135e+007
200105
2.49349e+008
2.04578e+006
109407
2.89729e+012
15163.5
253951
14311.2
1.8606e+007
64645.1
567.74
5787.98
850.247
2.07379e+007
3.96181e+012
2.01495e+006
1.07642e+006
10220.7
1.69277e+009
27959
199625
157351
5.29892e+007
1688.14
7.66943e+010
4.64323e+007
244041
897526
2.96012e+009
6.18587e+007
4359
15213.7
12243
570759
121288
3.10641e+019
1.03184e+006
5.29231e+006
3351.24
2.62903e+006
5938.25
987953
2.10409e+006
173059
287080
2.54505e+011
29525.3
81090.8
6.07342e+006
1.24281e+010
45566.4
435856
264648
289468
70443.8
407655
7.75953e+006
1.96369e+006
348435
5.38113e+008
1.95696e+007
248566
1.21292e+006
8.33147e+006
126791
223601
52599.9
1.99207e+006
118552
2.72877e+007
1.8791e+008
5.26477e+006
309880
32673.2
4.64611e+006
4.28072e+008
39005.2
6.62032e+009
188041
2.00842e+011
195144
852.742
49898.4
592880
1430
1.82569e+006
1.93063e+007
1.51797e+006
6.96766e+006
1.25368e+012
186542
92115.9
2.80376e+009
3.45917e+006
72759.9
1.14195e+006
1.0882e+007
1.44293e+006
34045.4
5.258e+009
727752
216390
48061.8
9.48691e+011
6.33204e+006
287282
6128.53
745627
7.52836e+008
4157.03
54106
7.30516e+006
5.20967e+015
5.35494e+007
38351.2
1.09255e+007
200429
4052.45
2.54637e+006
3938.05
13712.4
8.41069e+007
3.34058e+006
883603
1.13086e+009
1.11053e+007
14148.9
1.60955e+006
3.09879e+006
1.24455e+008
6.32656e+008
1.30191e+006
2.3919e+007
268071
9.86769e+007
85411.2
73839.6
1.14158e+006
38066.4
68495.8
5.44287e+007
1.68357e+006
197684
9.95102e+009
129123
54140.6
148766
178233
1.91183e+007
3.68131e+006
2.51991e+006
932347
438412
12665.4
797000
41442.3
6.56413e+006
1.57644e+006
615154
108471
596746
165936
728707
2.22401e+006
51403.9
483529
13560
1.11476e+006
2.64864e+006
1.27281e+011
3.59669e+007
2.89778e+007
3.69196e+007
51270.2
3.88496e+006
3.02334e+007
1.4548e+006
1.28069e+006
1.05046e+006
13126.4
645096
2.18619e+006
2.5705e+007
2.74538e+006
13731.4
1.46812e+006
1.18939e+006
7.70976e+007
1.27666e+006
25798
687342
1181.13
7.51423e+006
8.07459e+015
1.77849e+007
128590
9.79443e+009
2.21382e+007
2.0136e+011
4.99566e+008
27157.8
1.521e+009
1.52963e+007
144877
1.57896e+007
1230.67
1.24648e+007
1.85529e+007
1.33398e+006
5.4887e+007
3.31576e+006
386808
1.54373e+008
3.03419e+009
133117
31207
5875.89
5586.08
135524
1.57133e+006
2.96577e+009
115849
12119.6
3.22801e+006
2.60263e+010
7951.69
54072.6
114219
8673.04
55494.3
64466.9
2.34021e+006
2.22745e+008
1.35554e+007
11749.6
2.6343e+011
9.36545e+006
100720
7.89015e+007
145092
4.12508e+006
622424
917.064
1.31941e+006
1.62909e+008
84442.9
9.95595e+006
9.54753e+006
124934
17695.8
2.40318e+011
8622.54
1.30641e+006
2.59398e+012
871453
2.39205e+006
17638.1
327531
10693.7
2.87631e+010
56597.3
232134
3163.29
987435
317704
1.09732e+011
253388
73869.6
1.33987e+007
59931.9
3102.89
428354
3.73471e+006
1.38236e+006
817963
31552.8
1.04332e+006
5.26039e+008
8.68939e+007
71982.3
101272
639558
3.58456e+006
2130.26
1335.6
787202
4.47708e+008
1.44104e+006
1.47232e+006
911.28
1.40173e+007
4.752e+006
72372.3
1.51685e+006
5.95769e+009
109834
2.41429e+006
1.9376e+006
2008
6.93271e+008
1037.01
12976.9
4421.88
6892.74
1219.13
823869
86614
6.6102e+012
66659.9
16469.4
1.42642e+010
3.90941e+007
2.26116e+010
546812
1.89477e+007
6.19441e+011
46606.9
33059.3
3.4053e+010
2812.72
3.40451e+006
92472.8
1.91114e+009
900029
39731.6
1.20557e+009
76019.5
14619.2
55145.2
9.62371e+007
36640.3
3564.74
8.38392e+013
9786.62
3.30774e+007
5.96116e+006
1.15508e+009
4573.01
1.33819e+008
6.45712e+009
41885.2
7.42339e+008
296336
5.05642e+006
362575
165833
568386
1.1509e+006
10808.9
4.81763e+006
3.29028e+006
301263
1.57532e+006
1.93933e+007
242135
161530
2.97239e+009
2855.83
418046
1.56936e+013
1.32225e+008
536333
963542
415.344
1.28292e+012
1.19182e+006
15317.7
8767.69
1.05378e+008
7.30808e+007
713263
3.39894e+008
3.31264e+006
1.4439e+007
90324.2
809258
4.67865e+006
1.96235e+006
21412
3.43954e+006
476029
4.58773e+009
3561.28
5.18272e+006
1.13636e+010
1.70137e+007
2.71084e+006
208958
7804.07
1.95369e+009
76991.9
70507
5414.4
1.33637e+008
2.88002e+007
1.36707e+008
5.57833e+009
336829
24113.4
1.79644e+006
33736.2
8.58951e+009
9.44301e+006
154336
805539
1.11811e+006
4.26588e+007
2.02721e+007
1.64883e+008
551095
984824
502677
3.51047e+006
3599.5
1151.7
6.78439e+008
3.11665e+007
15381.9
6.08807e+014
1.44496e+007
9.8705e+007
5783.7
2.76354e+007
16494.7
1.30682e+007
1.18069e+007
1.23673e+008
8.75662e+007
1.83528e+006
130632
3.18568e+009
2.28748e+006
4.27406e+008
5.80272e+011
26892.8
17158.3
5176.35
8.28087e+007
4.25807e+008
88261.8
55512.2
6122.35
2.01726e+006
4009.77
8.83519e+006
2.24513e+008
65184.5
1.11078e+006
7.8318e+006
2446.87
105526
566739
1.19023e+007
1.64596e+006
7.19762e+009
2.41042e+008
5764.2
5.04133e+006
2.38683e+007
608832
285898
7.28135e+006
133096
3.61498e+009
942900
16852.3
9020.39
189443
1.1292e+006
5.61355e+007
40778.3
2.26192e+006
9121.58
2650.15
1.83474e+007
2.35876e+006
6.28331e+009
1.0886e+006
1.5174e+006
383947
1.22271e+006
5.25884e+006
144479
3.89822e+009
429748
1.30815e+008
3.90403e+009
6167.55
1.09144e+008
5.45997e+015
117123
22426
8.93464e+006
1.55267e+009
2972.28
784119
341924
2.54136e+007
1.5298e+006
8.60699e+011
67289.3
803431
1.33406e+007
9.64919e+012
3.33706e+009
4.41442e+008
105760
29939.8
1.1078e+006
2.48042e+010
1.75999e+006
176068
6.6819e+007
5925.45
5.01636e+009
9.84327e+006
1.28402e+008
4.84319e+006
5.45883e+009
7.0395e+008
1446.83
48762.5
3120.76
602.131
1.1039e+007
1.53705e+012
1.97703e+008
170982
7.34267e+007
4254.19
69440.3
145329
482339
9153.05
30941.5
14617
5107.69
1.70233e+007
152544
978432
249.686
4514.14
876.657
1.8173e+007
5389.74
1.1456e+007
7.08723e+008
14299.9
2.16375e+008
278025
5.64145e+007
6985.79
3.84908e+012
4.55484e+006
7033.42
625168
70873.1
1.99292e+007
9.54308e+008
380565
3062.12
1.06003e+006
3.07297e+007
545176
5.96123e+006
7507.23
33221.3
1.89391e+006
36387.3
16417.2
2.9504e+009
9.93851e+007
60142.5
7024.82
108881
2.89781e+008
87407.8
332527
1197.58
1370.64
1.19132e+008
1.30166e+012
322446
4.32579e+009
7.97204e+008
1.34532e+006
1.41959e+006
5.34854e+007
2.64828e+011
4.41593e+007
2.74757e+008
4.01751e+006
33238.9
1.62772e+010
1.58791e+007
6884.51
81466.6
3609.89
278611
5.63353e+006
4.13194e+012
635080
6.60455e+009
1.59631e+007
1.00177e+010
4.37207e+007
131709
3.62455e+006
24952.9
1.93823e+006
194510
1.34569e+009
107268
6503.15
1.04387e+011
6.54254e+007
568026
707498
3.05554e+007
52194.9
3.07561e+008
507512
1.46025e+007
2.13857e+010
9.49264e+006
2.08758e+009
2.5568e+007
2.7047e+008
1.88272e+006
5.81057e+006
5.66572e+006
230352
61904.7
153814
16353.1
131647
231017
1.82481e+006
1.6134e+007
1.25226e+006
764602
299573
6.64775e+006
102486
5.5959e+008
408185
137011
789638
59042.5
2.64869e+006
20857.8
3.72628e+006
1.8505e+006
1.54002e+007
49753
385799
22590.7
726748
3371.43
759.551
1.18004e+007
7.47888e+007
558056
1.03301e+008
1.35043e+006
54515.4
283372
200323
17702.4
4.9121e+007
1.05938e+007
6.31398e+007
1.02285e+008
1.70682e+006
5.00337e+008
8396.2
2.00787e+006
9.29498e+009
4.56502e+006
31935.3
5412.72
1.0366e+007
337364
142741
1.37324e+007
7201.99
1.54602e+006
3.5559e+006
359357
1.58512e+007
1.79659e+008
2.61376e+009
2.25566e+016
9368.43
4.44616e+007
2.64137e+007
6.41535e+009
4.907e+007
1.35268e+006
5.37966e+006
35761.4
1.52741e+012
18773.4
244.407
6.33982e+007
20885.8
2786.97
65086.4
1.25333e+006
5.0451e+007
555526
1.76007e+011
828369
39674.1
2.92749e+006
1612.53
7.99394e+007
1.4003e+010
39007.1
9.98156e+006
320.603
54975.9
4.57735e+006
681002
282603
3.10002e+006
1.52417e+010
3.58698e+006
103789
1843.32
180882
166621
5.05051e+008
847985
2.88912e+007
1304.3
3.90737e+013
3.11846e+009
414.187
8.88562e+008
32301.5
6901.34
543843
9285.75
26840.6
543048
1.01096e+006
586705
1.5295e+010
2.31231e+006
236317
3.52748e+009
1.13625e+006
699135
808691
206.467
21041.6
470375
224128
2.44627e+010
40035.9
1.91583e+008
1.0503e+006
574944
6.97871e+007
8.96824e+007
1.26253e+009
4.91007e+009
34044.9
26247.8
37179.1
281385
11343.4
25437.3
1.60828e+010
757320
5.88721e+008
28742.7
19922.8
1285.39
31079.6
7.56295e+006
5.99059e+009
2168.82
288905
306305
24221.8
654545
142671
12710.7
1.06826e+006
105792
7.64319e+006
92205.1
3.82224e+010
1.36477e+006
2.46737e+010
2.1974e+006
6.76059e+006
964041
10173.9
3.09921e+008
275361
21611.8
1.05913e+011
864270
6.04632e+007
824.42
5.16137e+006
32659
1.43061e+014
43250.8
1706.01
5.809e+007
1.04334e+006
5.12575e+009
583257
1.73556e+006
1.95799e+008
18985.1
6.63858e+007
1.62381e+010
556605
543503
1.33899e+006
156393
1.58491e+011
4.04779e+006
8.84868e+006
901.351
32221.9
176951
30845.8
2070.44
174277
623066
2.60811e+008
3.94514e+006
5.16848e+008
1.39682e+009
8.03285e+006
13706.1
732121
4.24171e+007
763354
185378
307116
1.07325e+007
5.6315e+006
5.87498e+006
270872
2.39284e+008
3.97513e+007
5.31911e+007
3.34513e+009
806138
931726
74580.8
4.47254e+012
788251
8.51679e+007
6.7472e+009
3.64064e+006
3.10752e+006
475.595
2001.41
1.36131e+011
987812
223230
1.33853e+006
8.0235e+007
752594
5517.5
9649.11
7.10064e+008
677048
41682.6
1.20721e+006
1.36444e+010
1.9102e+007
1.64503e+013
2101.84
7296.06
56977
1153.32
325.47
12227.6
2355.8
325647
5.08029e+008
369.504
1.12562e+008
37416.4
1.03634e+006
363097
4556.83
3.04493e+009
8.47028e+007
246568
352.726
3.90055e+007
1.64347e+008
1.4379e+006
1.85053e+006
3672.76
695819
2.29687e+008
283143
4.78425e+006
3.04876e+006
5.39334e+006
27902.5
7.70308e+006
8.08382e+008
7302.2
38845.9
6.61234e+006
9.27685e+006
13972.2
142763
426320
3.80219e+006
1260.92
7.96695e+006
533.618
5309.97
1.30377e+007
33411.7
53373
2.65668e+008
1.08555e+006
1.55541e+007
6.7897e+009
22696.5
76098
4.23655e+008
1.8095e+010
16632
136901
217358
3.77657e+009
8.02137e+006
7359.77
403021
30216.6
64174.9
52242.8
3.2578e+007
2252.26
6.74481e+006
4.62695e+008
7.04635e+006
177421
1.68011e+007
802.974
9.08742e+010
732540
878348
8.73888e+007
5.5466e+006
6.17989e+008
2.95106e+008
4.48828e+006
732938
5.92243e+006
585063
41701.2
10821.7
1.82261e+009
227452
9.68927e+008
1.27165e+007
23200.9
18578.5
27357.3
1.77985e+007
1.94623e+006
11201.8
69365.7
8.77165e+011
1.2958e+007
7.11254e+008
154993
2.20612e+007
327191
108861
1.72506e+006
4169.43
3.61677e+007
623973
4.00877e+006
1432.59
8927.17
110555
169274
17705.1
14450.4
985351
1.8424e+006
9322.94
20939.1
1.38409e+006
1.64771e+006
140323
230439
2.30178e+007
6832.31
1.1971e+007
860.72
1492.01
10105.8
3.94019e+008
107575
9.69217e+009
287807
4.9542e+006
99185.6
217751
373367
3566.15
1.58099e+007
8776.61
191623
1.6892e+007
8.97441e+006
1.41447e+008
19947.7
477951
361318
1.6663e+006
8.63082e+006
2.87406e+011
995923
50139
1.21211e+006
5956.13
1273.49
301569
6898.31
37968.8
1.30548e+007
1.62958e+006
139291
5.37991e+006
6.06158e+007
15903.9
50866.2
338615
204632
437203
1.95664e+006
2.80517e+006
3.22601e+010
4.28974e+010
10145.8
671689
969192
468169
520574
370398
259719
24912.1
1.59144e+007
1.23675e+009
3355.52
1.97677e+006
4.07034e+006
3.2403e+006
2.28013e+008
1.12138e+010
1.73883e+008
4.36024e+007
6.03072e+006
1.06777e+006
2.37341e+007
1.8446e+007
4.14787e+007
18835.2
228171
72241
3.22445e+006
8.51255e+007
1.70887e+006
144240
6.66663e+008
972128
2.2883e+007
68188.4
1.18831e+012
5059.03
5.213e+007
282168
5421.68
491468
1.4788e+006
12077.1
2.92826e+010
2.47478e+006
26884.5
2346.19
341822
86874.5
5.06589e+013
3.83779e+007
8.83247e+007
229355
1.81875e+009
63051.9
189542
356705
1.16528e+008
662.8
2.38297e+008
133492
2.44119e+006
3.26168e+006
88211.3
4.05623e+006
5.43295e+008
6510.82
83813.7
2.24754e+010
9.5255e+007
12831.6
3.00092e+006
55483.3
1.0436e+007
4.59983e+006
9.76891e+007
3.41498e+006
4.36127e+009
89449.4
745026
99036.3
2.27764e+006
305880
1.98067e+007
6267.76
27219.3
4.14371e+008
2.29787e+008
1.44336e+006
1.57965e+006
1.00362e+006
4.89548e+006
3.30594e+006
50896.9
36727.2
196860
1.56355e+007
218057
6.62743e+006
4.22332e+006
83763.4
1.73413e+008
6.46644e+008
896758
50380
5.22894e+012
3.36462e+006
187030
2.87144e+007
23420.2
5.50849e+008
9620.19
3.27448e+006
276108
1.7627e+014
2.91147e+006
3.11567e+006
21835.6
192490
7429.43
9861.58
95060.6
137457
9.5551e+012
7670.74
5.80337e+006
650312
8417.42
2209.3
1.18569e+008
4.13955e+008
98407.9
6.01539e+006
38975
645407
1.38292e+009
1.15938e+010
12958.7
6449
8.63e+007
5242.74
6.56489e+006
668257
9.37082e+008
61375.5
3647.95
395598
511011
70917.2
2637.11
540.46
2.3475e+010
148722
674003
906027
163837
235819
1.1876e+006
3.50003e+008
4990.57
34539.7
5.87489e+008
4.696e+006
2.63385e+008
2.57874e+006
1.51406e+006
1.27168e+006
7402.09
4.03511e+006
1.22663e+007
216801
209196
3.02509e+006
4483.16
3.86031e+008
1.90273e+008
2.66033e+006
180994
1.77835e+012
22889
66387.7
345937
5.63138e+006
456390
1.81901e+010
971.102
7.97237e+007
1.66891e+006
298871
3469.91
124879
132966
6046.92
1.40359e+006
3.46698e+011
2.7486e+006
5.46811e+007
231939
1.31897e+006
21747.8
605280
1.47857e+007
235097
1.55798e+010
416527
245547
1.75701e+009
308815
1.45492e+007
1.17612e+011
25914.3
1.17041e+006
9.18289e+008
1.41005e+006
304444
1.8256e+008
26848.2
98837.1
871029
6.78595e+007
851195
6490.3
4.4533e+008
101245
662.973
352475
309555
2285.24
8.49607e+009
851221
7.62221e+007
2.67992e+006
206714
4.71004e+007
265451
15842
4.24995e+006
61637.1
42965.1
7.1107e+007
1.53475e+008
11147
25673.9
1.84741e+007
2.9903e+006
6.10643e+008
5.66043e+006
13603
913393
132345
3537.21
4.94825e+012
187562
1.37371e+006
1.61487e+008
126777
8.83e+006
644195
1.31929e+008
43643.6
2.27255e+007
2.87965e+009
1.10941e+007
115760
1.74385e+006
119592
2.59155e+013
4.47683e+006
816497
382682
150657
1.69703e+006
1.7246e+007
324692
2.05024e+019
4.16242e+013
2.52371e+008
1.99284e+006
2.10987e+008
9675.04
69089.2
9.6532e+007
7.38246e+007
376148
1.62918e+008
155739
1.07111e+007
10947.5
9.75422e+007
1.04226e+012
34042.3
1.06214e+006
2.88995e+007
5.33121e+006
2.09931e+007
2.05275e+006
31647.7
29632.2
5.05076e+006
1.29224e+006
5.00338e+006
2.26779e+009
3312.47
2.94784e+008
3.61651e+006
6.74672e+006
8.9952e+007
6.85039e+011
6.68277e+006
219775
6.5242e+006
6.98972e+006
4.06601e+006
1.4009e+006
19827.7
6252.15
1.35756e+009
6.29641e+008
9.79102e+011
223091
3.74529e+006
5.11672e+006
659862
2.14867e+007
6.67253e+007
1.61684e+007
3.97506e+008
177613
962886
1.46392e+006
2.29321e+010
1.84616e+010
2.45831e+007
1.80498e+006
497718
8.79984e+008
4.30109e+008
3.22278e+006
2.22779e+006
9403.48
1.15962e+007
793272
94936.7
4.45687e+013
300673
493638
2.55958e+006
12442.7
1.82361e+011
919443
4524.2
104109
49864.8
5.37298e+006
569.953
7.19684e+006
1.45623e+007
1553.08
16133.6
2.25101e+007
540442
12155.2
3.28999e+011
3.76644e+007
63436.5
41176.1
64026.9
41407
198899
4.01707e+007
2.64543e+009
25755.9
83272.4
1.16621e+010
212899
38911.5
1183.14
4.75687e+006
946418
132009
152388
1.29512e+010
6623.04
567831
1.98637e+008
67854.3
2.14841e+007
148723
9.61689e+006
3.1353e+009
2.93731e+006
5.25474e+007
932697
4518.43
165799
1.16343e+006
7.58005e+010
1.71103e+008
201378
41292.6
748572
14862
1217.91
85856.7
2.61388e+006
2.91461e+006
1.39807e+006
13628.2
448099
1451.33
7.93884e+010
1383.32
1.22603e+008
1.55462e+006
155648
4.89378e+007
26998.2
1.10925e+008
4.57178e+006
1.06022e+006
8.25596e+006
1.49566e+006
91798.3
2.01873e+015
984556
2.67131e+008
185145
1.52219e+009
293665
8329.82
781946
2.42211e+008
4.38601e+006
46700.1
356035
131714
6.94708e+006
8.73999e+006
4.19106e+008
21025.4
5.38127e+007
1.01861e+006
292041
43243.6
4.75479e+008
8.39386e+006
13756.1
1.22942e+006
2.50775e+006
529395
202385
1.27963e+006
7.62271e+007
60155.3
2.50436e+008
5.2472e+009
459366
5515.6
2.45711e+008
694174
1.76541e+007
929401
4076.15
1.30467e+011
860624
3.28703e+007
53088.4
33410.2
53347.4
109020
4.70349e+009
6.79812e+008
4.23116e+008
1.61451e+008
294.248
857625
2.78751e+008
2.8383e+006
1.74315e+006
375889
185037
194334
1.62887e+007
29787.9
1.42728e+007
3.54298e+006
9.20265e+006
9.67468e+008
25612.8
2649.65
311.837
3.49307e+007
67502
166949
5849.04
13695.5
4792.62
6.96791e+006
4.12838e+008
56759.8
24099.7
9.90392e+008
5793.85
1.67924e+006
110868
13617
204830
7062.95
388150
3.8963e+010
1.43427e+006
129946
13333.5
37280.6
186185
36698.6
1.78024e+006
10619.9
76741.3
9.92054e+006
432780
73188.8
3.94295e+009
55485.4
8.58113e+006
804833
7641.6
402503
1.00287e+007
4.48298e+006
125483
74782.8
1.72972e+007
8361.99
2.43777e+008
5.37466e+009
2.52753e+007
465889
1.82685e+006
13292
3.95036e+006
53125.6
9.78938e+008
24036.6
4.31823e+009
1.41896e+009
25443.2
75793.4
3.09508e+006
709472
23669.9
2.02202e+007
1.79332e+007
4.69615e+010
4692.77
200582
6836.66
1.78121e+007
184420
893466
5.84303e+007
1.36708e+007
1.72034e+008
1.04658e+006
632550
2.40545e+006
175753
1.92654e+008
14837.7
36250.1
619891
1.54534e+008
6671.75
1.02733e+006
5.62576e+007
17796.3
4.18451e+012
645847
1.74471e+006
2.31904e+007
9.23846e+008
6.89117e+006
3.01424e+006
5.09428e+006
929854
3.98596e+006
322633
4.6817e+006
3.21539e+009
3.30648e+006
27114.3
1.78039e+010
7.8485e+006
53716
436916
4.79848e+009
1.65875e+008
1.16556e+008
11131.1
3020.96
4.61512e+006
328374
9.76494e+008
2.74624e+007
17640.6
2.69486e+007
22054.1
403474
1.31721e+009
3.88725e+008
56642.2
176072
13801.2
235976
1.93601e+006
2.65903e+008
1.73504e+008
2884.02
4.33683e+007
2.94222e+009
22605.2
7.04693e+010
1.54998e+007
31.6169
6204.36
4.55729e+009
7.41248e+007
123676
1.99933e+006
178470
195628
2.19879e+006
1.57465e+006
77217.9
63949.1
6.57365e+008
1.59813e+007
31598.2
1.14492e+008
1.10053e+006
6.02092e+006
3.37853e+006
460.376
8.74448e+008
465292
625008
116468
3565.23
17948.5
4.2273e+008
2.20185e+006
162247
12573.2
15320
794453
31884.5
4.30377e+007
267352
73720.4
4.74783e+009
91509.4
1126.78
1.54091e+006
114219
4.53968e+008
556473
1.89875e+007
204388
226996
51886.6
15951
9.03886e+009
342263
1.73262e+006
355958
3917.57
1.92047e+007
1.05776e+007
69487.7
2.10053e+009
1.51094e+006
11037.6
629.553
7.6533e+013
2.58447e+007
65459.6
1.2398e+008
23724.4
3.4344e+006
346219
535008
1.33846e+019
309659
1.58242e+009
4.97751e+007
8.79989e+011
29379.5
6.32995e+009
18897.7
657667
1.41629e+008
3.84896e+006
96304.3
4.41753e+011
377046
197149
2.16446e+007
4.54036e+007
2.76406e+006
1.93147e+009
2.83412e+008
2077.87
2.46563e+010
757375
4.12018e+008
42719.5
2.20528e+007
603432
781071
2.5285e+011
4.92345e+009
15827.8
1.85493e+006
11776.9
916362
3667.42
68576.6
288187
1.82187e+007
343.06
4226.64
5.88845e+006
2.85511e+010
293488
490444
16947.2
4104.88
31844.1
4.59917e+006
100792
249786
3.06747e+010
36538.9
284040
4.08302e+007
9.44363e+009
4953.97
9.04182e+010
6325.56
99038.3
1.55455e+008
4.53596e+006
7498.45
4395.96
4.2451e+013
2.89658e+008
9.89902e+007
2.37458e+007
1.05096e+006
210142
2267.8
2.6359e+006
1.90858e+006
251604
8.22615e+007
1.09857e+011
33069.1
5570.27
862773
5.2869e+007
528133
37893.1
1.94661e+007
6.99943e+006
3134.72
71221
1.2675e+008
7.56668e+006
13811.8
379531
434207
3.34115e+006
109169
634437
85718.1
446470
1.7086e+006
3.67925e+008
25761.5
104418
3.73823e+006
1.4635e+007
1.17542e+008
6.71241e+006
4.15164e+008
181135
2.86186e+008
3.04062e+007
831616
107976
69312
64141.6
3.63374e+008
2.17631e+007
3.89119e+007
3.3596e+006
4.43294e+006
10679.5
2.8784e+006
17504.9
3.71246e+007
9868.87
2317.61
19154.2
2.63206e+006
170926
5.94631e+008
1.19296e+006
1.14367e+008
101031
2.03633e+006
2847.25
4.22304e+009
4.48863e+006
44118.5
255404
921840
1.83818e+006
20964
3.39053e+008
1.89561e+007
124896
667720
365269
3.88063e+007
54903.4
878585
395138
569318
2.0244e+006
1.71247e+007
3.60421e+006
4.64437e+006
1.10052e+006
569.485
2.05463e+008
3.58262e+006
1.21137e+006
8362.42
1.09904e+006
4.05247e+006
5.61174e+006
1.79944e+009
3211.63
11694.7
41850
33568.6
73447.8
4362.57
5.64517e+008
3.96954e+006
1.36246e+008
1.01396e+006
1.3277e+008
13136.4
12778.8
60106.2
1.02536e+006
26736.5
355735
3.53112e+007
3.02135e+006
2.80923e+007
2.14954e+006
273930
1.47854e+010
1.01304e+006
58736.9
3.59358e+008
45333.2
1.01214e+006
5.09348e+006
402320
4.55938e+006
20668.3
4.06441e+006
8.65753e+007
9395.01
