1.39253e+007
282397
4.11306e+009
1.45493e+006
96509.7
263679
1.14043e+010
32095.9
139140
52673
1.76593e+006
74114.1
3.64695e+008
1.11826e+009
98759.3
5.39212e+007
6.49514e+006
4.52011e+007
9607.34
41440
144.696
1881.34
2.90563e+011
2.03362e+007
1768.96
715.432
841.382
57557.5
131072
3.38273e+010
87558
82740.1
1611.91
3704.87
1.0579e+010
4583.93
1403.97
1326.2
1.99787e+006
17634.5
1.79617e+012
188.183
48821.6
2.82579e+013
233097
1.16348e+006
7.77071e+009
832217
4.305e+006
9.5087e+007
65.9973
131.161
3.69709e+007
84.6552
48767.4
430284
120559
444486
1.18778e+006
3.43454e+006
245.484
907949
9.81178e+008
9.00512e+006
39894.3
43805.4
31675.7
4.26021e+008
7413.19
2.27792e+006
4.32794e+008
2245.13
1.55709e+008
2.7278e+011
40951.8
3.41815e+006
1.77561e+006
82137.1
728945
14058.9
72764.7
5.18368e+007
5.7457e+012
362401
2.36828e+007
2.71653e+006
71575.8
1.64086e+006
22528.7
247555
1.05138e+007
748.405
6.75385e+006
9861.1
515.397
427.898
445103
1.58619e+006
102255
1.44303e+006
1.72619e+007
1.95148e+006
18023.7
910502
18534.2
1.64591e+010
52980.7
16630.3
4.0753e+007
1113.28
6737.31
5869.52
4.73628e+008
9.60162e+008
189199
6.00547e+008
2.71181e+006
32633.9
2.49006e+008
199406
5489.82
39572.8
2.39048e+007
34865.7
4733.86
4.00401e+008
3646.71
319179
289622
1.85025e+010
6.14416e+008
2.44995e+007
319361
5730.88
16179.3
88.9104
3.89152e+009
7.82089e+008
39008.7
43898.9
54233.9
1.54042e+006
2298.99
1.06024e+007
9.93424e+006
1.85441e+011
191579
3.0507e+007
3.603e+006
2.74661e+007
19384.4
1.63527e+006
2595.48
9.63811e+006
13480.8
6.05958e+008
14151.4
80.5546
1.7837e+006
3.34996e+006
9.6563e+006
1.17464e+010
632760
242474
1164.69
94062.2
3.01428e+012
358.428
5.66119e+009
40889.2
2.45791e+008
1.26585e+007
7.15925e+006
1.0057e+006
603858
975066
75660.8
1.38972e+011
2.64014e+007
6.3842e+008
16753.5
418.508
1.58302e+007
384599
4.42511e+007
483341
167026
1.2035e+008
4279.75
8.63588e+008
52.2144
165454
212486
7.35216e+006
1.14577e+006
315917
1.00084e+006
4.25262e+007
7439.05
28079.4
6.50562e+007
209209
52780.2
13669.2
2536.4
210435
85944.8
3958.83
5.3364e+007
9.79045e+007
1.10674e+007
2.76466e+009
32539.3
1251.54
464957
792.539
3520.97
400.78
560084
1.65781e+006
4.87648e+010
2551.23
1315.81
1.16866e+008
1.50838e+007
196984
5.34765e+006
762386
12797.1
29106.5
2.01479e+006
705400
1812.58
242425
1.43554e+007
1.46491e+009
95976.1
1.00711e+008
130082
1.65532e+006
6.7634e+007
10443.7
135634
9.09597e+006
152916
17147.8
61.4481
276.353
2145.62
376853
9.59055e+006
2.20405e+006
2.14649e+006
18809.5
451687
6.85545e+008
332.696
3.20366e+006
149383
61684.6
1692.67
90572.5
10787.2
34365
89230
1.08688e+006
238354
1.91258e+009
7.87066e+006
5.29279e+006
2.22594e+008
4.88072e+008
8360.34
5.38456e+006
6268.96
53191.5
28229.9
28962.6
5.86691e+006
3.32854e+007
310853
8.90846e+010
1.32679e+007
4.61227e+006
7015.2
5.04137e+010
128998
3.4112e+009
1.00979e+012
1.94594e+008
1.06497e+007
2.85715e+009
5.43495e+008
3.43504e+007
566332
6.51707e+011
3.08233e+008
494669
53929.7
4.67772e+007
1.23737e+013
60306.9
1.12009e+010
6906.83
1.96423e+007
11741.9
363.633
7.08113e+006
101606
4587.15
10380.9
2369.22
298029
106555
2.26146e+012
218206
17391.4
92158.2
1904.62
1.8831e+010
23.4898
62151.5
940618
4453.12
20066.8
1584.93
1.17402e+006
2180.67
1.0973e+006
1805.44
4.98149e+006
585079
402.583
39303.1
202501
6.45956e+008
5.95949e+011
5.49174e+007
4.58099e+006
6.54203e+006
1.62819e+009
1713.19
2.20785e+007
29832.3
6.13192e+006
391685
193900
1129.58
7.84112e+011
200761
1195.79
7.95855e+007
60845.7
15087
4.02043e+006
2.0883e+006
9097.21
21662.9
333.028
52371
3752.54
3.84189e+008
1.39815e+007
69305.1
1.09518e+006
1.68975e+008
514376
168399
27094.7
1.17743e+006
13710.8
17273.5
78058.9
2.32006e+006
185966
6.79719e+006
242875
2.48264e+008
21942.7
90499.4
1.99228e+008
8.04396e+009
2.3489e+006
7176.94
245845
370827
2680.19
529789
7807.17
708399
43666.5
3.25473e+007
5273.02
2.25726e+006
714736
13479.3
64287.9
146697
17692.4
8104.92
263511
999929
1.87647e+013
1.22179e+008
2.33769e+008
7633.21
7.41361e+010
3.16028e+006
1.4226e+008
294038
4785.5
1.40816e+007
1.10786e+006
61589.1
555115
1.05878e+009
626.082
4.67152e+008
1.09126e+007
20689.5
3.10468e+010
19350.8
50895.9
149903
814573
3.0289e+007
16910.6
14333
276602
178165
8.49316e+012
1.04287e+006
3.72556e+007
398.224
1.01424e+007
3.4859e+009
8399.77
5.69324e+006
1.36849e+009
4.92566e+010
31196.6
1013.79
8757.93
1.464e+008
1.89178e+009
1.51081e+008
322300
80895.6
201407
603014
2.33347e+009
966604
69574.5
6319.76
2.57701e+006
32372.6
28959.5
14607.7
1.72931e+008
1.08616e+006
125519
265.085
3253.16
1.60332e+008
5.99264e+008
2911.78
222.239
637928
533541
1.1266e+010
203628
9.68151e+008
5061.08
4.57373e+006
16055.4
1.13698e+009
162236
1830.07
3033.66
5.57498e+006
63162.3
1.60169e+008
5.64296e+007
43976.4
2402.69
1.1255e+010
71877.9
2.58617e+007
2397.68
623219
6.15781
17576.8
751556
51930.6
2.70775e+006
23686.3
2230.55
136309
345775
5.69462e+009
84608.4
1470.66
997113
37117.3
1.62767e+007
9.69449e+007
68188.8
7.57522e+007
3.14507e+006
7313.75
41797
68573.6
3451.21
424819
969583
116160
7.63731e+007
9.58878e+006
63583.2
4.17788e+009
1140.56
10051.1
5.14733e+007
6.94575e+006
32886.3
6082.99
1.29984e+006
1.85578e+008
5423.85
202912
1.24819e+011
3.52247e+017
7.50847e+014
237666
34189.3
101376
4.38754e+007
34605
6.67505e+007
5.33907e+012
14110.1
3.19197e+006
3.78044e+007
9.67519e+006
3.56386e+014
7.21643e+009
6.8952e+009
4.51887e+009
2328.79
29240.2
631473
7.18129e+009
8.83418e+007
6.84039e+011
1.43377e+007
15718.1
36182
1.31588e+006
4341.23
3.91207e+007
3172.7
1.20323e+008
2772.31
41600.5
137870
2.10172e+009
200672
427928
54295.8
6.32012e+009
22030.5
938447
3.15958e+006
1.63588e+009
478376
4.40849e+007
5.0351e+006
3575.41
9.41962e+007
1.32213e+006
1.26645e+006
4.07023e+008
267.082
6.68122e+006
85513.6
15077.3
2.45738e+009
2.25762e+009
5616.11
7.77249e+006
233.527
4.36678e+008
1.36039e+006
2.7214e+011
179987
1.03777e+009
516976
2009.14
7967.18
177155
1.12914e+009
16.432
2.16064e+007
93149.7
209551
213450
216323
9805.04
102194
1.08446e+006
21779.9
2.90423e+007
140196
282.677
61.1602
50382.5
3.1818e+011
368633
257936
91960
68227.8
623166
6.46084e+010
56967.5
2.49419e+009
2.81976e+006
1.92163e+006
4.19165e+008
60183.4
2.11156e+006
6.99916e+008
7762.86
315437
1.01681e+012
8669.03
760.996
2.15365e+006
226017
128968
71622.8
257108
565103
5384.86
582.3
9.63764e+012
1470.28
20442.6
3.26672e+008
1.24763e+006
468.741
135624
2.4988e+008
669.119
3.56293e+008
5009.42
6412.76
71491.8
6.44149e+007
2187.34
2.69315e+006
5796.84
823596
317976
4.48659e+006
142532
1.74222e+006
6.59447e+008
4477.9
11006.1
1.53674e+008
165793
1.28491e+009
1.54e+011
1.89049e+007
3.30931e+006
11658.9
847558
3.2388e+009
7973.26
4.77157e+007
5.435e+006
13076.2
1.44724e+006
364077
29156.5
6.92537e+007
5.21563e+007
7713.44
2.56249e+009
150759
839.907
34725.1
1.46191e+013
2.34436e+007
1.04157e+006
111688
10007.8
3.66912e+007
22091.8
1.11493e+006
3.2027e+008
915940
8.66528e+008
2.84174e+008
8789.1
66885.6
86149.3
15687.6
21930.3
1726.2
12293.9
2.90996e+006
101409
4.76278e+007
1.47386e+009
359163
1.73208e+006
1.47049e+008
5113.46
5.72366e+006
215393
302355
74482.6
2434.71
7556.01
91750.7
1.2934e+006
1.22621e+008
3.26231e+009
150762
403341
27396.7
356920
20761.8
869918
7.84089e+007
6.49488e+006
72492.7
511771
1.39545e+006
178323
2.81573e+006
549321
1.08349e+006
2.48814e+007
4.3647e+007
21567.9
210704
4791.52
314800
8365.45
3.41496e+006
9735.34
10741.2
4.50219e+009
999971
65028
3.66165e+010
13661.3
97704.9
1.03278e+009
4847.77
495195
42511.1
2116.33
8333.38
613178
709784
3.29386e+010
3.00117e+006
6122.36
4.12385e+009
162490
3.86869e+008
2.4174e+006
7.72114e+007
1.25595e+006
709278
67771.7
1.74263e+006
13418
44331.9
1.76278e+014
77000.2
123742
7.28751e+009
221873
3.60864e+007
12192.4
294775
29050.9
8.95289e+011
1.40942e+008
1.81096e+008
10306.5
2623.37
391890
12371.6
390357
138.425
45117.5
2.63518e+006
1.6354e+006
73097.4
7863.8
3.94881e+006
308409
1.10904e+009
103161
235930
116988
1.0598e+006
413.061
16117.8
1.07014e+006
292696
2.09161e+007
394888
239434
268812
3.28016e+007
468819
31155.8
390.503
1111.57
84226.9
4870.13
726829
7.20671e+006
2134.61
9.97933e+011
5149.61
788809
1.36152e+007
3341.58
3.30796e+006
185267
1.13411e+009
1805.66
10435.1
11845.2
11423
3.08575e+008
4.57174e+008
581490
2.6768e+007
76328.3
167377
41154.5
58256.1
6.56238e+010
22426.9
1.35018e+008
292241
3.24839e+006
298599
634933
4663.66
2.66669e+006
835.756
2.8933e+006
973.178
90490
167792
8.92809e+006
20650.2
17263.1
4.73041e+006
1.19665e+012
1.15291e+006
2.47687e+008
219637
132871
8922.6
1.03197e+006
270022
523504
505963
887703
2741.58
98324.9
2.77599e+007
121852
1.94878e+006
258.614
316446
24625
793440
1.26268e+008
13562.8
53230.3
5.07085e+012
1.00954e+010
4.15253e+006
2.96052e+007
5468.4
3.35846e+008
3.58573e+007
1.31695e+006
1.38631e+007
58863.2
1.8682e+012
996.079
4.86076e+006
640.984
1730.43
16124.2
11680
2.30351e+006
2087.81
146151
7.52959e+010
47463
8.48578e+007
37331
239977
685657
10963.2
1.71937e+007
893098
40389.2
287968
7.63579e+006
368955
157657
236259
237247
149793
1.9893e+006
1.72745e+007
7217.61
946724
539540
9.16048e+007
1.11216e+006
302712
6109.91
1942.98
323101
28302.6
4229.97
1.60694e+006
1.80675e+007
3.03568e+008
2401.78
154479
216477
6693.85
19236.3
218050
345.254
96113.4
1283.12
466606
74105.2
271181
65248.5
2.79751e+013
133416
258553
5.98574e+008
574.944
3.00192e+006
1.27922e+007
2.79177e+006
41833.7
14163.7
659238
4567.89
41249
1.17259e+006
78867
473.997
1157.74
2600.65
9.08633e+007
4.8353e+006
208281
6.66759e+006
5.33844e+006
5138.09
22680.2
3098.31
2.69671e+006
127835
2425.9
1.56729e+011
2.44322e+006
508599
20.5707
6.27221e+006
56150.8
5.78687e+011
1.95854e+018
1.20174e+008
1.86514e+006
1.58428e+007
-4.16216
272.674
10347
3798.67
66869.7
2.65359e+009
1.17537e+006
136795
249931
6076.98
14262.4
2.26515e+006
1.26127e+009
29660.4
1.19684e+007
1.0052e+012
1.03581e+007
1.34576e+007
9136.7
41279.9
44012.1
3.74066e+006
116942
915391
5.64629e+007
464965
59759.8
7597.85
2.25911e+010
9224.38
3.47539e+006
133393
1334.82
64016.9
159033
17055.9
18904.8
2.17976e+007
2202.48
4311.47
187864
172114
2.51605e+006
1.61239e+014
154362
6217.47
281.347
26125.4
68212.1
2.1727e+007
1.62202e+007
1.25707e+007
3.50708e+007
1.01387e+010
9184.62
1.38743e+006
16936
63639
1.63685e+008
6.00329e+006
271.924
172273
633958
497862
5.99386e+006
36453
5.20267e+008
11274.9
1.49253e+016
2.4854e+008
4.28362e+010
266826
2.28237e+006
5.09523e+013
4831.54
217701
1.26817e+007
646006
1.48625e+006
35087.7
2.22587e+006
1.71583e+006
214219
37644
1.93512e+006
19128.3
3.16518e+007
6.35825e+006
2.93637e+006
6.54943e+013
1.2474e+010
356417
1.09459e+007
1.23075e+007
5.08641e+007
166517
529450
2.6886e+006
6.36602e+010
177384
4526.26
87156.1
103878
1.05248e+010
2.57362e+006
384400
2.96965e+007
14443.1
3.9474e+006
24746.2
39907.9
994309
1520.62
1.06033e+008
131492
56561
3.33651e+006
1.25924e+006
1.47133e+008
138211
18885.6
2.04946e+009
136177
1.22193e+009
1.88244e+006
154592
6312.53
452320
534929
35136.1
1.13635e+006
775.493
2.38868e+009
895569
5825.49
1561.08
1.45851e+015
32059.6
1.39477e+007
3861.89
2.65003e+007
50273.6
122148
10047.8
141534
11008.7
1.88531e+007
147.567
1.54689e+007
1.26448e+006
11202.3
2.37982e+007
1184.95
117136
32110.8
477826
37.9798
2.47728e+006
23469
4096.88
14990.3
2.84743e+010
1099.67
2.437e+006
6248.91
6.95677e+011
25030.3
618.006
16538.9
4.35358e+007
7122.44
39566.6
1.75724e+006
7.21325e+007
938.233
2.52682e+011
3.89448e+008
4340.62
122278
84358
296634
4161.17
3.03351e+006
602839
2.47532e+009
111920
3.12612e+006
4468.57
179.253
1.52333e+007
2.20724e+007
30315.8
1.16309e+007
6.94557e+006
10393.6
4.55545e+007
4.05076e+006
1.36835e+010
292228
82523.6
88737.7
6607.23
5317.24
42945.9
1.54591e+008
8878.69
36161.5
2585.88
42838.3
1.3899e+006
8.12426e+007
10285.9
103247
10136.7
89043.1
1.78816e+009
9.03491e+009
6.86179e+006
2.97467e+006
1.07432e+009
1.70749e+008
9.72139e+006
1.62519e+007
7.85728e+006
6005.15
1.07175e+007
1.66091e+008
86921.8
3.92714e+007
67032.6
2.0216e+009
530970
1.45984e+008
9.98539e+006
3.05933e+008
1.90913e+006
69348.4
27967.2
1.99353e+008
226101
265.98
67622.2
521.791
2.75575e+012
418328
80606.6
521478
7377.61
1.34894e+010
4.36599e+006
1.44784e+008
78113
6.78715e+010
66.6487
94096.5
32080.1
8.00896e+009
1.50561e+007
7.94633e+009
1.25099e+006
4.52511e+007
124881
10153.1
4.01536e+012
102134
1.55708e+007
1003.05
13387.8
41261.5
11187.8
2.24054e+006
1252.82
29682.9
3.59202e+007
897.407
1.87026e+006
1.94129e+007
2.09083e+006
11750.7
2.30486e+009
59866.4
35019.6
5.22069e+011
1.18725e+007
20334
2.10013e+007
6.29929e+006
5.78224e+006
112946
224545
113905
1.09245e+006
604666
704.097
1.31816e+006
7496.64
202757
141181
5080.24
1.05174e+006
3.24618e+006
10895
4.6523e+011
118890
2.081e+010
34182.6
61985
318.162
1.83298e+007
5.57338e+007
3.71947e+009
3.5247e+006
22843.5
5780.43
2049.76
1834.32
1.37925e+006
5059.05
1.31779e+009
2.38257e+008
1.79154e+008
2.46729e+006
202705
3.69379e+006
1306.82
2.67161e+009
1.01448e+014
1.65338e+006
242532
12334.6
7.86078e+009
42.2501
4.16681e+007
62906
1.04984e+006
830.013
1.98081e+007
2.43733e+006
2155.83
1.77597e+006
6.26554e+006
11752.2
13558.2
322100
392030
1.11818e+008
2.34258e+007
1.38647e+009
352381
2.96425e+013
14817.9
223324
2.6669e+009
167870
5336.74
528.937
5.93785e+011
6.33298e+006
1260.48
3616.7
360186
8.14003e+008
3.17111e+006
217.43
8.95416e+006
7.47361e+006
3.74118e+007
3.03613e+011
171123
180202
95361.6
4.50131e+010
19513.2
1.54573e+007
832319
39211.2
239205
319335
2.34566e+006
2435.9
1.29505e+006
286454
6470.78
303993
10223.4
3.94037e+008
52856.7
958.235
637159
847214
3.65979e+016
3144.27
1863.78
1.3839e+006
142908
423060
4.10891e+006
296421
205639
664.514
2.68647e+007
1537.57
5.25896e+010
1076.19
1.23923e+008
615422
1.47339e+009
343876
86065.4
3.84132e+007
6.99983e+007
5033.95
1.61933e+006
230624
590.025
21883.9
6.89451e+007
1.39783e+008
6.87974e+008
884672
1.42249e+008
757410
18939
4.73887e+006
1.86394e+006
21679.2
721.801
616272
2.25768e+006
5.58307e+007
37666.6
3.14168e+008
169598
1.78468e+008
2.7936e+006
6742.73
248817
12808.4
191680
1.00233e+007
119974
3.28188e+007
1.18296e+007
3.90886e+009
805988
17588.5
7.02886e+006
387816
1.79221e+006
1892.54
7.60877e+008
21795.9
733782
191.938
42359.4
9.58692e+009
4.8286e+006
535116
1.06868e+006
2.87439e+008
9.04861e+007
2372.47
260195
1.32004e+012
17359
777.188
193040
24249.6
862.179
304830
42228.6
5.41798e+007
12033.1
2.06908e+010
6.65293e+006
257279
266228
3.38579e+009
48927.2
21191.6
1.17632e+006
148953
3.86084e+007
28816.5
2.13075e+007
46167.7
2.47769e+008
204.019
32254.5
1.88245e+009
11369.2
8143.72
1.86619e+008
91899.8
27816.4
24921.8
1.07618e+009
576138
2.90895e+007
79955.2
818322
168261
2.54146e+012
4.53477e+008
7.98763e+006
394560
1.29186e+008
1.50375e+006
3.03159e+008
3.23315e+007
12317.3
3067.07
8.22391e+006
509.953
18037.5
204093
574039
1.09103e+007
741085
884722
119184
296628
240139
6250.06
2495.67
20823.4
1.25962e+007
14431.8
2.74287e+009
5.8864e+007
2.30511e+009
1.50205e+006
2056.95
1.08626e+008
2.34318e+007
6.40547e+006
5.10357e+006
2.73847e+007
9.12919e+008
19992.5
4783.34
1.57663e+007
2874.77
4.7184e+006
1.07995e+010
10047.8
138230
133344
73827.8
177368
1.83077e+011
604446
26641.3
14006.6
1.12037e+007
1.02806e+009
301733
6.03098e+006
122220
9.74662e+006
562660
4.06224e+008
2.7713e+007
42530.5
125416
18948.7
2.99754e+006
1884.89
2101.63
2.75032e+007
7.87693e+007
486.145
6.42633e+008
974.397
3.10303e+006
7180.11
1768.35
147150
89553.1
239817
3.20775e+008
37735.9
1.14525e+013
416.989
874411
4.31432e+006
73421
6.5669e+006
3.21419e+007
435121
4.69967e+010
6.73274e+006
8.66386e+009
138103
139113
1558.88
45703.4
6.31483e+006
58570.4
156832
21077.4
1.35649e+006
3.31792e+007
360.512
5.83446e+008
7.46325e+006
4.22091e+006
2.40862e+006
663272
822927
3.34863e+006
2.20981e+006
1.04763e+006
302658
4364.78
1.08078e+009
284038
5.52161e+007
1.35342e+006
53680.9
1.85113e+011
1.18109e+008
1.86799e+006
4.16606e+006
635755
2.88287e+006
254824
32535.5
82041.1
825.856
5171.88
34133.3
3592.65
3.74195e+012
12018.6
7.65671e+006
2.24994e+007
1612.56
101119
161195
18084.7
28150.3
129747
11419
120398
1.52582e+006
9.25701e+007
79461.9
14884.7
667934
1690.1
259358
534931
682.141
8.37623e+006
4191.38
1.74413e+010
303336
561311
3.00555e+008
1.08671e+006
4620.34
597524
2.41613e+007
159810
4943.12
1.30444e+007
31776.1
2.45477e+007
2.05689e+006
1.34614e+014
915144
46633
5603.86
4.3777e+009
963026
647.183
3728.69
1027.56
6.43172e+014
2632.89
67625.5
51774
126617
819437
811.592
4.01742e+010
17035.1
325913
8000.84
9.11177e+008
1.03816e+008
10622.8
657029
399019
1.61808e+008
4.30977e+006
1371.8
6727.14
753261
29256
3355.6
6681.26
8.78607e+006
5.58939e+006
10195.3
1237.4
96939.8
5359
5.22975e+009
5553.19
6.67383e+010
194325
4.99919e+007
2.71519e+006
313817
75805.3
1765.81
38279.6
568765
2.09447e+008
323886
1.77e+007
2.49027e+012
27661.1
1.66367e+006
12017.3
1.7571e+007
18651.2
2.95211e+010
868161
19716.1
1.14103e+006
3.18126e+009
63.6851
14611.7
2137.19
2218.91
4.98049e+006
7.33699e+008
2.85336e+006
158863
813958
15153
148698
3.3132e+006
569415
1.12348e+007
7.45155e+007
8.82388e+006
2.93123e+007
4.09722e+006
1.07707e+007
1.68334e+008
11129.7
254107
358.708
643461
141570
9.90153e+006
22530.3
64040.3
419895
415401
1.3511e+009
4741.9
1.8865e+006
9378.05
5.10118e+006
28545.7
1.56295e+012
348932
48335.5
72533
455.128
4.23435e+006
9664.75
102631
12133.7
7940
7.10431e+009
97588.8
798138
4846.31
3.76872e+008
9.03863e+010
320003
1.10058e+006
27518.6
3.1664e+006
1394.52
27400.8
1.56831e+006
2719.27
20546
1.23569e+006
13227.9
129397
297230
421.581
572496
14026.6
7.2784e+007
7395.37
10064.5
14647.8
4.19056e+007
6.32309e+006
329781
19304.4
3.47592e+007
22154.6
51269.3
1.13555e+007
243634
10742.5
2.87426e+006
1429.15
5.48803e+006
319.387
5.76723e+006
49809.6
24198.2
3.75707e+007
35363.5
1.15187e+006
703094
307964
42391.5
26003.9
20286.2
50321.7
130119
150528
974.792
124677
112612
4660.06
2.63924e+006
10575.6
57789.5
4.87643e+006
11320.9
2.88051e+009
144493
11121
12107.1
5342.79
3.55878e+006
15963
1.15843e+008
1.83414e+008
4.52061e+010
11531
9.17169e+006
2.01444e+008
439387
16352.5
14189.9
278.668
84093.5
2.29018e+009
9.9574e+006
5075.34
1.6562e+009
1.42079e+006
1.54686e+006
4050.1
6.9121e+008
1.98825e+006
94255.2
-9.34223
17554.1
22336.2
3081.25
3.39204e+013
2.05425e+007
472787
820532
6706.28
2.80669e+007
1760.96
3622.29
186.779
2.95393e+008
147852
305489
248601
898.023
1.80945e+007
782014
33547.6
1.0183e+007
6221.98
71208
253647
1.19742e+006
8735.95
3767.31
4.68158e+010
2300.1
38177.9
2.06057e+007
193141
1.87607e+011
1.54159e+007
4.08409e+007
2743.05
418715
3.98736e+006
7.51327e+006
66312.9
1.02113e+007
1.11586e+006
42813.1
575770
2722.82
601492
2.30226e+007
7.69287
25086
849183
8.31293e+006
37913.8
14034.1
213964
30523.4
2.0042e+006
29402.4
122000
3.084e+006
138360
53669.8
90256.8
101708
1.71908e+011
1.56317e+012
3.246e+006
1.96147e+006
1.78206e+006
460143
64656
1.03265e+008
1417.31
43506.8
14414.8
6.50085e+007
1529.56
47104.5
2888.68
2306.02
1.29996e+008
9.02257e+006
1.34506e+009
645757
65341.8
1.18238e+006
9.19306e+007
29975.2
222286
468018
154660
525.512
5490.62
109806
6.93518e+007
2.45569e+006
776535
1217.3
2.82998e+006
9.5837e+007
161851
8.19697e+006
6969.16
27892.2
4.94383e+007
4.24222e+006
9.57998e+006
35954.5
2.53707e+007
2569.92
30002.7
1340.49
2.16247e+016
7922.44
1.49473e+007
1158.25
3.15425e+007
36245.3
383.173
7.39164e+006
865.32
9.17268e+007
33649.9
7.78744e+006
9724.86
679539
1.84544e+007
3.035e+006
20532.5
147522
2.54216e+006
3104.01
23464
29089.3
146.122
5.9206e+011
2.26004e+008
5.14827e+007
247484
1.2122e+009
1.42435e+011
1.02464e+006
2.04451e+006
1.35255e+011
2.90483e+009
1.33993e+006
34743.3
1.62255e+011
7.00484e+007
313539
2.12132e+008
3.63432e+006
1.04611e+008
247176
17977.4
90397.3
8420.8
940.835
2111.59
30212.4
5.62863e+006
224670
1.35294e+006
5907.24
661.139
61408.7
896191
5490.74
24986.4
1.73218e+006
866014
1.38368e+008
1.09438e+006
71868.2
9.4809e+006
1568.6
120.975
271476
416.813
5.57166e+006
23388.5
3.68146e+006
330976
186933
10317.4
395725
638.559
69116.1
11844.6
2.15972e+007
71057.2
1.11631e+007
3.3516e+007
60120.8
36640.8
4810.2
78728
7.73109e+006
1.51351e+006
207592
5.94174e+009
8.74324e+006
896811
171345
22092.2
5.03893e+006
168183
435098
74412.3
146461
276966
64024.3
3.46686e+008
5044.4
8497.64
124010
1.16427e+013
51.3668
8.08272e+007
16982
4780.11
606808
886809
276760
9.74305e+006
8.8341e+006
1.50331e+006
3172.96
1.00734e+007
380793
89982.2
324633
3.95076e+008
7.72065e+006
589.645
4.22e+007
18008.2
1.39152e+006
606476
7155.4
4.03809e+007
250118
2.92802e+006
53993.6
1.35655e+009
4.27376e+007
2.4185e+006
1154.6
120124
440902
179.447
193384
6839.21
1.41878e+006
405654
558635
2.91262e+011
6553.35
635.921
5303.8
1.48866e+006
2.04561e+007
1.3244e+007
3.15432e+007
28211.4
14833.7
4.93147e+008
62528.9
151138
4579.23
2108.02
47560.8
17148.6
1.29203e+007
24830.2
9.38344e+006
844400
5985.53
502875
2797.67
109398
98977
27436.4
566381
573373
393293
1369.09
597473
5.24325e+012
2.97185e+006
400666
5572.48
109872
485200
122488
92178.1
1.38725e+006
2.36368e+007
118170
2.21615e+007
1.95321e+006
14294.4
28362.7
4383.91
25336
147270
3.83701e+007
127860
1.29405e+008
1.22979e+007
400498
121849
85323.5
7.89711e+009
1.02766e+008
5.51343
5009.69
2.43289e+008
7.00272e+008
5065.53
3.67711e+007
3619.16
8563.47
1.80856e+006
8652.75
2061.24
3.61815e+006
141.517
8.29814e+009
354562
2.01134e+008
1.31538e+015
344865
158865
979.692
79154.4
1.36016e+006
2.805e+006
1.98143e+006
18244.8
839.91
1088.36
314688
9.57946e+011
132091
539200
78124.6
144912
4.82293e+008
72.9673
2.30268e+009
45495.4
2.90124e+007
3.47919e+007
465684
3.45536e+006
12261.9
1090.82
15890.2
114707
68569
7145.68
209401
1.40621e+007
1.04041e+007
2192.99
7.26601e+007
559749
3.24554e+008
3818.21
6411.54
11500.1
28043.9
3013.23
4389.32
6.57632e+006
1.67114e+007
17695
4.92013e+010
350041
2.37795e+006
17814.7
3.02651e+014
2.19297e+007
82767.2
1.72583e+009
7.71527e+009
262.109
8225.84
543.448
5172.56
20848.5
5159.35
7.20387e+008
1.32592e+007
1.22806e+006
1.1197e+008
557.52
3.97276e+006
9895.56
2.93465e+006
1.12926e+006
1.55489e+007
1.71802e+006
2.39937e+006
4.55784e+007
810346
5.35618e+007
16142.6
3.8096e+008
645567
2.84161e+006
425400
138028
17200.1
1.17862e+006
381745
143.586
1259.56
126181
177232
194307
4.34629e+008
6340.75
1.18678e+006
1.07633e+009
7.20994e+009
3809.68
887174
5.00123e+006
8788.1
1.41279e+007
148.843
4550.96
2.6241e+006
10796
150.561
4.28376e+006
1.30803e+007
893.811
2.39169e+006
3.63658e+008
254641
8.55962e+006
1.68015e+006
4.17072e+009
1.73298e+008
2.2777e+007
2.54533e+009
1.03376e+006
88029.1
2714.34
5730.7
163264
1.38377e+008
9.75653e+007
1181.77
3.48122e+006
376036
1.09733e+007
11596
6688.79
2.48971e+011
1235.64
66834.9
54542.3
2.51505e+008
6.52351e+008
4.51779e+008
2.7677e+010
132956
1.68513e+007
7314.03
1421.72
411764
97711.4
1387.02
1.75085e+009
1.43518e+007
3.30677e+007
717175
5.72497e+007
6.0678e+008
4.35251e+009
155261
802658
6127.33
1253.51
72.7017
2070.5
2.52653e+006
952.767
9889.38
100208
49044.7
14733
3.55097e+007
498.197
2.83666e+006
24919.8
1.97245e+006
1.19465e+007
1.22063e+006
3.53218e+009
299068
8.0523e+006
766434
2.12154e+006
3491.14
45239.8
1.35491e+006
50534.1
8.28804e+006
187864
134235
19468.1
3.90132e+008
76809
9.97617e+007
401893
951377
294005
50288.5
181645
52816.7
3.75154e+006
32192.8
40.7418
9019.03
1.94427e+008
787.287
314193
5.73936e+007
2447.69
9.74056e+006
35580.4
77965.1
567.84
4.51666e+007
5246.22
537510
200158
1.57667e+009
739241
308102
8423.32
1009.11
2.96034e+009
6.25397e+009
6.42416e+006
3.46882e+007
40871.5
2373.66
2.43149e+007
3.28538e+006
30644.2
889448
1.88364e+009
2102.15
52288.1
341951
2.49348e+007
499930
3.97402e+006
1.22724e+008
6.68259e+009
9675.85
2492.15
334449
355.513
3076.23
35.9827
1.6128e+007
960.911
384389
34440.4
29284.2
22923.9
208540
1.69718e+006
1.21981e+007
5.85042e+007
107909
3.16162e+007
11074.5
5152.38
2.40305e+007
54.7508
70454.1
1.16157e+006
6341.63
348140
7.77162e+007
9340.94
3.84841e+006
24695.6
8306.4
5.51873e+011
126745
2.76241e+008
7.74841e+008
322803
179708
59408.4
206396
2075.66
15455.7
2838.28
6.4737e+008
3.76471e+008
86708.3
1220.21
5049.16
3.23477e+006
8.53356e+007
4648.51
1.23223e+008
37967.9
1.41669e+007
7.52101e+006
1.08309e+010
5958.59
539495
3.88843e+011
29261.5
7.61044e+008
1.58235e+008
350892
2.3937e+008
254386
173102
114138
134520
1.7406e+009
253303
315.784
1.85728e+007
5.09318e+007
951.065
21346.3
77257.5
3.03261e+011
1434.2
4.64647e+006
1.97565e+006
6727.59
18775.8
2471.29
40406.1
603990
537397
3.54372e+006
11634.1
4.63619e+007
333.926
28946.2
126014
1.26848e+006
6.36819e+010
9492.91
2316.33
772.235
2.39905e+010
3988.03
5.56232e+007
284208
44483.4
5.19972e+008
589652
70740.9
7.99325e+006
86209.3
39849.7
97394.1
1902.94
3.67846e+007
1.25212e+010
9.00572e+007
581.438
2.28688e+007
3955.6
3.29283e+006
463074
4.88601e+006
354317
6.47631e+007
9.29264e+007
731.003
16722.8
3009.81
1812.1
5561.59
129947
17379.4
1.85983e+006
11445
369468
1.72734e+008
1.31702e+010
42361.2
2.48528e+006
215228
3.49728e+014
2.60006e+007
1.70057e+006
1.77139e+006
61660
3.98685e+007
1.04214e+007
53108.5
920597
1.96797e+009
552182
468.611
174959
420933
4.15141e+006
3274.16
11028
4.14325e+007
3.56093e+006
33669
4597.56
74613.3
2.11348e+007
24648.7
88291.4
1.60138e+007
95577.6
461032
4.219e+006
9.74474e+009
42786.6
156469
61195.3
1.68829e+008
40761.4
1.40389e+006
536861
151045
3.53297e+008
28018.7
2.30952e+006
1.89483e+011
11797.9
3598.13
2.78058e+006
792.678
55488.3
2.23227e+012
650244
504.089
3.03888e+012
129761
1402.16
8.77975e+010
4.73182e+006
1.70631e+006
52260.5
2.63081e+009
8.08866e+007
9.89864e+006
5.43527e+007
16271.7
2515.63
76522.1
95525.3
2839.23
1237.13
1.23225e+009
3221.73
2126.84
29948.7
258.32
2.218e+006
358135
4279.13
3.10446e+006
92751.8
1199.15
223960
62366
2.53836e+006
2.13196e+007
7.55758e+007
816.21
1.92373e+006
4.88437e+006
61345.8
18142.7
1.0393e+008
666873
9864.14
6669.38
1.90086e+006
158045
301821
2.18069e+008
34970.8
11273.8
331407
3030.56
7.85244e+010
966.575
1.74892e+006
1.55152e+007
636.35
2.63029e+008
2032.29
87117.8
1172.6
20710.9
378.45
3717.92
2413.02
28011
23969.5
420476
3739.69
2.88958e+008
1.56801e+007
56537.5
994.19
31382.8
187306
427141
613747
9744.97
2697.46
5.35478e+007
110510
6.48615e+007
38273.6
77278.1
4717.5
53354.7
69289.3
1.08516e+009
2497.56
8223.84
55547.9
198094
5534.17
33220.6
20143.3
11254.4
1.00148e+007
1.20293e+006
642.59
694888
5.14491e+006
7.639e+006
4.09428e+010
1.03904e+006
11082.9
949954
1.96189e+007
7.63715e+008
4.73271e+007
15.6375
49240.3
1.23336e+006
6169.17
119890
5050.7
1.53114e+007
4078.37
756144
5293.22
3.23904e+010
2.60672e+007
1481.03
4.89543e+008
6758.53
1.09385e+007
5484.57
823.936
5.14453e+013
33055.9
1.45831e+010
11179.1
6.31713e+013
38079.3
164490
17890.1
2.27093e+010
2756.79
2.51278e+006
5939.39
51626.9
246266
1.25828e+008
3.15426e+006
390.906
49902
1.18464e+006
3.49875e+006
886800
1.88991e+007
7.27806e+006
2.28593e+010
3.64614e+007
56.1631
7.32916e+006
1.55875e+006
8108.63
106856
257006
2.397e+008
20.6466
39361.7
2.44028e+006
1.84181e+010
51226.9
1.73154e+010
1.79745e+007
23155.1
8.52072e+006
7.86324e+006
417633
10572.1
4.24649e+006
317626
313460
15157.5
1.99279e+007
1.09053e+012
3.48167e+006
353768
4.00068e+011
4.23222e+006
7866.13
2854.81
7.11788e+007
33195.6
20629.3
1.49926e+006
20839
481337
47418.3
6.35999e+010
11487.4
1.09542e+006
2213.16
641.424
2.21035e+006
22365.4
27412.8
2.10637e+009
1.50287e+007
555639
6.84399e+007
1.02829e+008
4174.91
1.75204e+006
7.98236e+007
1.73876e+006
740.271
34264.1
2.58846e+011
6623.42
6433.74
6831.95
428604
4577.01
211.589
7129.45
1.57964e+009
71680
5.78349e+006
194500
33369.8
13917.3
1.29791e+009
258707
17301
1.03763e+006
145.909
6.8163e+006
27424
8272.68
36266.8
252506
74244.6
1.56547e+008
498534
54693.2
12709.2
1.16697e+006
4.81187e+006
1.45321e+006
213626
758.895
20897.2
2.05787e+007
5.5531e+009
1.29268e+006
1.70427e+006
220.411
2.33877e+006
12253.5
7.88285e+008
8.08218e+007
639.264
2745.5
648587
9.44032e+013
2.70596e+006
7.39485e+010
435.21
22508.1
288.769
5799.92
5.12625e+008
4.34414e+006
30946.2
540.37
2.63154e+008
3081.82
1.28939e+007
61697
2621.79
64296
861303
2247.86
4.08948e+006
2712.69
2.60492e+007
6.11199e+007
3.1503e+006
352456
4.79528e+006
38171.8
31766.1
498702
2.70099e+008
3.44855e+009
236056
630742
556792
27803.5
1.21553e+008
3.4477e+007
709.457
1890.52
4.73786e+006
128731
84399.5
459346
28143.7
2.74247e+006
2.46426e+008
1.15279e+010
115793
2669.15
79142.6
159190
477239
1.91467e+007
28371.8
3.43263e+006
1.70315e+006
208.101
2.2483e+012
4583.24
6.20037e+007
1089.43
886127
58347.5
10539.7
56185.4
4243.2
786629
6.9321e+006
42903.3
4.61497e+009
2.26426e+010
20875.4
4.3058e+006
546582
4787.88
211522
1.16579e+008
228790
28283.6
200564
26718.5
519.717
9.72027e+008
448931
4.64314e+006
2.31474e+008
15279
1.33969e+011
41489.5
2.18042e+007
111985
2.97222e+007
3.03521e+006
1.27227e+007
219718
1309.12
83336.6
145.307
44936.2
571.657
77420.2
392301
223575
1026.25
3466.02
2.20942e+007
11181.5
5.3461e+007
30642.7
4.8149e+006
7382.26
300161
91514.5
41277.4
2313.21
3.30729e+006
408744
132084
41078.6
1.27516e+006
710.82
81040.5
68160.2
12620.9
26598.8
928.505
5.79027e+010
11061.7
47363.7
2.56702e+006
1.35503e+010
52308.2
2.23647e+007
132.327
94286.6
6.84186e+007
51607.8
496488
1577.16
1.06211e+007
32189
2.62884e+006
239794
34905.1
296094
848.096
8.17598e+014
107938
148.844
155588
8591.33
5.12438e+006
34558.6
64234.1
4.53605e+006
1.13851e+009
750132
74739.2
2.19657e+010
4.33064e+007
6.2589e+007
396673
5.58605e+006
504043
1.92129e+006
188001
227535
8.04217e+006
1229.09
17758.7
8.28372e+010
248301
8.58543e+012
1.96478e+007
130848
4097.52
4297.09
1.22723e+010
845622
63271
42291.8
1505.28
593.876
1.93425e+007
15806.4
95937.4
1.2333e+007
25999.3
22508
1866.65
1.67233e+007
308488
311681
1.7588e+008
100001
3.53534e+006
10736
191831
420616
17155.8
3.77307e+006
11862.7
10258.3
2.36306e+009
4.6485e+006
388.163
572894
1.57957e+008
185018
19790.6
17.9823
1.35686e+007
905725
218246
5.60324e+007
32743.2
3.55032e+006
19702.3
754.987
4.71451e+006
649252
2645.57
2.65617e+010
2322.09
455531
2.68459e+009
1984.37
2.77928e+009
8.25997e+007
1.46305e+013
5.55898e+006
199402
288034
8.01849e+006
2.62376e+007
3.74242e+008
1.84289e+011
2.98631e+008
2.10515e+006
16280.7
111519
280774
2.2819e+006
3.90714e+007
6.50683e+007
1.50501e+006
3701.18
440526
20246.7
1.87461e+006
455405
534634
150021
763961
1.16473e+010
1.48271e+006
5.04314e+007
29017.5
3095.17
5594.66
1.3152e+008
121145
4.67879e+006
1.55422e+006
5.02965e+007
2.91217e+007
2.21632e+006
3811.56
1.98556e+006
3.32696e+008
1.20189e+006
730698
3.22476e+009
66.7707
8.45361e+006
794508
6478.08
3.94746e+008
29.4741
1892.63
427221
3.94697e+006
1.23398e+006
1.09129e+006
799778
13090.7
2.60752e+007
5834.87
2.37857e+007
2.98201e+014
301196
9689.06
1446.36
4.90447e+007
1.02768e+007
61329.1
4.42231e+008
219894
1182.88
3.12383e+006
172862
2.46334e+008
26224.8
1.13661e+008
37159
4.59103e+008
9.51004e+006
1.13029e+006
6.48548e+010
2.06379e+006
1.36472e+007
350.99
938903
1.31765e+006
1.69748e+007
1.17984e+011
5161.73
4235.22
924537
2.86958e+006
337811
7499.98
69147.9
1.07778e+006
960.753
2.46722e+006
63282.8
3.23097e+006
168589
1.64843e+006
57499.2
6.6381e+009
1.70092e+008
3.84506e+011
2.0046e+008
332562
1.30638e+009
9.24323e+006
350.393
2.41478e+006
5986.13
108546
1.13541e+006
1856.32
1.8967e+007
12709.9
4006.01
154827
26566.7
331978
583929
1.06701e+009
210721
6.25545e+007
4459.12
2.51934e+010
2000.43
5688.74
174814
132589
1.80971e+006
3.79085e+007
548569
1.89365e+007
3.74426e+006
31613.1
293720
212.633
639541
107625
1.35915e+006
20611.2
321033
17175.9
2.16134e+006
2.18142e+006
34763.7
83431.4
193788
803063
1.13352e+008
1426.07
10209.6
29135
11289.9
67885.9
2.95921e+006
384922
9752.3
153708
1.18326e+006
2.307e+007
2.74846e+016
3.10539e+007
1.2517e+009
6.87467e+007
48305.3
8.35869e+006
101764
3240.44
336486
3869.66
7664.23
204615
2.74542e+006
532120
350469
298086
3534.56
9568.74
7.68102e+012
100.333
460607
344489
61.8344
15770.4
8.29004e+007
46554.1
21312.6
2.42406e+012
716573
4.53111e+009
477517
15928.3
790.613
23912
1.09318e+010
17331.9
341769
1.07552e+008
908234
562670
5.19014e+010
4582.5
2.14567e+007
76520.7
17027.1
214360
24.711
2.56505e+006
1.39206e+007
1322.38
4.70607e+006
54796.4
86.6307
421923
2.3307e+007
15106.5
136.617
336327
497281
5.32313e+013
654.072
2.73294e+006
1.79914e+014
1.51887e+013
733811
136471
16177
297.444
12690.5
2.43621e+007
7.9036e+007
113570
8.60689e+007
3136.98
544745
3305.23
3636.56
320913
3.65737e+006
3.30675e+008
169857
20156
614688
11171
1.20454e+007
12535.3
60.6672
367663
134187
33413.9
1.56352e+008
93544
4.82155e+008
1.05547e+006
7666.73
2.68316e+013
179.219
3619.14
508.25
208.805
1.11631e+007
2496.88
834010
5.68305e+007
1300.45
35249.7
730.923
1.67095e+010
1477.5
19374.1
7246.08
11794.4
565725
-5.82589
65690.3
3.62704e+010
22467.9
84492.9
365.652
1.46267e+010
41246.3
1037.13
873891
103446
38328.3
8.34554e+006
8.68683e+009
6.52197e+008
1.2034e+006
39318.6
53574.8
1.08532e+006
5690.98
656713
4572.86
2.11785e+008
5.27042e+006
1.15692e+007
8.25288e+012
63302.1
8839.06
3.70006e+006
16241.8
130503
32996.4
338519
253484
2.16703e+008
51769.8
133244
537381
3237.48
22520.3
5.59936e+006
162971
72840.7
372501
4.51247e+011
1.77547e+006
461886
6.93905e+006
679881
1195.26
233094
9.45456e+008
87899.3
9.33063e+007
6.45223e+006
139388
3.68735e+006
28576.2
50434
217803
23335.7
109814
24466.1
14392.2
98896.9
1.79103e+006
1914.12
85588.6
622078
6.17333e+007
6.91794e+006
305358
9.46405e+006
1.21006e+011
9713.51
20273.2
3.29779e+006
64271.1
505888
3.08336e+008
2.49185e+008
2.57528e+007
396.387
3.20698e+006
3420.2
2.16788e+006
667782
4.60593e+011
540374
48312.8
45253.9
4232.15
3.72816e+007
778882
9075.86
91966
234670
70758.1
5.17356e+006
463614
159603
234150
2.19816e+007
99786.3
29573.9
63621
4775.89
1.48466e+007
4.06211e+010
9.72981e+006
9.14375e+006
215285
1335.79
283213
433533
27607.5
38642.3
86799.4
66367.3
4.8161e+008
2.29451e+008
1583.43
112318
20265.5
11241.6
8532.08
199635
7.62543e+006
110228
3.33235e+009
9.74469e+006
5.00244
5.48396e+006
214078
821297
1575.86
6.95746e+007
123.192
49976.3
769586
289131
5.69468e+006
1.40852e+006
18342.2
161691
1.42177e+007
47152.9
6.1619e+007
1.51171e+009
4.74767e+006
2687.38
4.26632e+012
307264
721653
2.74553e+010
1.27622e+009
9474.64
1.13841e+006
720524
5.07758e+006
280456
142627
1.69565e+007
5.5975e+007
2.42616e+006
20149.7
19938.5
3.88681e+008
4.05788e+009
3.24923e+012
7.62879e+006
1.28183e+007
3.89425e+006
159685
845822
2.37402e+012
591745
2.63177e+008
3.5855e+007
202670
9916.52
3.03592e+010
455438
1234.53
67003.5
993521
3.57399e+009
80382.8
509761
2.49878e+009
16986
1.44207e+009
136.8
19477
7071.79
114.409
5.05567e+007
1.03245e+008
5.87636e+007
2.41371e+006
1.01698e+006
10690.9
133782
6761.13
88191.6
1.88606e+007
112565
20005.8
4.19666e+013
2.66445e+006
16098.6
98904.7
3293.22
7.20066e+012
3221.41
2.55821e+007
28561.7
6.85206e+006
1.45159e+009
4.24248e+008
2.01249e+008
65357.9
2.76958e+006
1.90276e+006
1.37273e+012
167743
31685.6
807555
9.89598e+008
35188.3
3.84539e+009
4.10674e+006
4793.92
207627
42.1621
2836.04
111489
778.218
7.51334e+008
1.15561e+006
1.41464e+012
29765.3
267074
718838
5656.69
8029.72
48672.8
1.75046e+006
6754.15
20871.5
3.54872e+006
11579.6
1.02141e+006
524145
679.623
622.16
5.55987e+008
1.83976e+007
7.80678e+007
22299.9
1.32785e+007
3.69401e+006
18857.8
60799.2
131721
578.14
859474
150281
7.25263e+007
1.75696e+007
8.8247e+007
350419
418851
1.6147e+009
3.0382e+009
1.83977e+013
152210
10012.3
41551.9
2.30941e+006
246.512
2.18985e+006
9989.6
1.09997e+007
4.34537e+006
143736
805.079
2.2607e+006
612879
51709.9
77615.7
24316.7
835339
5.521e+007
39419.3
5.11104e+006
1.75811e+006
1349.28
108200
4.00985e+010
2.87066e+009
608973
141422
636798
100511
2.15045e+006
1.99601e+006
117367
1.48916e+006
1.76179e+007
85803.8
2128.93
3.59385e+007
20887.5
3.34172e+007
64689.4
75085.1
1.55466e+006
307485
2.44676e+006
222221
3.05253e+010
800.142
47612.2
2.28954e+007
1.12234e+006
7449.67
2.11361e+007
4.6017e+007
1.87237e+010
190618
67757.3
7.35196e+007
174200
252741
1.85621e+006
3.42485e+007
3.25505e+006
9.85029e+008
2.86476e+007
405348
1135.66
1.32323e+007
2314.72
1.18763e+006
938422
6.16468e+009
8167.58
22786.2
368418
670884
9207.91
159950
65550.8
80641.9
35315.6
148337
85974.4
299172
2.10588e+007
9.05773e+007
10813.3
1529.21
4.21342
4948.92
2.16722e+007
481030
14863.8
5.79282e+006
392.297
1.76349e+011
31352.6
9.93726e+008
4.23696e+013
101993
19083.6
66512.1
318010
462719
130229
524701
3.92327e+010
1.26558e+007
256690
46405.1
116930
2500.36
1.97023e+006
33681.6
50562.7
122237
7.44825e+007
166690
18500.4
5.05908e+006
1.03117e+006
14392.3
3.60695e+009
6.58683e+008
493819
3640.14
489923
3.51591e+007
321940
1.46649e+006
582.508
710893
2402.92
1.48937e+010
8.24933e+006
6019.54
195607
321519
583.719
4.75341e+006
1.4303e+009
13865.3
72547.7
1.67563e+006
3.59167e+006
1.02024e+007
72781.8
2.27893e+007
2.88142e+006
3007.32
2.55951e+006
143984
1278.79
1.39528e+006
198902
47293
1.21306e+007
8.31296e+010
36473.9
1.35152e+007
3.62395e+007
4170.61
2.49793e+008
6751.38
2.23231e+008
107339
59.759
31249.6
2.80639e+007
10210.9
2521.47
67371.9
2.15307e+008
1.12103e+008
697862
29842.2
2.11562e+006
8864.94
17389.1
452550
770221
5.3258e+006
12982.2
443978
4.74235e+007
537442
70169.2
133976
1.92892e+009
85378.8
52102.1
2.25009e+007
1243.03
2.28949e+006
7.73506e+006
1.88673e+007
5472.57
1.53784e+006
6.26235e+009
971445
5.92046e+010
151977
1713.9
225936
297410
21829.4
9.75541e+009
3.28482e+006
9.02121e+006
5142.22
4.26565e+008
2.44222e+007
1.00933e+006
599781
5582.29
773.433
1.71421e+006
56690
92794.7
168004
153655
2.60446e+008
2.39565e+007
588076
8743.5
339017
1.12503e+006
588921
366541
3.33897e+006
72620.1
15583
15699.7
1.05395e+009
63299.2
43899.2
3.62311e+007
9.48762e+007
2.82001e+010
16181.2
269553
65557.5
2187.06
1.74579e+006
3.04643e+007
119637
1.10198e+008
4.53342e+011
2.18104e+007
23662.4
5.84543e+008
9852.9
8234.48
97782.1
245124
2.53505e+012
5.15324e+010
4.93164e+008
919826
2.02916e+009
3.09802e+007
36867.9
9.87732e+010
11484.2
133452
14829.1
2.33822e+006
9.78386e+008
166929
102066
1.192e+007
96104.6
39632.4
1.55092e+009
3.34067e+006
1.10773e+007
5901.58
1967.52
3212.29
1.67314e+007
-6.69278
2.45755e+008
2.00251e+007
8127.35
265631
21410.6
34563.7
19893.1
105191
1.27381e+006
6.86201e+008
715272
1.04656e+008
210775
572972
4278.59
9.49885e+006
9700.12
1.17649e+010
290637
8.9387e+007
53835.1
1.71682e+008
1.68347e+006
3.87291e+007
1700.04
2.41e+006
2566.69
76028.6
1.05133e+010
36707.3
333219
4.28617e+007
724250
4.50844e+006
148023
152295
1.84637e+006
40021
7.23213e+006
129977
200157
939760
11485.4
13101.6
1.81322e+008
1.95615e+009
9626.52
33205.9
68684
29598.9
138901
95222.9
1.46399e+009
604299
5.40993e+006
380.683
760.5
21833.1
1.78277e+010
5620.16
28871.7
44334.1
16965.9
4.75775e+006
153298
2.93098e+007
6.86033e+006
9.78849e+006
193379
40163.9
547909
637948
35077.5
44730.7
32463.9
2.20617e+006
2.43931e+006
29682.3
105404
33461.9
54.7374
88390.1
216900
2.86737e+006
1.54213e+006
254637
39870.1
1.92161e+008
7.32704e+008
2.82535e+009
4.60753e+008
194008
8.12753e+008
1.75338e+006
3.38346e+007
9021.06
4236.1
3.89457e+006
3.72266e+007
62739.2
3.91844e+007
2.21047e+013
2145.17
222084
27105.1
4.60532e+010
5.2715e+007
175.015
2073.01
1.14645e+007
6.01084e+006
6239.69
2.95705e+006
226642
758.89
7.48809e+008
1.17422e+009
42423.9
4.88048e+007
6451.75
56220.7
8.61765e+006
5915.25
1881.59
60721.9
755071
311668
2877.8
96138.1
95.1067
3.27784e+010
3253.73
265.277
1.26013e+008
1.22798e+006
8.59203e+009
4.08413e+008
29222.9
307657
558.768
69.6908
1.51103e+011
5.13429e+006
9266.19
3003.34
85290.1
310659
12211.6
2.71717e+006
5.74443e+008
548.687
90042.5
5.22248e+007
12831.5
10.8126
33205.2
1077.33
235442
3.5431e+007
185269
2.45126e+008
1.24862e+006
2335.95
24228.1
910691
2.13111e+006
6.31962e+009
5216.42
2916.01
5385.89
727.366
1.34739e+007
702732
7.11141e+009
7512.83
6.77347e+007
1.03331e+006
4647.7
1.21843e+008
2.20336e+008
135212
1989.35
1963.06
3.55693e+007
1103.12
1.77851e+008
5.96796e+007
222618
2.91392e+009
1375.86
1.00474e+008
8.58545e+008
3.35731e+007
42585.1
1.7314e+007
26656
2.07215e+006
7.60146e+008
5806.04
3125.37
492538
5.70033e+008
2.14758e+008
10751
4.00513e+006
76834.8
243.05
334.959
4.44044e+006
29745.3
9942.21
5.93021e+007
549797
237933
1.216e+007
242351
1.37771e+006
1.71661e+007
2866.94
15048.6
6.43008e+008
10506.6
326299
2585.99
2.91449e+006
132181
2.31813e+009
2.5745e+008
35338.6
1.4405e+008
3.83942e+007
238076
30944.2
1.20778e+009
1.75636e+007
741297
1.73306e+006
3.03703e+006
13434.1
563633
10169.7
19892.2
498909
154.244
3218.78
13186.9
42911.3
1.84317e+006
3171.27
2.71548e+006
234403
2502.25
38024.4
334967
240686
29244.8
4.60607e+008
4.81997e+006
9850.57
8.37053e+006
1.0331e+006
1.02061e+006
62546.2
81832
7.85552e+007
131083
277465
206622
3.93255e+006
20064.6
6.39161e+006
6.63808e+009
5.72391e+010
16839.6
1.93557e+006
8.8047e+008
7.18953e+006
9.63302e+006
7.54228e+009
585835
3.08145e+010
13804
186.817
2.2501e+006
712274
6.96121e+007
86.3416
16836.1
9.78113e+006
3.99609e+007
4.82936e+006
1515.23
1.56084e+006
295809
838.011
2428.05
8716.91
1.02251e+009
8334.05
19296.6
63578.2
5.52285e+008
602.153
3.90057e+006
97956.8
143546
12237.6
1.40627e+006
3.70153e+009
415098
12289
3.08845e+012
240747
1.05796e+009
861578
1.30798e+006
20966.7
16337.1
11984.1
172419
3.81615e+006
539.957
8.11815e+006
8.90689e+006
16834.2
8.35539e+009
18834.6
2.3091e+009
641.162
13867.4
4282.91
2372.65
25197.1
1.1574e+009
1.19528e+009
183231
1.10589e+006
565310
3.71549e+006
2.62604e+007
4.38458e+009
6.63385e+008
8.76751e+006
24327.4
10522.2
5012.07
2.29137e+010
2.34098e+009
2.48707e+006
2.03311e+013
1.02061e+006
36580
9131.84
207283
1.53462e+008
5.11105e+007
6347.95
2.03086e+012
7.14745e+010
3.74864e+006
583450
461.412
263759
1.55658e+007
2.02887e+007
5868.07
1180.8
6.93504e+009
6.09257e+014
6653.01
5.43632e+006
5359.34
2.44487e+006
41444.7
2.47236e+008
3.71699e+008
1.32567e+007
43241.7
1.89352e+006
8.98507e+006
4834.14
4723.15
1290.66
142763
1771.55
1.19967e+006
495090
47714.2
62465.7
7521.19
199290
1.91221e+008
8985.76
1.25447e+007
2420.61
56368.4
2.92008e+009
891.9
826232
2302.14
2.30826e+010
3.54852e+008
88723.4
540810
3.44789e+007
3473.89
249076
2.25807e+007
41824.5
1.39677e+006
-3.54248
33453.5
2.11008e+009
149139
2.76752e+006
2.3874e+007
189699
4.56663e+007
17002.3
2.17047e+008
1.92144e+014
173411
25958.2
32025.6
6378.46
188789
1.44223e+007
1240.12
1.0436e+010
37075.1
4.02191e+006
8196.78
3.38265e+008
2.25237e+011
470163
823093
1.10244e+006
995097
78103.8
94734.4
2.57002e+006
7.01145e+006
3.90689e+006
8572
83270.5
6575.57
8513.67
15314.4
1.79475e+007
592.273
11992.1
165195
927675
1.30841e+007
1.12181e+008
20828.3
331545
3.40093e+010
1.27429e+006
95776.9
1.80762e+008
3.31007e+006
82623.8
187964
7586.89
1.63817e+007
41593.4
1.8092e+006
1.41409e+009
4542.34
1.64137e+008
1.24925e+009
1.52545e+007
199695
4.29424e+007
3.93165e+008
31930.8
4.9544e+007
1.08386e+007
1.37771e+006
7.97972e+006
20426.9
355933
331834
2.56494e+006
788.507
440095
5557.79
23.7467
4.43926e+011
6.07256e+007
325570
1.56515e+006
8429.03
97297
571463
293248
7.07522e+006
1340.46
32114.7
173929
7.51984e+006
995759
740791
1.08647e+017
124.001
1.40788e+009
1.41648e+006
1092.78
17424.8
26162.9
2.69047e+010
42525.5
918.574
10420.9
579.835
90185.5
4.53157e+006
3.16277e+006
57350
3.76115e+006
24923.1
408848
121234
4.31479e+007
1.8922e+007
1.06144e+009
69006.3
10545.1
-8.46768
108510
3124.95
150521
4.2179e+007
1.02515e+006
6.65698e+006
2.56501e+007
197589
1.06242e+006
18463.8
5.85653e+007
261996
1.78098e+007
2.18015e+008
326414
1.68961e+006
499803
577066
643412
479378
10892.5
36762
14611
3.69346e+006
69939.7
1.30391e+008
2.91348e+008
112812
879200
154924
1.53224e+008
3076.75
313.251
3.64813e+007
1.29318e+006
823359
5.71631e+009
609237
32544.8
20934.3
3.30708e+007
11245.2
1.71338e+007
6.90612e+006
8.03241e+007
509411
408.983
272790
2.75177e+007
3.52638e+007
3.71545e+008
8450.36
97679.9
954426
578147
1.08817e+007
18407.7
534377
1.00942e+011
22690.2
901.605
8.25281e+006
682232
6.12844e+007
127139
8.31146e+006
3649.92
517379
5.81176e+010
5.34604e+007
7.01359e+007
1.74595e+009
8.48326e+006
23958.1
4.61684e+006
51135.1
34505.4
2.11936e+007
10964.3
36182.7
1786.79
3179.41
8.28843e+006
1167.5
35947.6
3114.38
7.19554e+012
1058.58
12089
1.07382e+007
38865
1726.55
30337.3
44728.9
1.42984e+006
9.63017e+006
1.01377e+014
1776.73
77336.9
94025.9
101113
8.55523e+006
67127.9
79259.1
7.66494e+007
3.61039e+007
7.30165e+010
65880.2
16845
46123.8
5784.49
4.03399e+007
6.66505e+006
354825
4.09539e+006
3.41883e+008
2.64332e+010
1.00638e+008
2815.16
1.78553e+007
3703.88
797427
4.25563e+006
1897.82
251321
4.64723e+006
3481.73
7.06253e+010
1022.86
11451.9
36099.9
594482
335438
1.57455e+010
34518
196547
1.28598e+010
44648.5
6407.82
5.1143e+007
27659.7
9840.81
2.53155e+011
8.53375e+006
3.8645e+007
4.81683e+011
243517
55197.3
1.48914e+010
9.64238e+007
9.17856e+006
7.51589e+006
6.07377e+008
1.05353e+006
1.53356e+012
32065.5
1.39336e+014
1.87716e+006
57446.3
36672.6
79341.3
1.97097e+007
338.934
5.31409e+006
4.08402e+016
21172.8
132353
74579.6
4466.23
6305.21
20833.6
248977
4.4035e+009
69942.3
164139
1.48548e+006
3.44502e+006
2.13255e+006
337820
6.12711e+007
8.69733e+007
17771.5
5448.23
6.78128e+007
4.08654e+008
26628.2
5512.45
134408
791.442
1.06935e+007
2563.49
840.027
8.7946e+006
-4.02667
2.49098e+007
141988
319318
354038
3.81787e+007
337143
17589.4
76150.4
820688
2.07676e+006
5.72826e+007
46940.4
99458.7
4.3646e+014
686191
177051
1.5741e+007
465033
81784.2
8612.54
2.82904e+006
1.301e+006
423.687
20950.5
3.72363e+008
8.6726e+006
434506
2310.48
9.41309e+013
1.71507e+013
9.5276e+010
4.52022e+006
1503.27
1.40027e+006
218122
116579
1323.19
5.98146e+007
1.256e+006
4.99804e+011
5.76591e+009
568590
993.402
4.05553e+007
98934.7
2.24052e+006
1.35529e+010
44404.9
3.05428e+006
3742.59
5.65969e+006
4.80763e+007
1.05663e+006
10857.9
20504
2.14839e+006
34440.1
6.35185e+007
6.89785e+009
1470.28
2019.73
56.3328
43053.1
2.4099e+006
3.40759e+008
5.42086e+006
9.0934e+006
2172.4
94508.7
1.09204e+008
2.36014e+009
859768
1.65966e+008
360837
6.11025e+011
110494
1040.4
9.61787e+008
1142.65
6.69426
2.8993e+007
7.38234e+008
936.569
249565
462189
1.25762e+007
8.74164e+006
1.71097e+009
3770.04
199832
17799.9
9.00254e+009
29378.9
2.03221e+007
131574
3246.32
111912
331298
80179.3
6937.85
22424.5
282462
3.67998e+007
5.17509e+007
540.279
3.756e+008
17196.8
2100.74
5511.36
10489.3
73003.6
915.014
2.85084e+006
172431
8.88558e+006
1.31612e+006
1.86255e+007
17980.5
4.29695e+006
13301.5
640.967
9288.4
1.28648e+012
1.08711e+007
195.647
127223
23298.6
111955
19537.2
242453
2.16915e+006
3315.69
3.12983e+006
8003.81
775078
5.42649e+007
692088
140456
854.023
4.01869e+009
88357.2
7.60862e+008
110882
7.4749e+007
5.12273e+008
5377.91
61616.2
98996.1
1.25368e+009
4.80337e+006
449826
5338.21
1.09191e+010
202087
38086.5
72989.1
4.55586e+006
7841.95
388891
3.38062e+006
308514
3.53611e+006
205.245
3178.01
3.22671e+006
9.21809e+008
1884.14
737.125
69427
67991.8
3.64421e+006
135094
18325
2.54872e+010
32993.3
1.35681e+008
29266.7
250266
30079.4
9.44265e+007
431.487
481.973
582319
2.51393e+007
8855.84
542145
148532
8532
6.05295e+010
213675
1.95366e+006
179243
17861.5
6541.41
306090
32634.6
3.14066e+006
305382
4149.89
1327.49
1912.45
162294
232643
856298
1.30406e+006
1.24534e+006
2.29003e+006
3.85871e+007
231105
2245.36
314069
244012
2.52961e+007
114294
1.64471e+006
27296.4
4141.83
203284
-10.5213
212075
1.22067e+008
179617
3.43207e+008
19213.6
214654
1.02197e+008
1.15591e+010
131813
29423.9
4.62287e+007
9198.86
3.18991e+008
9.95629e+012
43654.6
1.50564e+007
6.28884e+008
78005.3
555826
3.36276e+009
3.64046e+006
127515
1.61686e+007
1.4046e+008
5.35419e+006
9801.68
160650
115625
2251
1.90525e+009
95194
14816.3
1.14625e+008
952722
4.53704e+006
787922
25794.4
4.92647e+006
13209
3.4598e+009
1615.27
19859.8
92335.7
1.53817e+006
310.246
44420.2
247306
33602.8
6.4451e+006
6.2672e+006
1545.7
684287
6.79824e+006
22268.7
1.20783e+006
498046
6.78381e+006
134067
4.0597e+008
1.93496e+006
18681.2
5735.61
1.52253e+006
46549.6
4.55603e+009
5.89043e+007
381840
2576.28
1.0833e+006
3.6745e+006
2716.75
3.33549e+010
2.21434e+008
71513.6
68943.1
1.25427e+006
5.4915e+006
10504.5
2.24158e+007
9.21648e+006
422745
278.589
71261.3
1901.38
305308
4966.71
5.92873e+006
2.36943e+010
6416.56
25365.3
2.99014e+006
21150.5
2603.63
1.39153e+007
1.48333e+006
4.06925e+007
269686
33192.3
753.073
317742
5286.38
2.9018e+006
1.27261e+009
2.18266e+009
11680.7
3.49826e+007
1.5495e+006
2.5771e+006
347.904
15005.7
1.71944e+009
5.48915e+007
7.77289e+007
159609
3.22374e+007
113246
2.43592e+007
5079.47
9697.65
1.9184e+008
6872.44
99530.1
