-71.5116
-74.7371
-71.6663
-74.4898
-71.5453
-74.4061
-70.8534
-72.5522
-72.9698
-75.365
-69.45
-73.4558
-70.4226
-75.2812
-70.5426
-74.392
-73.4041
-72.1365
-73.0905
-73.7285
-73.0223
-75.2515
-75.365
-77.177
-70.1617
-73.7189
-71.5825
-69.202
-69.2614
-72.7198
-72.2784
-72.6523
-72.5247
-73.9498
-71.4395
-72.8766
-72.402
-75.6384
-69.7243
-74.0058
-74.3299
-70.916
-72.8318
-73.7427
-75.2812
-73.9156
-77.177
-73.7669
-73.0663
-71.9771
-73.6346
-73.4759
-72.4146
-77.177
-71.1509
-69.3086
-77.177
-71.8784
-73.3374
-71.8994
-72.8014
-72.5394
-72.7616
-76.2999
-70.5809
-72.2205
-73.9334
-71.6262
-69.1715
-70.8417
-72.5609
-72.181
-72.0774
-69.6052
-70.7617
-71.9646
-70.0086
-72.9115
-76.2101
-72.0234
-77.177
-72.5901
-70.4144
-68.7309
-72.8571
-77.177
-75.2294
-73.0797
-71.1423
-70.9279
-77.177
-69.7505
-72.5254
-73.2972
-74.814
-72.3764
-74.481
-70.6265
-73.8295
-70.8278
-72.6392
-73.8467
-72.7199
-71.2947
3.92541e+006
-72.466
-73.4754
-74.485
-73.2123
-72.1893
-71.5751
-73.2844
-75.6384
-72.0127
-71.7026
-72.4066
-73.0759
-72.8678
-75.6384
-70.7132
-71.8251
-73.9729
-73.3944
-72.3198
-66.7363
-74.5837
-72.6582
-72.8451
-75.3113
-73.0357
-73.9624
-74.3092
-71.8267
-72.0534
-72.6057
-71.2428
-72.8079
-73.4385
-73.3233
-75.3113
-71.4914
-69.7761
-76.2999
-77.177
3.84872e+006
-74.814
-70.7846
-75.3113
-73.5295
-72.7916
-73.9055
-74.3648
-72.1551
-73.0006
-73.9554
-72.9379
105311
-72.3326
-71.7669
-72.6762
-74.9141
-72.6382
-73.8641
-73.1671
-73.1008
-71.2898
-73.5276
-74.7826
-75.5893
-74.6387
-71.7219
-71.5517
-74.6364
-74.2579
-76.2999
-69.7999
-71.4671
-71.9967
-69.0285
-73.2231
108598
-76.2999
-72.7821
-70.563
-70.0682
-70.1966
-73.584
-75.3113
-73.9896
-72.896
-75.4214
-73.756
-72.3099
2.36123e+007
-70.5662
-74.3805
233007
-73.0517
-74.3234
-76.2999
-74.3648
-71.6333
-70.0561
-72.8529
-71.7041
-72.6312
-73.4979
-72.0217
-77.177
-69.7739
-71.9587
-72.196
-75.3321
-74.3383
-73.6437
-72.2146
-72.1854
-69.4994
-71.0931
-73.4779
-72.1159
-71.1
-72.3703
-73.4667
-73.3116
-73.5322
-72.4934
-73.0177
-74.4376
-71.3309
-75.5893
-73.8581
-73.4761
-72.1551
-75.6384
-69.2338
-73.6257
-74.5268
-72.8871
-74.2928
-71.554
-73.9643
-70.8264
-70.8553
-75.3347
-71.8491
-73.2993
41618.2
-74.8252
-75.2515
-74.6314
-69.7723
-72.654
9.06833e+006
-72.1917
-72.747
-72.8027
-73.6277
-68.6764
-73.8884
-69.2658
-77.177
-70.7373
-74.9059
-73.3646
-71.7704
-70.6038
-74.1734
-71.3133
-70.3672
-73.0937
-74.8291
-71.9523
-75.3347
-72.9698
-70.2987
-75.4214
-73.5703
-69.96
-71.2974
-72.4898
-75.2294
-71.348
-75.2812
-72.6197
-75.2066
-75.1464
-69.6944
-73.5469
-71.8783
-73.7557
-74.796
-73.8542
-75.2066
-73.0652
-71.8318
-71.8737
-72.6392
-73.1188
-71.8386
-72.9266
-72.5927
-69.0375
-75.2812
-72.5275
-72.8283
-72.2577
-73.9371
-73.0043
-73.3343
-74.0058
-73.2937
-73.7193
-71.7595
-70.1646
-71.068
-74.796
59980.1
-74.3679
-75.3113
-75.5893
-72.9689
-73.6678
-77.177
-77.177
-72.6403
-73.4759
-72.0204
-74.392
-77.177
-73.9388
-69.8515
-72.4303
-73.3281
-71.2483
-69.4258
-73.3152
-70.7155
-73.719
-70.8519
-70.9351
-71.8296
-73.9741
-72.046
-75.3347
-72.4812
-74.6309
-72.3861
-69.868
-73.0357
-73.8824
-74.039
-75.5893
-74.6271
-75.4214
-76.2999
-73.8362
-71.3748
-73.8686
-73.0975
-71.8946
-73.4754
-70.1975
-71.1397
-69.8279
-72.3427
-75.3155
-73.5995
-72.6786
-77.177
-72.7479
-72.3166
-75.4214
-75.0942
-71.8073
-73.1629
-73.8759
-70.3559
-71.8918
-70.9024
-71.6309
-72.4683
-69.401
-72.4566
-77.177
-71.5456
-72.2828
-74.3688
-70.9387
-72.8986
-72.3373
-71.8142
-73.7189
-73.9554
-71.9797
-70.1107
-70.7194
-73.9854
-76.2999
-74.4696
-72.7795
-72.2031
-76.2101
-71.6403
-71.4372
-72.6406
-72.765
-73.0023
-72.6695
-72.8855
-73.5295
-71.5674
-70.4907
-72.0127
-71.7427
-73.4123
-74.1214
-73.5475
-72.6064
-74.3256
-71.012
-71.3442
-73.8816
-72.6113
-74.7371
-70.8484
-71.8785
-71.6385
-74.735
-73.4536
-72.8166
-75.6384
-70.9243
-74.3278
-75.3113
-72.0504
-68.3235
-71.4441
-74.8252
-72.008
-75.2812
-76.2101
-73.8913
-74.5624
-73.5239
-75.5893
-73.9498
-74.6314
-77.177
-74.6318
-73.9172
-73.9371
-73.4984
-73.1814
-71.9884
-74.2768
-74.1815
-74.392
-73.4599
-72.5079
-72.4473
-73.4123
-71.6564
-75.2066
-72.9801
-72.4572
-71.8183
-71.6816
-74.416
-72.2885
-71.3951
-77.177
-71.5657
-76.2101
-71.363
-72.7537
-73.0394
-73.0968
-75.3155
-71.5008
-72.6733
-69.6532
-72.4007
-72.2719
-73.9342
-72.2101
-73.1584
-72.857
-71.675
-70.8553
-72.3861
-77.177
-72.0758
-72.3748
-74.415
-72.9866
-70.5965
-72.2713
-74.3092
-77.177
-71.9119
-66.6184
-73.4089
-74.2928
-72.9151
1.0448e+007
-72.3272
-73.7264
-71.6399
-73.8641
-72.6763
-73.6238
-74.3335
-72.1136
-76.2999
-72.9954
-73.3219
-75.6004
-72.2102
-73.9554
-72.9593
-72.5757
-71.0898
-74.8176
-73.9019
-74.9094
-70.8525
-75.4214
-73.7193
-69.0208
-75.3347
-74.5754
-74.392
-72.7259
-76.2999
-73.0808
-72.535
-72.6392
-72.8636
-72.19
-74.3686
-73.7331
-73.3799
-75.4214
-72.4472
-71.0275
-71.9452
-74.4061
-72.8567
-75.3347
-75.3347
-71.5265
-71.8718
-73.2914
-74.0009
-73.8257
-70.5697
-70.1286
-72.2781
-77.177
-73.2069
-74.836
-75.3155
-67.3692
-73.6187
-73.2914
-71.5464
-74.7174
-75.2066
-72.9483
-72.401
-74.2579
-73.0162
-73.6216
-72.647
-68.2536
-69.1675
-71.8615
-71.1046
-72.203
-67.5204
-73.8824
-71.3502
-71.2456
-74.0265
-74.7174
-70.1194
-73.451
-73.2993
-77.177
-74.2894
-70.9028
-71.6309
-71.9634
-73.4638
-75.4214
-73.852
-73.2937
-72.4889
-72.0245
-72.7586
-74.7174
-74.6364
-73.4984
-71.2265
-72.4147
-74.6318
-72.974
-73.7691
-74.3299
-68.5282
-72.9854
-73.0975
-68.2506
-71.1528
-74.6314
-73.9554
-71.8524
-72.5869
-73.9031
-72.8958
-72.381
-73.4044
-77.177
-74.4597
-71.2342
-72.0234
-71.9164
-71.4502
-73.5633
-72.9899
-73.0096
-70.8646
-71.9844
-59.3127
-74.4228
-72.1705
-75.3155
-74.5754
-74.3227
-73.0942
-73.9151
-74.2884
-74.481
-71.4833
-71.6563
-70.6711
-68.7245
-74.7826
-71.4011
-71.836
-73.0191
-71.9106
-70.3985
-71.0091
-71.7566
-71.8357
-69.8369
-70.5266
-73.3883
-74.4148
-73.8686
-75.3347
-71.8496
-74.814
-76.2999
-70.8032
-75.5893
-75.4214
-71.9138
-71.1548
-74.4196
-71.5825
-69.3581
-72.9125
-73.3634
-72.2968
-70.1618
-71.3258
-71.8821
-75.4214
-75.2812
-75.3155
-69.9122
-68.9926
-72.9622
-74.7826
-71.7044
-74.9094
-73.8884
-72.3251
-71.9744
-72.4754
-72.7365
-74.3627
-62.6918
-74.4148
-73.8063
-70.1269
-72.6197
-74.6873
-73.9331
-75.3347
-76.2999
-76.2101
-71.6301
-73.9019
-72.9928
-73.8017
-72.7343
-71.1797
-71.1356
-71.6075
-71.6165
-73.8913
-72.0918
-73.405
-73.9708
-71.877
-75.2066
-72.4969
-74.0008
-73.8257
-71.9318
-74.8176
-72.0001
-71.9956
-72.3457
-73.9187
-70.998
-73.8884
-73.2438
-74.2248
-72.988
-72.8951
-69.9665
-38.0429
-70.9463
-72.9801
-75.365
-71.9565
-73.9854
-75.5893
-75.2066
-72.7562
-77.177
-73.1188
-73.337
-72.9239
-75.127
-73.7659
-75.2515
-72.0916
-73.9342
-73.3799
-73.9416
-71.928
-71.7261
-72.6016
-70.1668
-74.8114
-74.481
-75.3347
-72.7464
-73.1099
-75.2294
-71.9284
-73.8257
-69.2581
-73.7796
-73.9031
-75.3321
-69.3538
-70.456
-75.4214
-74.1295
-73.9371
-72.1548
-73.2253
-71.5076
-69.8816
-75.1464
-69.201
-75.3347
-71.466
-72.1777
-72.4478
-75.4214
-74.485
-71.7794
-75.3347
-75.3347
-73.7502
-71.2859
-73.1541
-73.2231
-72.3423
-75.2515
-72.8739
-73.9578
-71.8468
-72.2718
-75.3155
38336.7
-74.1815
-75.2066
-75.2812
-73.092
-75.2066
-72.8032
-70.8667
-74.3335
-73.9342
-72.5735
-70.795
-75.5893
-73.8641
-75.2294
-73.6924
-71.8141
-74.7268
-68.8561
-69.5647
-74.3686
-75.5893
-72.593
-73.4255
-72.2997
-74.392
-70.7021
-70.2289
-73.3634
-75.6004
-72.0593
-71.7028
-74.7371
-72.8709
-74.3256
-70.2659
-73.8901
-72.9314
-71.6183
-72.0156
196512
-74.4148
-72.1625
-73.5602
-70.9259
-72.5364
-73.2204
-74.3686
-72.6562
-77.177
-70.6366
-72.9278
-74.814
-68.7042
-73.4779
-72.7338
-74.4898
-71.5505
-74.3627
-70.7205
-73.8542
-74.6314
-72.5706
-70.7575
38464.4
-71.6672
-72.0637
-74.836
-73.4095
-74.7174
-70.4148
-73.8815
-70.9063
-73.7481
-74.814
-73.8257
-73.1072
-72.5769
-73.632
-72.5857
-72.2132
-73.6054
-73.9086
-69.085
-71.3186
-73.5841
-68.8344
-73.8815
-75.3113
-71.4482
-75.4214
-70.2082
-69.2838
-72.3849
-73.6129
-72.4323
-72.4501
-75.5893
-72.5864
-71.7252
-72.2956
-71.969
-73.1075
-72.4328
-74.7826
1.52884e+007
-73.9852
-71.621
-74.6314
-74.8291
-72.3156
-73.2253
-71.0127
-73.4313
-73.3124
-75.2812
-73.8817
-73.635
-70.6584
-77.177
-73.448
-72.0065
-67.3873
-72.3005
-72.2261
-73.8657
-73.6262
-77.177
-70.9289
-72.3744
-73.205
-75.5893
-41.7471
-70.9076
-73.6924
-72.4214
-72.8697
-74.6314
-73.1255
-71.5424
-72.9057
-73.9483
-72.158
-73.9331
-76.2999
-75.2294
-71.3612
-73.8784
-73.3799
-74.3627
-75.2066
-71.363
-74.8252
-71.2137
-70.5438
-69.3153
-75.127
-72.5805
-73.9331
-74.3299
-74.3648
-72.7856
-72.6614
-72.5478
-73.8741
-74.3679
-71.054
-73.9121
-71.8155
-70.8545
-74.485
-68.977
-72.6811
-73.2994
-73.8759
-71.9399
-68.6065
-75.5893
-73.848
-74.814
-74.039
-73.8529
-75.0942
-72.6189
-73.0871
-75.3321
-72.5852
-72.7378
1.17503e+007
-71.9041
-73.8725
-72.8527
-75.365
-70.4264
-72.3301
-69.9104
-73.719
-70.086
-72.7256
79005.2
-72.8618
-72.1056
-72.1075
-72.3056
-73.7481
-76.2999
-74.4376
-74.8252
-70.639
-73.3634
-71.8336
-72.5103
-75.2294
-77.177
-71.0948
-73.1072
-71.9496
-72.6262
-70.6973
-72.4848
-75.2066
-72.9041
-74.7371
-74.7325
-74.3335
-69.5741
-71.2472
-75.365
-71.5212
-70.1404
-73.0478
-67.7625
-72.9964
-72.2063
-72.4621
-72.0292
-72.3197
-74.3686
-71.6775
-69.2832
-72.0496
-73.6839
-73.5602
-74.0009
-70.005
-72.0887
-74.416
-69.7136
-71.8979
-75.2294
-75.3113
-75.3321
-72.5939
-73.3883
-72.1219
-71.7006
-73.1111
-73.405
-72.6278
-72.771
-77.177
-73.4089
-70.8491
-75.4214
-73.2297
-73.2689
-71.6383
-75.1464
-72.4465
-69.6176
-75.3321
-69.8985
-71.6274
-72.788
-74.2248
-72.7979
-72.1091
-67.9206
-71.2027
-75.3155
-74.5111
-71.7387
-69.0914
-73.8437
-73.9554
-73.8653
-72.344
-72.2539
-72.2822
-75.2294
-73.3152
-72.3828
-72.8656
-70.962
-75.127
-73.5744
-68.3343
-72.0147
-72.3926
389932
-70.6684
-77.177
-72.2796
-73.9643
-73.7796
-71.8754
-71.5237
-72.3128
-73.4979
-74.8252
-73.9729
-72.3303
-73.1729
-71.4056
-70.3696
-72.0152
-70.929
-75.2812
-72.1838
-72.0229
-71.9009
-75.3321
-71.1702
-72.5112
-75.127
-66.6889
-69.3406
-72.2351
-75.0942
-69.9116
-70.0498
-71.4978
-72.5458
-72.7794
-72.7677
-72.9252
-77.177
-72.8579
-70.797
-71.546
-71.1688
-72.0089
-75.2515
-71.2951
-74.9141
-73.8063
-72.8676
-71.9184
-74.836
-76.2999
-72.8454
-69.7443
-73.9044
-73.4178
-72.6255
-72.6623
-73.5828
-72.1564
-75.3347
-70.9225
-72.9366
-73.6096
-72.012
-69.3254
-69.7294
-73.6096
-69.3804
-72.7257
-72.4522
-73.2134
-76.2101
-72.2351
-72.5203
-71.2698
-72.4392
-70.3321
-73.6746
-73.091
-71.7014
-74.392
-70.8907
-74.3852
-72.5641
-71.5176
-72.5852
-75.6004
-74.7576
-74.7826
-77.177
-73.0244
-74.8176
-74.2884
-68.8317
-74.8252
-73.5802
-71.715
-75.3113
-70.8495
-73.9896
-70.6082
-75.2812
-73.8209
-73.2014
-72.801
-71.6402
-72.637
-72.576
-69.6652
-71.9194
-74.9059
4.14539e+007
-71.7913
-75.3347
-72.1646
-72.9464
-73.9388
-74.2768
-73.5611
-71.7904
-70.9389
-74.735
-75.3321
-73.5828
-73.099
-71.5814
-75.3113
-73.4089
-72.3851
-74.6309
1.76517e+006
-71.7948
-73.6129
-75.6384
-71.8809
-71.6511
-71.0682
-77.177
-74.5335
-74.4376
-71.3718
-73.0814
-71.3271
-73.6238
-71.7796
-69.6668
-73.9187
-72.0774
-72.4979
5.97882e+007
-70.5834
-72.1339
-73.2747
-73.5963
-74.735
-74.6729
-75.3113
-69.903
-73.8529
-75.6384
-75.2066
-74.9094
-74.8291
-71.9922
-66.8956
-73.4089
-73.3877
-73.7554
-68.9965
-68.5496
-73.0499
-72.0432
-73.8467
-72.0468
-71.3999
-73.1222
-73.1113
-72.5404
-72.3352
-72.6966
-77.177
-74.7268
-68.5856
-75.3113
-71.8995
-74.7174
-75.2294
-74.6152
-70.4334
-74.6387
-73.9334
-70.4009
-72.0594
-71.779
-73.3541
-72.4433
-73.432
-73.921
-75.3155
-74.814
-72.5949
-73.5451
-65.8762
-71.4886
-70.8654
-73.4691
-72.3477
-70.61
-73.8415
-72.2352
-73.0173
-75.4214
-73.6678
-74.6729
-72.7072
-73.6627
-75.3347
-71.3397
-73.9012
-75.3155
-72.992
-72.4021
67819.8
-71.97
-77.177
-74.4696
-68.3491
-73.6127
-73.3061
-68.8442
-72.5125
-71.8917
-72.4624
-77.177
-72.2076
-73.8829
-72.6874
-75.0942
-75.4214
-73.8913
-71.8299
-73.5236
-72.9553
-70.5341
-72.143
-72.6842
7300.01
-75.6384
-69.9285
-71.6545
-71.9415
-74.814
-72.7353
-71.2831
-70.8752
1.78953e+008
-72.8533
-72.2317
-72.3632
-72.682
-70.7512
-73.1188
-73.0088
-71.0545
-72.7306
-69.8874
-73.3152
-73.8108
-69.2754
-73.6496
-72.6057
-69.3109
-73.3374
-73.6924
527161
-73.9342
-72.0519
-70.8224
-73.7991
-70.3317
-71.3157
-71.879
-73.731
-73.8121
-73.8784
-74.485
-70.9798
-71.5495
-74.5268
-72.539
-73.9989
-71.0997
-70.669
-73.0517
-73.9416
-72.4408
-74.735
-71.5945
-75.2066
-72.0943
-72.5746
-74.1295
-69.9976
-73.4631
-72.8913
-72.735
-72.5017
-73.4678
-72.4066
-75.2294
-71.0427
-72.2835
-72.8413
6.01012e+007
-74.2297
-71.9922
-70.9779
-69.6195
-73.4993
-75.2294
-74.7174
-74.6271
-71.8824
-70.2839
-73.59
-73.2993
-73.3544
-73.1237
-70.1782
-72.2212
-71.6438
-71.7595
-67.8003
-71.4187
-71.6344
-70.9549
-72.4151
-73.3941
-73.4255
-75.4214
-74.3679
-72.3989
-74.6873
-74.2768
-71.98
-75.2812
-72.1792
-71.8225
-73.9444
-73.4599
-71.3713
-70.4418
-72.5567
-72.3767
-72.9954
-72.4691
-72.9538
-73.966
-71.8535
-72.4328
-69.6055
-72.3888
-71.9474
8.04373e+006
-68.4328
-73.0714
-74.2297
-73.5
-74.0652
-75.6384
-71.6432
-74.6314
-72.729
-75.2294
-70.9409
-74.4696
-72.7761
-74.6271
-72.0072
-72.0928
-74.7371
-71.4325
-71.1705
-74.7174
-72.4931
-71.721
-74.8108
-72.4585
-72.8002
-71.8996
-73.7122
-75.2066
-74.4148
-71.0091
-75.3113
-72.9875
-67.72
-75.3321
-74.4234
-70.7263
-77.177
-72.1537
-73.0814
-49.6078
-75.2812
-71.6324
-68.8484
-72.9475
-70.2605
-71.6912
-71.9536
-73.9121
-77.177
-71.8048
-74.4376
-72.3857
-74.7268
-72.6451
-73.0329
-69.3268
-72.6105
-67.9689
-70.8315
-74.4228
-74.5335
-73.719
-75.2294
-73.2666
-74.5335
-73.0212
-73.0129
-73.2101
-72.896
-73.9896
-72.2518
-72.5448
-70.5163
-71.3794
-73.7634
-72.8748
-73.6445
-77.177
-70.7733
-74.3335
-72.9599
-73.1508
-72.394
-73.3116
-68.5508
-72.8359
-72.797
-68.4078
-77.177
1.07288e+006
-70.8858
-71.9954
-72.5998
-69.1781
-76.2999
-74.7576
-74.0972
-71.7087
-70.6645
-69.0596
-72.6562
-73.0619
-72.2868
-73.3944
-71.5873
-73.1461
-73.5893
-73.8437
-71.433
-71.66
-72.6189
-66.8162
-73.3799
-74.3688
-72.8756
-72.4314
-71.3302
-73.8437
-71.9653
-75.0942
-71.2423
-70.1662
-70.7565
-73.5703
-71.8258
-75.2066
-71.2562
-72.4503
-73.4621
-70.3819
-73.9483
-77.177
-73.4089
-73.8529
-73.6926
-71.2317
-70.3205
-73.3799
-67.6194
-71.875
-72.9964
-75.6004
-68.7185
-72.9423
-73.5475
-75.3321
-73.4691
-69.2213
-71.7135
-75.5893
-73.2736
-70.8527
-73.87
-72.6933
-70.5265
-77.177
-76.2999
-75.127
-76.2999
-69.8109
-74.9059
-75.2294
-74.6309
-70.4314
719325
-68.956
-70.4824
-74.3679
-72.799
-72.7821
-72.0057
-73.9548
-75.3155
-71.5357
-70.3902
-71.0299
-72.0384
-72.0431
-70.5607
-71.5945
-74.6271
-75.3347
-71.3396
-72.6354
-73.2632
-72.6046
-72.6354
-72.0808
-73.0476
-73.46
-71.4598
-72.3106
-72.4314
-75.0942
-75.1464
-71.3127
-72.5203
-72.2395
-73.5601
-72.7939
-71.2397
-71.5614
-77.177
-71.2706
-57.5985
-75.3347
-72.1732
-76.2999
-74.1233
-74.5837
-72.6242
-72.6149
-72.2262
-77.177
-76.2999
-69.8902
-70.97
-71.3437
-72.9779
-72.1435
-74.8176
-77.177
-72.6657
-70.8804
-74.6318
-72.1709
-71.6644
-74.9094
-73.1299
-77.177
-70.6298
-72.9501
-74.796
-70.4144
-74.4898
-71.9258
-72.2442
-73.2698
-72.0245
-73.9444
-71.9941
-75.5893
-73.9132
-73.5624
-74.5255
-71.8853
-72.9942
-75.4214
-73.4678
-69.1735
-72.159
-73.8209
-73.9172
-74.0265
-74.9094
-73.4313
-74.8108
-71.8141
-71.1942
-70.9766
-74.3852
-70.516
-75.5893
-70.6322
-70.9764
-73.6839
-74.8108
-72.6157
-71.0385
-72.6709
-73.4667
-73.59
-74.8176
-72.366
-73.5633
-72.2475
-73.6696
-74.7371
-72.2796
-71.7561
-70.9665
-75.4214
-70.904
-69.4875
-73.9548
-72.3792
-77.177
-69.7297
-71.0876
-74.0444
-72.3334
-68.0784
-70.6885
-69.7487
-71.7578
-73.1271
-67.4847
-70.7581
-72.5901
-74.4061
-75.3321
-74.3383
-73.026
-70.1042
-73.3611
-72.9393
-72.1902
-75.2066
-72.3982
-72.7556
-73.1925
-75.2066
-72.0651
-72.8318
-74.3234
-77.177
-69.5645
-72.6832
-72.3425
332096
-73.8829
-75.3321
-71.297
-70.5118
-71.8924
-73.9121
-70.5903
-75.2066
-71.1529
-75.5893
-72.4247
-69.231
-72.4433
-71.8662
-73.0007
-72.3056
-74.3686
-72.8775
-75.0942
-69.9549
-72.7375
-68.2126
-73.6445
-72.3441
-72.6297
-73.7913
-74.2695
-69.015
-68.6058
-76.2999
-69.0757
-73.0525
-73.8741
-71.9487
-72.7119
-74.6387
-69.1804
-73.6375
-73.9086
-74.8108
-73.5635
-75.4214
-70.9638
-75.127
-72.6072
-72.8104
-70.857
-70.5107
-71.2794
-74.415
-73.9132
-73.1316
-74.6309
-72.3414
-74.7174
-73.1083
-75.2812
-70.3374
-71.5021
-70.0841
-73.7724
569144
-70.6815
-71.0449
-75.3321
-72.3483
-74.481
-72.2355
-75.2515
-73.5411
-75.5893
-73.5413
-73.8467
-73.3969
-72.2876
1.64216e+006
-72.8412
-72.7052
-72.2524
-74.8176
-75.3113
-73.6192
-74.8108
-70.3981
-72.4977
-74.3092
-72.9538
-71.7752
-72.6301
-71.8991
-72.9553
-72.2868
-75.127
-72.2584
-72.3112
-71.2488
-71.3342
-73.4638
-72.5112
-72.5306
-75.3321
-73.2643
-73.2297
-73.0845
-73.5236
-72.3564
-70.7609
-74.3679
-71.6853
-75.5893
-72.8567
-75.3321
-74.3679
-71.3318
-74.7325
-75.6004
-74.415
-73.026
-72.5757
-72.1517
-73.756
-73.4651
-72.8176
-73.8805
-71.954
-68.5192
-75.3347
-74.3227
-72.1762
-75.6384
4.06972e+007
-71.8887
-75.5893
-73.6216
-71.3711
-71.6128
-73.6878
-70.1385
-72.5105
-72.8756
-75.3155
-73.59
-70.4917
-73.9031
-74.8114
-75.2812
-74.3679
-74.0022
-73.389
-74.6314
-71.272
-71.6861
-70.5912
-75.5893
-74.735
-72.9272
-75.3113
-75.6004
-73.0857
-74.7268
-75.2515
-72.4465
-72.7971
-71.8601
-72.7372
-72.3649
-67.769
-74.416
-71.2188
-72.2451
-74.106
12153
-72.4408
-69.0967
-68.9595
-71.773
-74.4061
-73.4979
-73.8653
-68.8809
-69.4499
-70.5342
-74.039
-77.177
-70.9084
-74.3679
-70.4827
-72.8834
-71.8945
-72.1065
-72.3
-74.2723
-69.3876
-74.8108
-75.0942
-74.7174
-72.3535
-74.481
-72.9675
-73.451
-73.4089
-77.177
-72.2835
-75.365
-75.2515
-73.8063
-75.1464
-70.6085
-72.8157
-73.9008
-70.8278
-77.177
-73.9933
-73.3702
-75.6384
-72.9515
-74.3092
-71.7034
-72.0511
-73.9624
-74.796
-71.7003
-73.4385
-70.3084
-73.4536
-74.4898
-70.0202
-72.9285
-72.0398
-76.2999
-73.7481
-71.7794
-68.5067
-71.8976
-75.2066
-76.2101
-72.4566
-71.292
-73.8581
-73.2014
-69.6845
-75.127
-72.4278
-74.3852
-72.5385
-73.0796
-72.8773
-72.3767
8.4044e+009
-74.0008
-73.8437
-72.2885
-72.349
-71.7586
-70.9667
-71.9647
-73.7483
-76.2101
-68.5858
-70.6745
-73.0566
-77.177
-75.3155
-72.0144
-72.9982
-73.8581
-71.8515
-74.0652
-72.1618
-74.415
-72.647
-70.527
-77.177
-75.2066
-73.4558
-72.6989
-69.7537
-73.9444
-71.5496
-72.5201
-72.4548
-75.6384
-74.2579
-73.966
-72.7179
-75.1464
-76.2999
-72.2524
-74.6387
-70.7336
-73.2355
-74.8291
-74.1861
-72.4349
-73.1925
-74.4061
-75.2515
-72.6695
-72.7978
-71.55
-71.1396
-73.8653
-70.8764
-74.3852
-71.6324
-72.0888
-73.9416
-77.177
-71.5186
1.89097e+006
-70.4021
-71.5223
-73.5451
-72.1004
-72.6933
-68.9256
-74.735
-72.9196
-71.9822
-75.5893
-73.9551
-73.8976
-72.2167
-71.7961
-72.6126
-73.2253
-72.6584
-73.3922
-73.0519
-75.3321
-71.1273
-71.5904
-74.4032
-75.2515
-71.0237
-74.6318
-70.4002
-69.8737
-74.3805
-72.5247
-74.6314
-75.2066
-72.3674
-73.6838
-73.9444
-72.7113
-70.5282
-73.9172
-71.8342
-71.4988
-75.4214
-75.1464
-71.8169
-74.8291
-71.6669
-73.7669
-72.1993
-74.814
-71.7222
-71.4892
-73.0525
-71.9785
-73.8467
-73.5398
-72.2186
-75.3155
-74.4234
-75.2066
-70.5716
-71.6165
-69.6279
-74.2768
-73.7991
-75.4214
-73.8805
-71.5386
-71.7788
-72.2438
-73.0828
-71.8925
-70.9222
-70.2348
-72.7971
-71.8692
-71.4761
-75.6384
-73.9121
-73.0937
-70.6416
-71.3331
-75.2066
-70.5537
-73.4979
-74.5624
-75.3113
-70.8519
-73.3799
-68.5933
-74.4148
-71.5851
-72.2997
-75.3155
-73.5633
-70.8417
-72.2868
-74.6314
-70.5913
-73.4771
-76.2999
-71.4036
-71.2591
-74.8108
-72.9421
-69.6559
-71.3509
-75.2294
-73.9044
-69.6638
-74.5268
-71.3362
-71.6466
-72.6323
-71.222
-73.1508
-73.5398
-72.2737
-76.2999
-73.9371
-74.2768
-73.9551
-73.6127
-75.2515
-71.7951
-73.5703
-71.9475
399244
-69.6646
-75.3155
-71.8948
-70.3587
-68.974
-73.205
-72.3348
-72.4549
-72.561
-70.2802
-71.2965
-72.4697
-75.2515
-75.5893
-72.9379
-73.9896
-70.075
-73.4299
-74.0652
-73.9578
-70.4651
-70.489
-73.5601
-77.177
-74.6318
-74.0946
-73.1888
-75.3347
-73.6878
-73.216
-73.8815
-71.4685
-71.7087
-75.3155
-71.9794
-74.8176
-73.9378
-70.7212
-76.2999
-73.092
36531.4
-73.8725
-77.177
-72.1754
-71.944
-72.8636
-71.9115
-72.7792
-71.1407
365839
-73.2715
-72.8176
-72.9622
-74.7826
-69.6972
-72.2527
-71.9653
-71.3951
-73.9044
-73.8529
-72.8035
-73.2937
-72.2824
-75.4214
-71.8496
-72.1831
-75.2812
-73.9121
-73.6656
-70.7464
-72.7464
-72.9098
-75.2066
-71.5008
-73.9259
-73.8529
1.28568e+006
-75.2515
-71.6566
-67.7989
-69.9362
-74.1734
-73.3422
-76.2999
-72.4396
-71.5708
-74.3299
-77.177
-71.9253
-73.9708
-73.1075
-75.4214
-77.177
2.47803e+007
-75.4214
-71.7576
-75.2812
-73.8725
-74.7268
-72.8364
-75.2294
-72.9475
-72.5857
-73.5601
-73.5602
-75.4214
-73.443
-74.9094
-72.5156
-70.2929
-74.3383
-72.4018
-69.907
-73.1198
-71.3946
-72.7389
-71.1082
-75.2812
-73.2202
-74.5335
-77.177
-73.0177
11004.2
-75.2515
-68.2736
-74.8252
-73.4779
-74.039
-72.175
-70.7596
-69.7501
113603
-71.695
-72.7097
-72.6811
-72.3849
-73.3281
-72.8709
-69.7522
988689
-73.4255
-73.2972
-74.1734
-71.7824
-72.505
-70.0201
-73.1671
-68.0095
-72.8731
-73.719
-73.018
-73.7193
-71.0876
-72.2179
-68.5665
-72.5418
-71.7929
-72.7154
-72.454
-73.9578
-73.8657
-75.3155
-72.0129
-73.8686
-70.5949
-73.2069
-75.5893
-73.0387
-74.6314
-72.7028
-73.5911
-72.607
-71.7669
-75.5893
-73.4953
-72.177
-76.2999
-75.3347
-75.2294
-71.9054
-72.353
-74.836
-71.5221
-72.4013
-72.8906
-74.3679
-73.9741
-73.4311
-72.4397
-71.2125
-70.8696
-72.8618
-74.4696
-74.485
-72.2522
-70.6382
-75.6384
-73.4648
-74.4148
-72.394
-73.9132
-70.174
-74.9094
-70.7862
-74.8252
-74.7174
-74.0058
-72.8347
-69.918
-72.9801
-72.2154
-72.9414
-77.177
-73.5469
-71.2494
-75.4214
-71.5849
-74.1861
-72.4303
-72.9098
-70.5098
-75.2066
-74.7554
-73.3898
-69.5183
-74.481
-75.3113
-71.1844
-75.1464
-71.8306
-69.7354
-72.1865
-71.5832
-71.95
-71.3732
-73.3922
-73.1022
-71.094
-70.7391
-72.967
-69.8949
-72.4503
-72.9515
-73.2715
-73.3314
-73.3488
-72.4799
-72.161
-73.1051
-72.1427
-72.5103
-70.631
-72.108
-74.415
-69.7184
-72.1056
-73.5995
-71.3421
-69.9603
-77.177
-72.683
-73.8581
-72.953
-70.9843
-77.177
-72.5609
-75.2515
-70.8197
-74.5268
-72.5352
-77.177
-75.6384
-73.9852
-70.5694
-73.2807
-70.8848
-75.6004
-72.2255
-73.2204
-74.6873
-76.2999
-74.7174
-70.1358
-70.1464
-71.6568
-69.6823
-75.6384
-73.0211
-73.0147
-72.3788
-72.5548
-72.4371
-73.7193
-75.3321
-75.2515
-70.997
-70.6666
-71.9487
-73.1981
-68.7724
-73.9378
-71.7902
443669
-72.5513
-75.2515
-71.6985
-72.5548
-72.3441
-71.6266
-72.8359
-72.3163
-74.0946
-71.9569
-71.6423
-72.8849
-73.947
-68.7415
-72.3348
-70.4795
-74.6364
-70.4903
-72.7918
-71.9925
-72.7387
-70.174
-72.7209
-70.6199
-71.7542
-73.088
-72.1212
-73.345
-74.0008
-73.921
-73.3541
-73.3219
-71.456
-74.7325
-72.9472
-72.5095
-73.4558
-73.947
-72.4408
-70.2672
-71.2966
-73.1738
-73.6187
-73.7632
-73.0478
-75.3347
-69.0417
-71.2239
40786.8
-69.8866
-72.6371
-75.3321
-73.0383
-73.4771
-74.5624
-73.7293
-73.7632
-72.6403
-72.0916
-70.4654
-73.87
-71.9268
-73.584
-72.6413
-69.5221
-75.6004
2.40869e+006
1.24689e+006
-72.5779
-73.443
-69.5056
-69.0375
-70.196
-72.2228
-72.2434
-74.0008
-70.6226
-71.063
-71.3317
-73.205
-72.104
-69.9793
-73.6092
-73.584
-71.699
-73.4041
-73.8257
-75.3347
-74.8108
-75.3155
-75.2515
-73.474
-73.4313
-71.1367
-72.2698
-77.177
-72.6476
-73.7264
-75.5893
-74.6271
-72.7072
-75.6004
-75.2515
-74.3679
-73.4631
-72.5635
-75.2515
-74.2768
-71.2444
-73.0878
-74.735
-76.2999
-73.2472
-73.4831
-73.0423
-74.1362
-73.6839
-71.2543
-72.8413
-73.9431
-75.0942
-75.2812
-72.7122
-73.013
-71.221
-71.4504
-72.8522
-69.6022
-70.4449
-73.1008
-74.3648
-71.1927
-70.4358
-71.6158
-72.8324
-70.7066
-72.1048
6.09282e+006
-68.3177
-75.2812
-72.1266
-76.2999
-72.7261
-74.9094
-71.3302
-73.337
-71.427
-74.4898
-73.2936
-72.0152
-73.6445
-68.1591
-72.1318
-73.8653
-76.2999
-74.039
-73.2811
-73.448
-74.3679
-75.5893
-76.2999
-72.4637
-71.6002
-69.0541
-72.1625
-76.2999
-71.5598
-71.6524
-71.9747
-72.4481
-71.4035
-72.2434
-74.9094
-73.8257
-73.9548
-71.8776
-74.363
-75.3113
-74.4696
-72.1944
-74.836
-73.0508
-73.4089
-73.3966
-71.48
-77.177
-73.8526
-74.6314
-73.9036
-75.3347
-70.0063
-74.1017
-70.731
-74.2894
-76.2999
-73.0444
-73.2317
-71.3146
-73.0942
5.42357e+006
-74.3335
-71.0704
-76.2101
-75.2294
-77.177
-74.6117
-71.4697
-74.4696
-69.4709
-70.1476
-73.1886
-71.9546
-72.0544
-74.4228
-75.365
-76.2101
-75.2066
-71.3321
-70.8376
-63.5149
-72.3202
-72.3484
-72.8328
-72.4548
-75.2294
-75.2294
-73.9055
-72.2666
-71.6431
-70.9207
-70.7128
-71.5953
-74.0946
-71.0672
-73.405
-72.567
-77.177
-72.5949
-73.5744
-75.1464
-72.1105
-73.583
-77.177
-72.2555
-70.1372
-72.0561
379283
-71.4877
-73.1188
-73.3544
-41.0236
-74.6364
-73.8817
-74.392
-72.3675
-73.1059
-74.1815
-71.412
-71.7756
-72.3056
-75.6384
-74.735
-72.6073
-70.9251
-74.481
-73.2632
-72.1014
-72.5205
-71.4635
-73.7494
-71.6767
-70.2128
-75.0942
-73.9008
-74.4234
-72.8287
-74.5624
-73.2782
-73.1541
-73.4779
-73.7062
-71.4943
-74.416
-71.8142
-74.9059
-72.0708
-73.0053
-72.384
-73.0912
-73.0295
-72.4389
-75.4214
-72.1787
-74.8252
-71.5492
-72.213
-70.337
-71.7279
-75.6004
-75.5893
-77.177
-73.5504
-75.2294
-71.8016
-73.6839
-73.2253
-71.0381
-74.5111
-72.9504
-73.9121
-72.3172
-73.5963
-72.8132
-77.177
-70.6557
-70.217
-72.9167
-75.3321
-75.2066
-72.308
-72.1535
-72.2147
-73.0723
-68.1126
-72.055
-72.6709
-70.9101
-73.2101
-72.5156
-72.0737
-74.6387
-73.8884
-71.6792
-73.5295
-71.9386
-73.8234
-72.1718
-74.3648
-72.9556
-74.4376
-70.4049
-70.7572
-71.6767
-73.4648
-71.6861
-73.1541
-74.7174
-71.0977
-73.4779
-74.2579
-71.9487
-74.3778
-68.2974
-73.0345
-73.2767
-73.234
-77.177
-77.177
-70.4847
-76.2101
-75.6004
-74.836
-75.2812
-71.0924
-72.6951
-71.1729
-75.0942
-71.7165
-73.8976
-72.2054
-71.2471
-70.675
-71.8468
-72.4848
-67.8019
-70.5696
-73.906
-71.1103
-74.6729
-72.0064
-71.033
-70.4693
-72.7399
-72.5836
-72.6108
-69.6137
-74.7554
-73.337
-72.7154
-72.4948
-77.177
-70.2109
-77.177
-71.2168
-75.3321
-72.6301
-73.0053
-76.2999
-70.5831
-72.7406
-74.5111
-72.4328
-74.8252
-71.478
-74.8291
-71.473
-74.4898
-70.0616
-75.3347
-75.0942
-71.8428
-69.7845
-73.8901
-74.3688
-74.5335
-71.3479
-74.814
-73.3314
1.41662e+006
-74.796
-71.7223
-72.1535
-70.6205
-71.9565
-74.6309
-73.7494
-68.9752
-72.4397
-72.9622
-73.4066
-74.8176
-75.2515
-72.0182
-72.2068
-71.948
-71.77
-76.2999
-71.5939
-72.4094
-69.0526
-74.735
-69.2067
-69.7941
-74.5111
-74.5268
-72.0127
-72.7971
-73.6609
-73.7913
-72.3477
-73.264
-71.5288
-75.3155
-75.2515
-73.0364
-74.8176
-73.5889
-73.8437
-71.4439
-72.801
-74.3648
-75.365
-71.6211
-67.4736
-74.4127
-73.5815
-75.6384
-73.9989
-72.4812
-75.2066
-75.6004
-73.8295
-70.5105
-71.5168
-75.3321
-70.6276
-73.6252
-74.3299
-72.1263
-74.9094
-75.5893
-71.9054
-73.5273
-70.4151
-73.921
-69.7604
-74.8114
-74.2422
-73.9852
-70.0029
-68.4184
-71.6142
-71.5947
-77.177
-73.5635
-71.524
-72.3836
-72.8079
-71.4175
-72.885
-70.1225
-70.785
-74.5624
-73.8829
-73.0212
-69.8619
-72.7375
-72.8663
-72.3888
-72.1569
-72.2639
-74.8252
-75.5893
-71.5368
-70.9821
-74.814
-71.1114
-73.083
-71.8791
-73.0711
-71.3927
-73.4066
-71.0723
-71.3198
-72.771
-72.3152
-71.8413
-73.5995
-71.4827
-71.3122
-71.5265
-73.7557
-72.7123
-62.4626
-69.4281
-74.6873
-72.4498
-72.632
-77.177
-72.5755
-73.0797
-75.3155
-72.4095
-74.3778
-73.0244
-73.8784
-71.4914
-72.3659
-76.2999
-73.9852
-71.9479
-77.177
-72.3956
-74.814
-72.9622
-71.7539
-72.0244
-74.836
-71.9443
-71.6253
-72.3812
-72.9297
-71.3076
-74.0255
-73.5859
-74.4696
-71.6399
-73.7293
-73.2668
-74.4597
-73.8725
-75.127
-75.2294
-73.7796
-73.7659
-73.377
-70.4829
-72.4659
-73.6998
-73.0845
-73.3488
-73.0116
-71.2345
-75.2515
-68.9581
-69.5734
-71.7886
-72.259
-76.2999
-73.9055
-75.4214
-76.2999
-70.9671
-72.2027
-75.3155
-75.2515
-74.2894
-75.3321
-70.4388
-70.5085
-72.1768
-72.6046
-72.4999
-72.8636
-72.3308
-72.0761
-73.5659
-74.4061
-77.177
2.50224e+007
-76.2999
-72.1855
-72.5901
-72.9593
-68.8562
-70.4917
-75.3347
-72.4004
-76.2999
-73.9548
-74.6729
-72.4358
-75.6384
-77.177
-73.3275
-72.4901
-70.9979
-71.5854
-75.1464
-72.5772
-71.8932
-76.2999
-73.7586
-74.1734
-71.3444
-72.5548
-70.1621
-74.6117
-73.2937
-68.3312
-72.3582
-72.274
-71.3129
-71.5892
-71.899
-73.216
-71.7413
-73.9854
-71.7363
-70.3652
-72.2066
-75.1464
-68.5104
-74.4228
-74.836
-71.5587
-72.0487
-72.3551
-71.5303
-73.157
-71.7638
-75.4214
-73.8679
-68.4474
-71.1115
-69.6742
-75.2294
-73.3116
-74.6387
-71.9881
-72.2997
-74.4898
-74.6314
-72.6532
-70.6286
1.54622e+006
-76.2999
-74.8252
-73.5601
-75.2812
-70.3397
-67.226
-69.2196
-73.4484
-73.8976
-71.686
-69.0043
-72.8359
-70.4724
-74.0058
-75.2294
-71.7185
-73.5963
-72.2945
-70.8765
-72.4742
478931
-73.6855
-70.5207
-73.5265
-72.7398
-73.2347
-73.7122
-73.6896
-72.5901
-75.2066
-72.3118
-71.3642
-72.4004
-71.5051
-73.9259
-70.7447
-73.8415
-73.9551
-77.177
-72.0715
-68.586
-73.8976
-70.8675
-73.0129
-74.7826
-74.7826
-71.1924
-71.9608
-74.4898
-73.9334
-74.6729
-72.8492
-70.9804
-70.776
-71.8636
-73.4178
-71.446
-71.5172
-71.2763
-71.8437
-72.7461
5.43216e+007
-70.2417
-77.177
-72.7979
-71.5514
-73.4484
-66.4763
-75.5893
-71.8468
-73.8641
-74.9094
-69.7952
-71.8661
-77.177
-71.9533
-68.8886
-75.3321
-72.4004
-72.9102
-74.2723
-71.2512
-72.4192
-71.3907
-72.196
-71.1772
-72.6498
-73.7461
-72.2934
-72.2145
-74.3805
-75.3321
-72.9415
-68.5551
-73.8817
-72.785
-73.5413
-74.0946
-76.2999
-71.1893
-73.8655
-71.882
-73.3241
-69.4801
-70.434
-74.392
-73.0714
-72.9196
-75.3347
-71.7552
-72.0318
-71.834
-77.177
-73.5601
-73.5295
-73.2076
-70.7954
-71.4035
-71.6399
-71.1856
-72.6113
-72.3975
-73.6129
-74.3383
-72.8324
-73.2811
48354.4
-71.4222
-74.3299
-75.2515
-73.1584
-72.3421
-74.4148
-72.8636
-77.177
-73.2811
-73.2134
-74.7826
-71.4105
-71.5647
-72.159
-72.877
-71.077
-75.3113
-71.2814
-71.7509
-74.0265
-74.3227
-73.6896
-73.4066
-74.3299
-67.7653
-70.0551
-73.9416
-70.9066
-73.2914
-73.0808
-71.4676
-73.87
-72.4004
-73.6779
-72.6786
-70.9396
-72.1718
-75.2066
-75.5893
-75.6004
-70.8335
-73.5473
-76.2999
-70.8131
-72.561
-73.1075
-70.5767
-72.2134
-68.3986
-71.1644
-73.474
-72.3483
-75.0942
-74.836
-72.4692
-77.177
-74.4696
-73.214
-75.5893
-73.0508
-76.2999
-71.5904
-72.7397
-77.177
-72.1019
-73.7442
-74.2928
-74.1861
-73.9151
-70.4904
-74.415
-72.9874
-71.2282
-70.8784
-46.581
-75.5893
-75.2812
-68.3631
-72.7387
-70.7008
-73.1541
-74.2579
-71.6108
-77.177
-73.87
-73.8686
-72.5803
-68.4294
-71.1023
-74.6873
-73.8581
-72.4386
-71.781
-71.2145
-72.4521
-70.9667
-75.4214
-72.4856
-72.4433
-74.3278
-75.5893
-73.4568
-75.6384
568853
-72.992
-73.462
-72.8108
-71.3396
-73.1503
-72.7654
-71.4842
-74.796
-71.0427
-73.216
-64.6029
-76.2999
-70.2542
-71.8616
-72.1029
-74.4061
-75.1464
-75.6004
2.94735e+006
-75.3113
-71.4
-73.1747
-72.8808
-75.4214
-71.0876
-71.8643
-74.2422
-70.1701
-73.3012
-70.7443
-71.0642
-72.3443
-73.4123
-67.9624
-76.2999
-73.1561
-72.0697
-76.2999
-75.4214
-74.8176
-72.8465
-75.6004
-72.5604
-74.6364
-70.051
-70.9291
-73.9483
-72.2272
-73.2084
-74.735
-74.7174
-73.5624
-72.4784
-74.8291
-74.8108
-71.4771
-75.2812
-70.4131
-73.756
-74.7826
-74.3852
-75.1464
-75.3113
-72.8013
-71.1364
-69.2871
-71.6181
-72.166
-72.6371
-73.7669
-70.5776
-69.7893
-69.8277
-72.4715
-70.7835
-75.3155
-71.3946
-73.798
-73.5273
-72.7795
-70.9295
-72.0338
-71.7526
-71.4997
-71.3296
-72.0623
-73.3541
-73.7312
-72.4498
-72.1004
-74.8176
-71.9269
-71.9459
-72.9027
-73.6375
-73.4536
-71.3304
-73.337
-72.896
-75.2515
-73.5995
-75.2066
-77.177
-72.2802
-73.1578
-72.6762
-72.1792
-73.5488
-74.4898
-73.5171
-73.2198
-73.1886
-69.0164
-71.0135
-69.8802
-73.7081
-75.2066
-73.2772
-71.688
-70.053
-73.1853
-72.3355
-71.9411
-74.8108
-70.7947
-72.9773
-71.8917
-69.279
-75.127
-75.2812
-73.3387
-71.6864
-74.6729
-73.9055
-74.2894
-72.8279
-73.9483
-72.8014
-71.848
-71.9341
-74.4061
-70.971
-70.4426
-75.4214
-75.2812
-70.6631
-71.6904
-74.7826
-72.6037
-73.8976
-68.1054
-73.5093
-72.328
-72.5236
-77.177
-74.796
-72.7876
-73.4205
-70.5436
-73.9989
-70.7599
-70.9127
-71.8807
-72.4306
-73.0828
-72.0391
-71.8135
-75.3347
-73.345
-76.2101
-74.6117
-74.796
-69.3998
-72.9027
-75.2066
-73.8686
-74.485
-72.1252
-70.8991
-71.6864
-71.1182
-74.6314
-72.2982
-74.6318
-70.9688
-73.115
-67.77
-73.3292
-71.6623
-75.2515
-71.812
-74.0058
-72.3443
-72.7064
-75.3347
-77.177
-71.9443
-72.229
-71.3316
-75.3321
-72.2731
-72.5418
-75.3347
-73.5808
-72.1004
-73.5635
-70.1164
-74.6309
-69.0265
-72.2922
-71.3247
-72.4472
-73.9121
-72.2458
-75.3347
-68.8153
-74.2297
-73.5469
-70.8776
-72.6552
-75.365
-73.9044
-72.2715
-72.964
-68.7321
-74.6873
-77.177
-71.0097
-67.3526
-73.5469
-73.8581
-75.365
-71.5403
-75.3155
-71.1334
-72.4583
-72.2482
4.81819e+008
-71.2437
-75.2066
-69.9514
-72.9702
-71.7835
-71.7181
-69.5316
-75.365
-72.2946
-71.7474
-72.6993
-70.9248
-72.6278
-71.1573
-70.8894
-75.5893
-75.4214
-70.4753
-71.8204
-71.1725
-74.2248
-74.2422
-71.2323
-74.7826
-70.6389
-74.8108
-72.2576
-73.8976
-75.5893
-71.5212
-75.3155
-73.5703
-72.3202
-72.4784
-71.6747
-72.4523
-70.5422
-73.5273
-72.1767
-72.4681
-69.1902
-72.3172
-72.1736
-73.7494
-75.3347
-71.2347
-72.8388
-71.8724
-71.1092
-73.4226
-68.8473
-73.3922
-72.0519
-71.7862
-72.8744
-75.127
-67.2704
-72.4369
-71.4082
-77.177
-73.3941
-72.4104
-71.4579
-71.9496
-70.1798
-74.7174
-69.7876
-73.5198
-71.8859
-74.392
-72.8679
-72.7397
-74.415
-73.8653
-73.1673
1.32825e+006
-74.4061
-72.8157
-71.3537
-72.6402
-72.1378
-72.0169
-69.7307
-73.584
-71.1221
-74.1815
-75.5893
-74.796
-72.3568
-76.2101
-72.8011
-73.0329
-69.7502
-70.9711
-73.1072
-72.9907
-74.415
-72.1461
-73.7554
-72.3465
-70.6506
-71.9312
-71.3321
-75.3321
-73.474
-73.4979
-69.8478
-77.177
-73.7724
-71.9606
-71.179
-72.8413
-72.5324
-75.0942
-73.4356
-71.5168
-70.9659
-75.1464
-76.2999
-69.6195
-77.177
-75.4214
-71.3619
-71.4182
-75.5893
-71.359
-72.3529
-72.6487
-67.3259
-73.7494
-73.0161
-72.244
-74.0022
-71.1756
-71.8853
-74.7826
-74.8252
-72.4901
-75.3155
-74.2297
-71.9501
911780
-73.3799
-69.955
-72.8986
-68.3674
-72.8491
-70.5189
-72.3649
-74.7174
-77.177
-71.8475
-74.3256
-72.8225
-71.8104
-74.6729
-72.7821
-73.0508
-71.7659
-72.6203
-71.3801
-73.7632
-73.7669
-71.1573
-73.5975
-73.7122
-71.1819
-72.1792
-73.4733
-70.4879
-75.5893
-73.6368
-74.4228
-71.1273
-71.6082
-73.3518
-73.2123
-73.0508
-76.2101
-73.5295
-73.7062
-41.1901
-71.9423
-74.6271
-71.4831
-77.177
-72.917
-73.5841
-74.6387
-73.3233
-69.4647
-75.6004
-73.4219
-71.9258
-68.6232
-74.2695
-72.344
-71.8073
-67.8736
-74.5754
-71.1994
-73.6998
-75.3155
-75.2812
-69.5135
-72.6854
-74.485
-70.6471
-71.4306
-73.8526
-74.6271
-74.8291
-75.3113
-72.7644
1.19288e+006
-74.8114
-73.5111
-72.8251
-73.0478
-72.4212
-71.5711
-75.2294
-72.5106
-73.966
-77.177
-73.1059
-73.0636
-69.081
-75.5893
-72.8178
-73.6896
-72.164
-69.4959
-72.4498
-72.4984
-73.7669
-73.5074
-72.1212
-72.2934
-77.177
-72.2565
-68.6615
631733
-71.8276
-72.698
-70.8716
-72.1488
-72.9057
-72.4812
-73.1973
-74.6309
-74.3299
-70.3278
-56.6638
-71.2816
-73.8581
-69.7774
-70.456
-74.5111
-72.4638
-72.1969
-72.4265
-71.244
-74.796
-71.2015
-74.2579
-74.3627
-72.93
-72.7461
-75.6384
-73.5276
-71.6365
-74.8114
-70.9225
-73.3883
-67.237
-72.5164
-73.1967
-68.9261
1.30443e+009
-72.992
-73.7796
-73.7659
-73.4779
-72.5095
-74.814
-73.3219
-75.2812
-72.0332
-73.7122
-72.068
-71.9812
-69.9086
-72.4386
-73.9896
-73.3922
-77.177
-71.2732
-74.4061
-68.1171
-73.9989
-74.3299
-77.177
-70.9608
-73.4385
-73.9086
-73.1001
-70.3333
-73.7691
-72.2196
-77.177
-73.0869
-72.9948
-72.0012
-70.2185
-71.8475
-75.2294
-73.6096
-73.2937
-75.2294
-74.4148
-73.5237
-73.0797
-73.0129
-73.205
-77.177
-73.5488
-73.848
-72.4754
-73.8063
-75.3155
-71.4988
-71.573
-74.2422
-73.8581
-73.4984
-74.1017
-72.7401
-71.1398
-73.0015
-74.0652
-71.8098
-70.1594
-69.7074
-73.157
-73.443
-73.1528
-73.0405
-72.1597
-67.843
-70.1062
-73.5654
-72.4825
-73.3966
-74.0009
-73.2914
-73.3544
-74.8108
-72.5353
-72.8834
-73.1008
-72.4328
-72.388
-74.5111
-72.1524
-72.5769
-75.3347
-69.6331
-71.7106
-72.4831
-71.5452
-73.337
-73.6445
-73.474
-73.4062
-74.481
-73.2472
-71.6092
-71.9126
-74.3335
-74.2248
-73.4385
-69.0789
-74.836
-71.3429
-74.814
-73.4761
-70.8668
-73.7554
-72.7123
-74.5335
-75.127
-70.7604
-72.0455
-73.1398
-72.2633
-75.2515
-74.6364
-75.2066
-72.8014
-76.2999
-73.9378
-75.4214
-76.2999
-71.171
-72.4945
-72.3803
-76.2999
-73.9741
-73.205
-72.8108
-69.9831
-73.5098
-72.9475
-73.8234
-72.9584
1.90749e+006
-72.7978
-75.2066
-73.0774
-68.2786
-73.7384
-72.917
-70.1617
-68.6098
-73.6096
-71.644
-75.0942
-74.7174
-69.1054
-71.3076
-74.2422
-75.3113
-73.9151
-70.1435
-72.7904
-71.879
-71.1741
-73.3193
-72.8612
-72.0721
-72.1134
-69.3863
-72.9371
-77.177
-75.3113
-72.6991
-69.4521
-72.8733
-75.5893
-71.3722
-74.4898
-73.2069
-72.9746
-74.392
-71.5347
-75.0942
-71.2179
-72.1056
-75.6004
-73.0496
-71.4724
-74.4376
-72.2076
-72.6224
-73.9132
-72.5138
-73.5198
-72.7831
-73.4759
-73.5098
-70.8536
-71.362
-70.7677
-75.2066
-71.8809
-74.1673
-69.591
-51.4623
-71.8903
-72.7795
-74.2422
-73.6779
-73.8725
-72.8454
-75.2294
-73.3835
-73.6187
-75.2515
-70.3634
-70.2269
-71.3722
-68.1915
-75.2812
-70.4518
-71.4167
-73.9431
-72.6582
-72.4931
-75.2812
-76.2101
-68.8003
-73.8824
-73.4123
-73.9604
-75.127
-68.8131
-71.4105
-71.9911
-70.3941
-75.6384
-75.2812
-65.4201
-71.5511
-74.8108
-73.5601
-73.216
-73.5473
-73.0519
-75.2515
-71.7052
-74.363
-75.2812
-69.23
-73.2934
-72.4351
-70.1525
-73.2811
-71.9301
-71.2505
-69.4644
-76.2999
-69.4943
-71.6563
-71.2258
-71.8672
-72.7201
-72.1591
-73.3922
-71.6162
-71.8245
-72.7375
-69.321
-72.426
-72.5075
-70.8311
-71.5027
-72.9538
-72.0943
-74.735
-71.368
-75.5893
-75.3113
-73.906
-74.6271
-75.4214
-73.1853
-72.0453
-72.4473
-73.8529
-70.9974
-70.8864
-73.4558
-73.8526
-74.1734
-74.392
-71.9012
-73.8939
-73.3518
-73.9187
-71.7951
-69.5235
-73.0459
-72.8567
-70.205
-75.3347
-71.5419
-72.4681
-71.1634
-74.796
5.70653e+006
-72.7808
-69.8799
-75.2294
-72.7505
-71.1529
-73.9151
-73.8581
-72.9987
-69.6655
-70.9587
-72.512
-73.3883
-66.9444
-73.448
-73.6368
-72.2963
-73.7481
-72.076
-71.9049
-69.8697
-71.9782
-72.7003
-74.3648
-68.0449
-71.5102
-72.246
-72.1406
-72.7821
-72.0245
-69.9477
-71.1973
-70.9001
-73.7213
-75.3113
-73.7669
-76.2999
-71.0249
-71.9962
-75.5893
-68.2045
-72.0398
-72.466
-68.214
-71.222
-71.4322
-73.9729
-72.8875
-71.487
-77.177
-69.1855
-73.5295
-74.6314
-73.3541
-72.6959
-75.3347
-76.2999
-71.8711
-70.6746
-72.0025
-73.8529
-75.4214
-69.6631
-73.9896
-74.2928
-75.3321
-77.177
7.47868e+006
-72.3254
-71.8767
-70.4345
-73.9431
-74.1861
-70.9022
-75.1464
-72.2828
-75.5893
-68.3401
-74.6271
-73.8581
-76.2101
-71.1551
-70.7366
-73.0714
-72.2302
-71.9313
-70.4095
-72.5637
-72.5966
-69.6617
-71.8591
-71.7102
-73.216
-73.0153
-73.2914
-73.5273
-75.2066
-72.1627
-68.9504
-71.5281
-72.5099
-70.5069
-71.2946
-75.365
-69.9906
-75.5893
559004
-75.2066
-68.6933
-69.7644
-72.4265
-69.5226
-74.3299
-74.4597
-74.039
-69.2627
-73.8017
-75.6004
-70.8008
-73.4953
-74.7826
-71.1588
-71.7036
-73.4751
-72.5114
-69.2947
-72.3587
-71.9925
-73.1712
-74.481
-73.8641
-75.3347
-75.5893
-70.386
-74.4234
-74.485
-72.0715
-72.642
-73.7293
-73.3374
-74.5624
-73.6926
-72.7933
-75.2515
-72.6069
-75.2066
-70.8607
-71.7057
-77.177
-72.9412
-71.9748
-72.1308
-74.415
-75.3155
-73.9031
-75.2294
-73.1044
-73.4095
-72.7084
-73.731
-71.9773
-75.1464
297659
-74.7554
-73.4638
-66.4536
-73.87
-74.3679
-77.177
-75.1464
-71.4459
-72.3693
-75.2515
-72.3184
-73.214
-74.6387
-72.698
-73.7312
-72.1766
-72.5013
-73.3941
976627
-71.0804
-73.053
-71.2133
-73.8563
-72.3312
-72.654
-73.4231
-73.4066
-73.6375
-76.2999
-77.177
-71.4056
-74.7371
-71.8636
-77.177
-71.3247
-73.6319
-70.6994
-72.6202
-73.0336
-73.3233
-77.177
-74.8291
-72.0721
-75.3155
-77.177
-72.1829
-72.0231
-72.8626
-74.7826
-70.5341
-73.6319
-71.7465
-70.7963
-70.6939
-72.4472
-74.8252
-72.8656
-73.0736
-71.4558
-71.83
-71.2267
-73.2253
-75.5893
-70.6107
-72.4637
-74.5111
-72.8473
-68.9092
-74.6309
-74.8252
-71.734
-67.9038
-72.9421
-74.4376
-73.0723
-73.2317
-73.719
-72.9698
-72.1493
-71.9739
-71.2519
-72.1756
-71.8508
-70.6679
-73.1904
-69.0265
-73.3387
-72.0013
-75.2515
-74.4597
-74.7325
-75.3113
-71.4892
-73.4385
-73.7483
-67.5546
-71.7574
-74.4061
-75.6384
-72.1147
-74.4196
-70.9391
-71.6894
-71.5486
-71.576
-72.9371
-75.0942
-70.0064
-75.3321
-72.4029
-73.9331
-71.4182
-73.448
-73.3219
-75.4214
-75.6004
-72.0423
-71.6409
-73.1843
-73.9173
-71.4138
-72.8656
-73.3646
-74.836
-73.9388
-73.6238
-70.504
-73.9086
-73.5633
-71.911
-71.4411
-70.7039
-72.3287
-72.3798
258333
-69.6816
-73.8683
-73.9571
-71.8406
-76.2999
-72.4901
-70.7205
-73.1271
-72.6113
-70.2084
-72.3074
-75.3113
-70.5046
-71.5307
-69.8651
-71.6204
-73.5171
-71.5332
1.5497e+007
-73.0668
-69.676
-70.9349
-75.2515
-75.2066
-72.5052
-71.5178
-72.3849
-72.3025
-75.6384
-72.4303
-72.197
-76.2999
-73.5828
-77.177
-73.771
-71.8396
-71.7775
-73.8815
-72.8359
-73.4311
-74.8114
-73.5398
-72.9503
-70.9939
-71.6466
1.0495e+006
-70.1782
-73.264
-70.0288
-74.4234
-72.3308
-70.8626
-72.3346
-72.9933
-74.0265
-73.4733
-74.7268
-71.9526
-71.6128
-70.8137
-74.3383
-69.8963
-72.5949
-73.0183
-73.1111
-76.2101
-70.285
-73.8581
-72.0306
-72.2019
-73.7494
-71.9054
-71.7782
-74.7174
-73.5236
-73.5703
-71.0533
-71.7936
-74.9059
-70.604
-72.8679
-71.7086
-71.0893
-74.5624
-71.0735
-73.8683
-74.6314
-75.127
-77.177
-72.4015
-72.6153
-74.4196
-73.1051
-73.7062
-74.6309
-71.6641
-73.9378
-71.6092
-70.962
-73.0168
-73.0975
-72.7529
-75.3155
-75.365
-71.2562
-72.6733
-73.6096
-73.6192
-75.4214
-74.814
-74.1734
-72.725
-74.392
-73.9854
-73.4125
-73.6751
-72.3907
-72.7084
-73.6492
-77.177
-75.3321
-72.6413
-74.8291
-73.1385
-74.6271
-75.0942
-72.0165
-75.3347
-73.87
-72.0761
-69.3323
-68.6127
-64.8162
-73.5273
-74.0255
-73.9044
-70.4676
-69.7358
-72.7935
-72.9874
-71.0333
-70.7056
-72.394
-75.127
-76.2999
-70.5315
-77.177
-69.9808
-73.9357
-73.289
-71.5892
-39.2925
-75.3321
-73.2091
-72.9041
-69.7351
68184.4
-71.9318
-71.5068
-72.5095
-74.6729
-72.45
-70.9924
-74.4376
-75.3347
-74.5268
-72.5164
-73.7331
-72.0941
-74.2768
-71.0012
-72.8413
-73.026
-71.0976
-71.2109
-73.5473
-72.4472
-71.5058
-75.4214
-73.8525
-71.8256
-73.7461
-74.8252
-73.0398
-73.3611
-73.9259
-71.5486
-71.6438
-74.6309
-74.2768
-72.1574
-74.0255
-72.0751
-73.706
-71.8887
-74.7268
-75.3113
-43.0014
-73.966
-75.6004
-72.9364
-72.002
-74.8114
-72.0064
-73.4645
-72.8875
-75.5893
-73.3941
-71.687
-75.2066
-71.6072
-75.2066
-71.9444
-73.9852
-72.7257
-72.288
-72.93
-71.981
-72.0965
-75.4214
-72.2262
-74.0652
-74.3627
-73.756
-72.5075
-74.4228
-73.4089
-70.0143
-72.1718
-76.2999
-72.0234
-74.814
-74.0022
-73.4066
-70.1996
-72.6607
-73.1578
-73.083
-75.2066
-75.2066
-74.6309
-70.6691
-71.5067
-75.4214
-72.093
-72.0171
-73.4062
-70.4398
-72.8413
-74.6364
-70.6987
-71.8498
-73.7494
-71.5691
-74.481
-71.3764
-75.3347
-73.2736
-72.8454
-71.6397
-75.3155
-72.1619
-73.9008
-71.8066
-74.481
-74.485
-73.3883
-72.897
-75.3155
-73.4984
-69.5969
-70.6351
-73.5171
-73.7481
-72.2145
-69.8172
-73.7557
-72.2835
-72.2655
-71.8422
-75.3321
-72.5837
-72.2277
-72.4029
-73.7659
-75.0942
-75.6384
-72.7292
-70.837
-71.8106
-73.8655
-73.1059
-69.6283
-72.8709
-71.8493
-73.9036
-70.3488
-73.0088
225104
-76.2999
-73.6368
-76.2101
-72.6256
-72.8899
-68.7932
-74.6314
-73.9854
-74.0972
-73.1944
-77.177
-73.8603
-73.205
-71.8809
-73.451
-73.4385
-72.6295
-73.2297
-71.9925
-74.9094
-73.1738
-71.546
-75.2066
-73.8653
-73.4089
-71.4626
-74.0058
-72.4084
-72.8104
-75.1464
-70.7752
-67.9874
-72.5738
-73.731
-71.4668
-70.9779
-72.7365
-75.3321
-73.1561
-72.5095
-73.6492
-73.1075
-71.1771
-69.34
-73.4568
-67.4573
-76.2999
-73.0015
-72.7794
-74.3234
-69.1747
-70.7778
-77.177
-74.485
-71.7635
-74.814
-73.771
-72.1772
-75.4214
-70.0352
-73.1305
-72.7889
-73.0519
-73.0478
-72.6305
-75.2515
-71.4549
67841.8
-68.6371
-69.6024
-77.177
-77.177
-72.3792
-70.8261
-72.5944
-73.9624
-69.6483
-71.9054
-70.2243
-72.719
-71.348
-74.4259
-72.8899
-75.6384
-77.177
-73.771
-72.2068
-52.4391
-71.0472
-72.1777
-71.3817
-73.6129
-72.2145
-77.177
-73.6445
-71.8299
-72.1499
-71.2261
-73.2848
-75.5893
-73.5276
-71.1904
-73.0758
-71.926
-70.6886
-73.5659
-71.8097
-71.8408
-72.8806
-74.7826
-74.8252
-70.9804
-74.4196
-72.0315
-72.1527
-68.5124
-73.9431
-71.0485
-72.826
-71.8353
-76.2999
-73.8805
-74.4234
-73.1111
-71.4297
-71.8086
-71.92
-72.3084
-74.8252
-73.2972
-72.3065
-70.9473
-73.389
-71.54
-73.5434
-73.8784
-71.1741
-70.8269
-73.0929
-73.7502
-73.6678
-72.6933
-75.6384
-72.3312
-74.8176
-75.2066
-71.3675
-73.6238
-72.6466
-71.6982
-69.8649
-69.4834
-71.7782
