544971
882501
7.5573e+011
2087.83
21149.3
75980.2
87817.1
549272
743586
3831.06
43880.2
2.41751e+006
59431.1
14408.6
143860
7755.59
465712
3037.57
2.26106e+006
2.12762e+009
7.14455e+006
2.97303e+007
9.93414e+009
35307.6
4.50984e+008
1.11625e+007
411073
54153.4
324.924
4.78228e+006
1.00044e+006
51926.5
327733
24682.4
3.80568e+007
221371
199455
1.16751e+006
2.49869e+006
2.90533e+009
11650.3
1743.86
310064
554529
6.36191e+006
265207
13198.8
4.03712e+006
308394
4.80455e+012
6.72703e+007
37554.6
628288
169568
115626
23697
3.16728e+008
7.55012e+008
5.02751e+009
6351.19
99024
4.36579e+006
3.89124e+007
223291
18657.3
2.44582e+006
3.69017e+006
1.30578e+006
4.78058e+008
182535
1.29813e+007
2.60778e+006
3.54491e+006
1.10115e+011
5.37392e+009
93833.4
14329.8
2.21204e+008
1.6081e+007
90069.5
661850
28062.9
1.92548e+006
5843.22
377444
1.82373e+007
203517
2.38629e+006
3.23895e+008
14153.9
1.60064e+006
4.83834e+006
1.08785e+008
37568.7
2.55398e+009
1.11851e+007
18233.6
9.00625e+006
8.0246e+010
16511.6
841553
175542
2.91216e+008
965928
83170
52550.8
4.52816e+013
127179
7.46905e+006
1.80078e+006
960.146
212441
3.95659e+007
1.12398e+007
3.10388e+006
14734.5
117641
1.04664e+008
2.60254e+008
6.26653e+009
2.93299e+008
628530
5.92769e+008
17300.1
4.13878e+006
138770
2.41144e+009
10441.4
2.66921e+007
1.24981e+007
59678.3
74832.9
4.64852e+007
1.15384e+008
1.82098e+006
9.25067e+009
1.98042e+006
129214
134995
339931
414.01
4.49074e+008
50233.4
30977.9
1.40745e+010
3.58999e+009
1.12696e+006
6.39528e+007
675975
438714
1.6439e+006
4.25084e+009
1.13611e+006
1.28033e+007
1.68151e+012
3.07953e+006
34263.1
1.11013e+009
5.71182e+008
29390.9
2.53637e+007
1342.24
761650
96817
1.55683e+006
9.21361e+006
3315.43
382119
19779.8
1.22658e+006
625452
477885
17279
6.49902e+014
1.48756e+008
6.2399e+007
336404
10595.6
1.8118e+009
1.65488e+008
556375
1.39264e+007
276003
50127.8
6.65886e+014
2.29077e+006
383663
174804
1.69633e+008
757645
211632
8222.22
211434
5.87607e+007
114997
52361.5
35802.2
2155.93
16496.6
616.392
4.83407e+008
60394.3
57998.7
1874.77
1.65295e+007
5.1202e+009
9326.31
8.15097e+007
59021.2
2.23791e+006
89848.7
2178.93
2505.86
41386.9
70106.5
202633
6.82992e+007
3.95586e+007
1.2231e+006
5.32813e+006
138981
257436
3.95953e+006
1.00438e+006
101012
185286
9857.18
1.16005e+006
221318
2.76285e+007
4.45541e+008
5.41212e+006
1.77475e+007
1.44455e+006
2.17201e+009
4.51664e+011
3.01785e+006
1.12896e+009
2036.72
2.54733e+007
2.00147e+008
8.33195e+007
1.93075e+007
63484.7
1.57027e+018
15550.4
1.17651e+006
1.1154e+007
8.75929e+007
6.6148e+006
4.82302e+010
1.34141e+009
12193.9
2.91942e+008
4.7757e+006
15287.6
12757.9
2.31176e+007
1.05606e+008
19777.9
59737.2
15805.5
7562.41
9.18064e+006
8.09934e+009
1142.79
63913.5
6.65431e+009
97508.8
239064
1.20977e+009
8.15251e+007
188775
168919
2.26011e+006
3.69788e+009
4.63948e+009
11823
3.74764e+010
2.98688e+009
5.36505e+007
11569.2
8.07762e+006
1.02408e+012
547.711
19651.8
4.42207e+008
15340
40655
4.48838e+008
14530.6
5.93462e+007
2.5086e+007
35993.5
5.08199e+007
29980
1886.19
9.68083e+006
6.3677e+006
73268.1
1.59606e+008
177948
8.14305e+009
547175
1078.99
1.00723e+010
3.75422e+007
416088
20102
5165.77
168856
1.50083e+006
7.77163e+007
2.18744e+007
2.59041e+009
7.05524e+012
6.72284e+007
3.59367e+007
1.64866e+009
53719.6
10762.5
7.2629e+006
3.11891e+007
1.10615e+009
4.77495e+008
5.4717e+006
161222
2323.06
108042
5.09034e+008
7.90477e+006
1.20704e+006
66699.5
1.41885e+007
2.91285e+008
1.04624e+008
33674.4
1.1271e+008
3.35513e+006
8.43784e+007
1.37077e+009
1.839e+007
10691.8
3.15396e+006
1149.79
628846
6.76514e+011
56492.1
6.47739e+006
2.81702e+007
4.97881e+007
272363
261065
3721.1
6.18938e+007
157104
267909
28848.2
9.28615e+006
1.13219e+006
35930.5
1580.94
2.27496e+009
2.13067e+006
156748
1.19393e+008
1.35883e+006
834447
2.61487e+006
1.09955e+006
80803.4
934247
4.37374e+013
2.04488e+008
2.94782e+006
3.49524e+009
89478.1
68008.7
123335
231458
7.28124e+007
395655
3.21513e+012
42492
112555
13231.9
705.761
22119.6
9.61416e+007
8.93723e+008
127562
4829.15
858.779
11701.2
857230
33850.8
1.40251e+013
297277
3.21964e+007
2.2082e+007
1.80032e+009
275.304
5.07523e+008
476502
7.05442e+008
1.88587e+008
1.54452e+008
260458
7524.56
7.83464e+006
1.58791e+007
1.95697e+007
3.50005e+008
5.83998e+006
2.31614e+006
89758.7
28569.6
279740
2176.46
23186.6
4459.63
1.67473e+012
239320
2739.45
1.56089e+006
59867.1
1.85665e+008
334683
3.93699e+006
7.12231e+012
1.60183e+008
5.35526e+008
3.43305e+007
4.42316e+008
1.33346e+012
1.66822e+007
7298.92
980885
15014.7
8.6783e+006
4493.17
7.66703e+006
343947
32375.1
79969.1
392450
54972.3
461443
238041
1.80804e+007
1.08205e+008
1.00988e+007
9229.2
6.92886e+008
5.50086e+007
1.69777e+008
8.07615e+008
40250.2
4.46029e+007
93261.2
5.98366e+009
6329.09
1276.42
49126.4
4.59808e+007
188771
7.1902e+006
3.20988e+006
1.99033e+006
1.9169e+006
666885
2.11832e+006
1.93503e+007
8.11457e+007
117153
72922
11587.7
41249.1
7.56779e+006
664404
1.88976e+009
2.9349e+008
2.2018e+006
31855.7
153404
20555
8.72881e+006
4.9056e+008
143314
6.39308e+008
79757.6
478.546
7.52467e+007
6.12852e+006
1.14698e+007
2.90024e+006
142214
2.44544e+021
5.94313e+008
40815
3.28174e+006
43286.7
7.91947e+007
1154.73
45392
2.96008e+006
2.79929e+009
30100.4
1.1623e+012
101069
85062
2.78164e+009
3.23405e+006
161742
2.28991e+010
107630
19397
13296.5
560370
562945
4.50112e+006
431418
825096
400046
4223.85
160573
5.68901e+006
1.73625e+009
295344
2.3204e+006
4.01143e+009
1781.38
527593
7355.2
2.73059e+006
178.367
3.96458e+006
1.16335e+007
795.207
2.48539e+012
30067.4
29578.9
1.5842e+007
3941.83
1.05581e+007
23932.5
13814.6
9.37206e+006
1.48278e+007
2.94396e+007
11420.9
10005.1
4.15564e+006
8.55264e+007
41721.1
2.33907e+006
325.778
1.29597e+007
6957.66
4.06366e+006
155659
4475.08
215161
5.39476e+009
1532.59
1.89214e+008
9.88229e+006
1805.1
2.48528e+006
346173
391.351
5263.83
3.03592e+007
6.40834e+006
8.48459e+007
9.51683e+006
3.31402e+008
9.54993e+006
6196.58
4973.5
1.27683e+007
9.18148e+006
69967.9
2.31323e+006
6912
180.633
965296
3.01369e+007
3.48574e+007
7648.63
62694
4.66209e+007
300044
3311.76
7091.28
6.0811e+008
35621
63016.4
8217.94
2576.54
611822
1.28161e+013
2.51452e+007
19190.1
6.46889e+007
4.39565e+008
1.70273e+007
88167.2
41944
58364.1
945.952
1.95977e+006
2.1368e+007
2.46514e+006
762.503
4.62291e+006
3.88659e+008
52204.5
347542
692353
119710
4.29318e+007
3.54224e+006
519.053
1.51493e+010
55316.9
10250.8
128092
5.55114e+007
87340.2
448106
1.3223e+007
113.121
7276.39
1.70098e+006
14883.7
149334
6.51121e+006
1625.6
1.86263e+006
4.73958e+006
2.48799e+006
6.16519e+009
11138.5
774.934
74082.4
8.17866e+009
398975
3.06654e+007
1.81658e+012
366746
2003.41
1.35516e+007
922338
152615
2.13132e+006
149743
2.79358e+006
1.12988e+011
672646
74224.8
1.03144e+009
9.09108e+007
5.1964e+006
1.26993e+007
14364
56253
6876.72
1019.03
346384
3.5852e+013
886909
159231
332733
158984
92324.8
3.10587e+007
3.79913e+008
76679.3
2.44591e+007
849649
75108.1
1.02687e+006
6804.91
180685
59568.6
1.19199e+009
1.37234e+006
1.38481e+006
1.06381e+006
1.55057e+007
196689
6.77468e+006
7848.73
395773
1.17066e+012
20394.8
78807.3
309929
14663.6
30973.6
29058.8
101409
1.15123e+006
4.71204e+010
10233.6
579.07
283659
1089.89
149188
501156
876067
326404
7710.36
60.9515
4609.84
4.67891e+007
2442.78
1.02011e+007
4.3185e+008
65244.3
5.72215e+007
21244.6
30107.7
90993
1.22428e+006
224.534
4.47547e+007
1.1834e+007
11821.7
1.54461e+006
2.63246e+007
4.8646e+009
1.15212e+007
175359
690725
1254.19
554175
65463.7
8514.07
1.64364e+009
47226
3.00507e+011
272846
3.98891e+006
3.11936e+008
6.64837e+007
6.16838e+008
1.21216e+008
3.31827e+008
4189.12
5661.68
201740
15638.7
5.90744e+006
42842.1
598824
288356
1.85489e+008
23581
380272
1.39653e+006
1.53644e+007
1.59328e+007
2026.26
34176.6
2.63141e+006
6.06932e+010
1.0237e+011
1.98494e+009
6.4271e+006
478571
804718
8411.58
4.30435e+007
153647
74875.8
23783.1
2.01565e+006
40757.3
5.82658e+009
259845
2.05661e+007
46729.6
4.31044e+007
249038
179410
1.411e+008
787037
386.151
9.30892e+006
5.40525e+006
1.38168e+008
22844.6
1.04611e+006
25162.6
7.83352e+007
11490.2
446392
3.24627e+011
249314
11205.6
7.49637e+006
5.5519e+006
8.5833e+006
100259
12702.7
5.68248e+006
8367.43
882163
3.15716e+006
9500.08
170893
168370
24939.8
1949.16
4.10903e+008
70219.8
3546.84
6.65731e+007
37996.6
180426
4.82691e+007
592.578
43310.3
2.4906e+006
29648.4
934629
5.47474e+009
89463.5
6.79606e+006
4.28823e+009
105657
2.16616e+008
19271
1.7088e+006
11087.4
3.75166e+010
1.25673e+007
744851
3.8517e+007
13074.1
273172
1776.38
672428
8.0428e+008
37.5161
113558
3.39333e+008
1.5041e+006
1.77899e+006
32537.6
559847
4.30857e+008
213795
2877.99
987262
790415
2.00287e+006
1.00249e+007
645941
80395.5
3.93965e+008
1.57087e+014
1304.46
507599
1.94552e+008
2.0289e+007
617441
40090
2.14495e+007
4244.54
76497.8
1.50204e+006
3.66232e+008
283785
17440
611236
73845.9
1.27018e+008
4.9225e+007
51796.3
231.822
5.13247e+013
4347.39
3.77419e+010
8.32362e+008
6.26443e+007
194292
212647
301683
16668.1
485134
32000.9
377572
1.13585e+007
2.22525e+006
1.81046e+008
2.02867e+011
129274
46136.1
162801
2.32525e+006
6.75579e+007
53768.3
27877.6
3.12293e+007
855139
2.34403e+011
2.64888e+006
84460.1
23211.7
3.63987e+008
4.63905e+011
1.18363e+010
1.85981e+009
6.72687e+006
8.01905e+007
8.60462e+006
406446
181597
1.21333e+006
7.61647e+006
498314
88292.1
112288
7.3653e+011
836792
77242.3
3961.88
22909.4
2.54313e+008
57290
9.84101e+008
16191.1
5.67393e+008
11264.2
9625.85
3.05826e+009
1.22938e+007
7047.99
94525.6
170.274
6.94808e+006
5.02465e+006
1.15882e+007
6.18183e+007
58530.7
4807.67
154673
3.0932e+006
2.11884e+006
3.91325e+006
130288
6.96994e+006
61097.2
1.08145e+009
29000.1
10345.8
114124
2.69693e+010
9.25172e+007
5.36784e+009
3.24587e+006
6.16785e+009
2021.17
1.28704e+007
34373.6
1.38208e+006
82455.6
438871
3.04387e+008
4.76923e+006
4.36101e+006
7.33696e+009
279.272
76653.8
401204
26094.1
6632.65
2.72455e+008
2.52503e+007
5.12793e+006
1.19458e+006
3.53393e+007
2.00282e+007
90479.5
3.78002e+007
2.15584e+007
5.18958e+007
6.89798e+006
2.54699e+006
2170.29
377018
3.84251e+011
1.08592e+007
1.03462e+009
851947
147140
22065.2
1.19704e+006
18639.7
1.14987e+006
105743
75360.3
516867
25730.8
469727
2.28128e+013
274676
31421.2
1.82052e+007
140446
4.59121e+009
8.24685e+010
4.38679e+006
3.52701e+006
3.13077e+008
8.962e+007
3.59732e+008
39591.5
903604
36457.5
71663.5
4.02155e+007
3.89721e+006
172813
151219
2.69006e+006
6.58561e+007
1689.3
1.13391e+009
627881
2.67933e+007
8.47433e+006
9.48371e+006
127036
4.82625e+009
613188
1.1748e+007
9.66522e+011
722395
4.40838e+006
1.52555e+006
1.24854e+006
665757
4.04288e+006
1.64887e+006
18531.9
94123.2
3.00199e+007
2.09685e+006
1.77138e+010
3.14913e+006
1.61884e+006
171657
84065.7
1.91336e+013
1.09596e+006
1.00147e+013
34967
135230
8.6599e+010
2033.21
419090
64646.1
364.461
100944
2398.09
1.40825e+006
1.39259e+009
6.49561e+008
15266.4
3.65571e+008
259996
1.28259e+007
4.38961e+007
3.22382e+008
4.01602e+006
1.20422e+006
47266.1
2.48062e+008
9.04547e+008
395134
21113.6
1.04492e+011
498380
16099.5
88236.4
428027
6.30476e+008
158795
6.05974e+008
52482.4
788.723
422193
816155
40477.6
7758.47
2.31281e+015
167176
48987.6
417466
27627.1
2.6629e+006
1.87905e+007
1.72159e+008
2.32492e+012
254878
361994
4.91595e+007
886205
6.40493e+007
36265.6
9.68873e+010
1.55992e+009
81266.5
19402.1
6009.23
9084.91
9206.44
4.47319e+006
49980.2
1.41914e+006
2.10395e+006
9.80211e+007
2288.94
7.48657e+006
749052
902400
1.59814e+006
5.35565e+007
1.6875e+008
51754.9
47048.5
8078.98
3172.42
1.47185e+006
4.10311e+007
1.26709e+011
2.90495e+006
441658
363445
59709.1
2.26848e+010
1.3368e+015
8.63296e+008
154133
719957
2.27386e+006
30408.2
454853
1.20442e+009
131098
1.6904e+009
83998.6
3.375e+009
1360.56
6.43335e+006
7.17955e+007
3.6939e+007
56963.5
3.40607e+006
9504.81
485441
2.93469e+007
1360.51
83133.9
2.54271e+008
734077
112961
2.07863e+008
6.78918e+006
151450
223526
1.57158e+006
98974.3
2.33593e+009
2004.23
665.109
4.11877e+008
18783.7
262375
3.85702e+007
883149
4.08783e+007
8.97112e+008
6719.84
3025.74
233869
2.68108e+007
3.16698e+006
5460.56
194281
737218
3.91872e+009
7.3577e+009
2.01377e+007
134557
32383.5
1930.21
1.78436e+006
1090.5
11974.4
57139.4
59884.3
28446.1
1.19549e+006
1.06712e+008
2.72239e+006
9.06358e+007
3.09353e+007
81371.2
2.32921e+007
1.42882e+009
2.39524e+006
6.78386e+006
274.014
1.02259e+007
2.39413e+007
446102
36236.1
2.08866e+010
7435.83
4229.58
2442.19
3.9984e+006
641378
2.24472e+006
15143.9
1842.88
747.438
3.42343e+007
5.1157e+007
3.59982e+006
3.18855e+013
1.75815e+007
2.49504e+007
326977
1.78508e+011
1.1791e+008
1.27323e+008
10749
5.77146e+011
4514.83
4.39185e+008
33877.8
8711.77
1.55375e+010
68196
4.02508e+010
1.01721e+008
3.74864e+008
589.258
2.00492e+007
3910.12
5.4615e+007
2.49014e+008
71355.4
1.96648e+007
5.75479e+010
566638
3.94393e+006
8.50772e+006
8.55887e+006
2.03485e+011
4.0302e+006
1.83481e+007
445630
53255.6
2.15419e+007
1.61281e+006
376907
343368
426.843
3.74775e+007
3.67323e+007
86776.9
3.09443e+007
7011.34
1.78058e+009
158067
74227
567130
4712.55
98381.4
786466
1.57604e+007
5.26508e+006
23023.6
3.67167e+006
223559
234146
2.65149e+006
278552
5.47281e+007
2.46708e+006
2.9467e+007
8.48704e+006
530.057
1.12092e+007
1.52252e+006
1.3899e+006
58660.5
2.38907e+006
1.54978e+008
2.83275e+006
3.84637e+010
5.35345e+006
5.52612e+006
9.62997e+006
399554
193474
8.85513e+016
584139
586012
153150
1507.04
6.65964e+007
50660.3
9.10233e+006
21705.7
1154.75
1.14072e+011
12683.6
1.32178e+006
1016.05
7366.61
1.05101e+008
37583.8
456719
2.98078e+008
180932
90256
15381.4
4.88077e+007
438219
15405.8
2529.46
2.94462e+007
9.85806e+006
49412.4
2.38493e+006
2.31154e+007
28225.4
2.3459e+008
3.67363e+008
1.02891e+008
5.03467e+008
9.77252e+006
7.62916e+015
46795.4
8285.46
2.69889e+006
7.18009e+010
2.91086e+006
2.76201e+008
22843.6
1400.54
116130
919531
16782.1
3.03229e+007
23573.7
2.59577e+006
4.60569e+009
120933
4.84575e+007
277320
5.06551e+006
2598.92
101757
1.94848e+007
5.7724e+008
11449.3
2.31351e+007
56373.1
4.69134e+010
3.48878e+008
34030.4
518.369
706967
3.92608e+009
107313
7.79906e+007
2.81294e+009
7.60812e+006
34206.1
3.98244e+009
475775
1.01844e+007
1193.55
1.17022e+010
4.87776e+007
2.28939e+006
65204.7
8.69933e+006
4250.91
1.44106e+006
14714.2
1.3525e+008
6033.95
1.57754e+006
65114.1
5.97637e+006
124100
2.16292e+009
2.32864e+009
3.68703e+006
249308
4.08246e+007
22201.7
1.86247e+006
542878
2.56025e+007
2.30828e+006
5.72872e+006
6.113e+012
2.64903e+010
7611.7
7.53873e+009
131982
79942
683520
12716
773.23
138205
72634
2947.27
4.174e+010
9.19755e+006
1.95501e+006
283769
173.715
242592
5594.27
3.56281e+008
159994
692.234
1.09604e+006
5352.69
15714
930.632
2.12996e+006
180452
11271.9
163434
14859.3
3.78935e+006
6.92892e+006
3.10386e+007
369741
513729
5.11448e+009
4301.7
1.29898e+009
4304.16
4674.73
1.08734e+012
1.9866e+007
17932.6
3488.59
1.05028e+006
380699
424608
1.52044e+008
4.83542e+007
357586
3.58733e+012
6.606e+006
2.6833e+009
21612.8
3.56218e+009
164996
158600
1.05924e+006
8.48761e+011
99559.1
50779
44225.1
679225
1.86054e+010
400880
6680.49
321005
9371.17
1.81775e+006
207107
21951.9
3.87281e+006
93510
9.55718e+006
549507
7938.18
4.65144e+009
249626
9.25993e+008
3.24968e+008
416998
47797.6
989724
3.01941e+006
4.83724e+010
6057.38
4458.07
60142.4
227456
12826.7
39039.6
3.58021e+007
31327.8
798244
8.04937e+007
90906.3
1.35191e+006
174426
606425
33487.7
265615
284554
2.4298e+006
5225.82
179118
537180
7.22655e+008
89566.3
42278.3
8.89395e+006
1.2353e+007
1.06577e+006
4.31787e+006
25840.8
543680
9.44544e+010
3.46468e+006
3.05481e+008
689099
3.31829e+010
222990
4.26534e+007
1.39361e+008
36059.5
1.18951e+009
47773.2
1362.11
1.08658e+006
13827.9
261528
1.00638e+007
3.36964e+007
13655
2.54811e+006
2.82467e+008
2707.61
2.49148e+006
1.46674e+012
4.49751e+006
3791.56
3.89199e+009
572308
53244.3
1.68966e+007
2.01141e+006
1.73551e+008
1.42564e+006
58778.1
138897
5.17645e+008
1.06709e+013
1.33307e+008
3.74455e+008
391066
1.03276e+008
100584
337139
5708.82
4.29299e+007
8009.43
3029.78
41111.2
3.58049e+007
21490.2
15010.5
222840
53653.5
178995
2.29665e+009
6.05075e+010
4791.95
1.18095e+007
350265
39841.8
4471.79
549932
263590
166208
395528
4003.95
1.18509e+007
29999.7
5.32897e+007
218574
1.03142e+009
797.622
26116.7
5.28176e+006
2.91659e+006
490165
1.30941e+006
591357
1.7602e+013
8.37795e+010
9.92839e+009
9.24358e+009
5.83957e+006
1.63891e+010
75048.9
11858
6.38132e+009
1.08316e+006
1.93949e+011
2240.25
146179
634593
1.71585e+007
109948
1.58698e+007
1.58637e+009
1.16137e+010
4895.34
4.57016e+007
3.15165e+007
501099
5.65754e+008
2404.09
3612.64
26099
4.218e+006
4.69899e+008
1.76078e+009
1.64927e+007
1.84338e+013
2.49979e+006
5.74082e+008
1.99713e+007
9.79863e+006
2.16518e+006
919267
1.42446e+006
3.2679e+006
6.78516e+006
516581
38682.7
1.0143e+007
417487
3.865e+006
4.89868e+007
6.88259e+007
2.45622e+006
7.50122e+014
150302
17299.2
1.02284e+007
7206.24
7218.83
425899
3258.55
33849.6
774933
6.64474e+006
2.89575e+007
19217.2
17128.4
1.90127e+009
3.06314e+006
2.62799e+008
1.02091e+007
5.85532e+006
1.92782e+006
4.25748e+011
4.5306e+006
639941
366000
2.20834e+009
1.69481e+008
1.21251e+006
23782.9
21626.9
89012.1
1413.11
29212.7
89377.7
3.73158e+011
3.5544e+010
30.7044
5.85481e+009
26084.5
1.88205e+009
2.30074e+010
1.03141e+011
5.29684e+007
445580
5.32309e+013
55172
7936.01
15732.6
2.45052e+007
12043
7.38301e+012
253077
2.2421e+008
90633.3
3.66024e+012
2.2278e+008
498472
2.21332e+008
787.771
690420
1.35896e+007
5.57723e+009
6.54133e+006
1.96648e+007
109823
3665.83
3.73589e+010
169351
4.57655e+006
82156.2
492213
282077
41734.1
4504.81
21201.5
197901
3.28509e+006
18486.2
5.6428e+007
522616
1.39023e+007
38502.9
1.78925e+007
249898
299.099
3.17369e+007
6.70842e+006
376169
1.83945e+010
653634
211903
2.8386e+009
6.2839e+010
2.11318e+009
46446.1
457.539
2.30919e+006
75019.5
1.84628e+008
1.94294e+010
279549
79208.1
339170
510948
440627
22379.5
3.30032e+008
2128.45
35612
1440.62
1.29195e+006
9.05556e+009
3.25752e+008
58729.5
124612
145377
2.35409e+009
1.86875e+006
33269.5
9.79935e+009
2.45556e+010
130318
27042.6
1.07179e+006
1247.76
4.51881e+009
1.68608e+006
438.161
428745
1.95112e+006
2032.1
310651
120893
2.55783e+011
28291
1.52519e+009
1.18468e+007
1086.94
10077.8
6.79557e+006
2.01224e+012
7.40592e+015
1.43207e+009
1186.22
7.0692e+008
87946.2
1.30165e+009
4.08445e+006
405686
6786.37
1.35682e+008
945299
8.7642e+011
207529
1.37634e+009
459483
2.2534e+008
89905
8.96411e+009
5.9777e+006
674.445
311708
6727.52
2.2314e+008
563102
2071.66
3.75759e+008
3.74097e+009
1.6233e+007
26648.4
5.79249e+007
1.1695e+007
5.70611e+008
598.388
76621.1
3.70572e+007
3.10393e+007
100225
18177.1
4.21852e+006
34365.5
60788
59506.3
125296
203407
8897.21
5.5273e+009
496960
4.20932e+008
3.77667e+006
2.21594e+007
14156.4
3.38225e+006
91981.3
67909
2.06917e+007
16786.6
2.86688e+007
4.03396e+008
25602.3
294220
149131
4.85221e+006
45445.2
5930.57
353278
49544.6
9.31874e+006
5.98948e+007
79778.8
8495.35
9.61993e+010
1.39032e+006
933247
466043
15421.7
188891
1.36028e+010
48818.1
774722
3943.42
29193.4
2.89514e+006
113914
5.24185e+007
16141.3
42851.7
70264.7
11041.2
2.78817e+006
137493
13271.1
8691.73
29787
2.87997e+008
1.2711e+007
202314
1.47452e+006
4.53116e+008
71842.8
4.18802e+007
19655.8
1.56941e+006
1.66777e+009
6929.82
758021
13590.8
1.74656e+006
1.69661e+007
5.18437e+006
6.80909e+006
3.08625e+006
3871.92
63438.3
16347.8
1.2925e+009
2.90309e+008
9.61578e+008
18280.1
4.48459e+006
323913
2.79045e+012
3.42097e+006
979547
2.12948e+006
8.41765e+012
3.35684e+008
9.62029e+010
96363.8
169155
143922
183096
345035
1.40476e+008
50515.9
5.55938e+007
2.16633e+007
7.43363e+006
1.60686e+008
1.62557e+011
1.43251e+006
744047
2.31867e+008
2.03792e+006
38351.9
4.83253e+007
7.06473e+006
1.45162e+007
1797.84
1.44631e+007
86358
7.49223e+007
3763.97
192174
1.04841e+009
56317.5
37046.6
32403.2
290167
59903.3
8.96584e+008
938816
9.24412e+008
231.544
1.27213e+007
8966.69
327280
4.56774e+007
94042.2
578639
5019
8.69339e+007
5.08909e+006
2.11301e+009
107325
1360.12
9.81499e+008
2.57266e+006
508.801
5424.8
169515
50334.9
3.49261e+009
2.69936e+015
430157
3.8536e+007
14957.2
1.03157e+008
626853
1.66488e+010
2.37148e+010
1.63147e+006
46576.6
4.34816e+009
31383.9
95260.4
45217.9
542903
1.15717e+007
3.06816e+007
58580.8
2.37772e+006
46319.6
4.82403e+006
260960
18975.8
126274
9933.38
28625.2
11719.6
7663.64
4.34335e+007
208739
2.23452e+007
100889
109433
2740.25
46306
811407
16199.9
5209.87
9.17022e+006
23347.2
500.395
355524
7.03805e+007
7.67775e+006
2.0242e+006
4.38323e+008
5.03944e+006
3.78402e+009
96146
7479.09
985724
3.19897e+009
799956
2.254e+008
1.37254e+006
689637
9.87587e+006
9.61566e+007
1.0024e+010
1.08761e+008
948463
5.36237e+007
2.99136e+007
39573.3
6.10153e+014
5.13516e+007
1.47064e+007
3.66479e+007
1.3512e+009
175640
11407.7
2.34319e+007
56783.5
705724
3.81667e+007
1.39808e+007
970546
9.82657e+006
118438
6.75487e+006
2122.33
1.35451e+008
19258
9.29959e+006
380055
250971
8.28692e+006
6752.36
2.91406e+006
1.30214e+008
2.31754e+007
7.91237e+011
3.14135e+010
18570
1.92865e+006
809777
1.40529e+011
1.76594e+008
2942.97
222580
622861
3.31703e+008
2.00162e+010
1.39137e+007
446867
2.86687e+009
6599.16
33896.3
146895
474268
1.46385e+007
598603
9.52593e+008
2.79262e+007
2.1126e+007
36238
974.645
1996.63
525747
19011.1
490456
245336
1.48284e+007
1.10505e+006
1874.13
2.17264e+012
5.57064e+006
987069
155079
2.05223e+006
2952.46
1.20741e+008
242124
12634.4
95853.6
6.28951e+008
57450
160047
20256.6
1.41491e+006
4.93594e+007
5.14206e+006
352780
5.42879e+007
1.45252e+006
179095
4779.12
7336.68
20946.9
2.85676e+008
1.551e+006
2.78982e+010
401.005
36788.7
7148.25
2.47204e+006
8.29227e+006
3.38103e+012
2.09422e+009
50871.1
1.85914e+008
16484.7
360248
22592.6
9.06795e+010
136349
213.861
25638.7
146767
11875
541900
42184.5
43270.1
193144
3606.8
1.12102e+006
5396.35
4.09043e+011
1.56856e+011
365487
621190
541609
946773
3.75484e+010
3.1608e+006
8.85043e+006
203745
1.85713e+006
2.10788e+009
373445
14594.9
926724
9.34352e+008
1.85275e+007
284369
4.12454e+012
4097.09
22473.6
511123
19063.8
9.30462e+007
58597.2
1.37938e+006
11137.1
2.3822e+007
35415.7
7.40334e+008
6.74024e+006
19243.5
2528.76
5.36553e+010
53545.7
92041
2.86444e+008
21173.6
2.00807e+009
153077
726221
7.59804e+006
1.768e+006
1.44132e+006
7.66819e+008
315560
13220.9
12590.5
2.0367e+006
1.08251e+006
9450.79
2069.53
13557.9
1.32485e+008
227871
811.907
4.85536e+008
5.13097e+006
1.21141e+008
176830
1.3432e+008
10280.9
5.30317e+008
21842.4
233632
5.2114e+014
6429.16
5.83292e+007
7844.9
60979.2
1.44014e+008
8.57286e+006
2429.5
5.19694e+010
66353.8
6.82411e+007
47855.3
8839.02
60857.8
22383.1
27800.3
48002.9
5.78426e+007
182470
6078.6
3.15025e+007
2.47336e+007
2.27712e+006
340488
2.47448e+010
53886.3
77654.2
1.22558e+008
4.42376e+007
1243.64
115689
20058.7
676768
84755.9
4.91608e+009
655462
7.28911e+007
1.63521e+006
1.97754e+006
1.51905e+008
2.83689e+006
6.6584e+006
150666
160153
49330.7
3.35963e+007
1.26917e+006
19726.3
1.42789e+006
896579
2.62849e+006
4.20416e+008
944.359
268342
1208.35
10416.9
2.76907e+006
2015.14
422859
2.12834e+010
3.15812e+007
94326.8
48460.6
6.38541e+006
1.63903e+013
145214
644734
674701
5.01987e+006
2.05156e+007
328326
2.78318e+007
4.12774e+008
42583.5
1.9039e+009
6495.2
1.26863e+006
1.80466e+008
1.24702e+012
14708.5
724522
1.05162e+007
751.198
4.57917e+006
191461
134663
4.40235e+007
5551.14
998326
544772
2.41097e+011
857872
2.25088e+007
457538
722351
1.89178e+010
2.14251e+011
29639.7
435178
26481
20203.8
27307.1
26770.5
135004
34496.1
372423
474380
24175.3
2982.12
69225.2
7.69712e+006
1.74074e+006
4.7745e+016
34018.7
122109
9198.45
27899.7
549310
288374
1.38413e+008
7.07879e+006
2.08727e+008
2.43348e+007
2.08381e+007
602615
4.79153e+006
3.75501e+006
2.95818e+007
3.35944e+008
1.01278e+006
1.65752e+006
1.75913e+006
2.21614e+007
58324.2
144667
8746
1.62803e+007
2.15968e+006
3.99481e+006
900112
117297
1631.2
328503
90987
13331.7
6.06489e+010
534764
3.56874e+007
356059
1.67803e+010
217973
1.96681e+006
16945.6
4312.67
703334
7.81264e+006
842064
8.0764e+006
481544
2.50865e+009
20808
89920.6
4.2743e+007
1.30212e+006
679426
1.02267e+006
3.3963e+010
114008
6.92643e+009
1.31047e+007
77653.3
56636.5
3.72826e+006
5.56288e+007
400.049
1.3571e+007
1.38241e+008
7.60974e+012
14157.5
14559.4
3.01731e+007
4.89505e+006
4.42697e+006
172131
3.61608e+008
112637
7.94754e+010
1.99839e+009
27948
523518
2068.36
48669.8
58351.7
2.6424e+007
2.24209e+006
442559
8.78619e+012
1.18147e+008
8.55469e+006
8.2883e+006
9.32292e+007
5.57455e+007
18244.5
34598.3
319537
1.72784e+006
23318.8
1.4579e+006
3365.72
26969.6
1.54955e+007
108794
7307.42
507683
2.90373e+008
1.34903e+007
121182
7185.5
59229.3
200888
42961.5
34631
215190
45969.9
2.10663e+006
12437.6
6864.38
1.45696e+006
1.06458e+010
4.03464e+007
12343.6
1.17438e+007
199140
55583
144307
3.58752e+009
525.597
3.83457e+013
4585.11
241589
8.43313e+010
8.71875e+007
159990
1.01379e+006
6.30107e+006
1.06983e+009
399559
1517.41
5.35698e+006
214610
138640
662721
9.93741e+006
1.42726e+006
734879
4510.62
1462.19
36568.5
43556.5
1.45989e+008
1.05601e+008
86675.3
3517.73
1146.53
3.8338e+007
444.025
192594
15509.1
6.0046e+007
6.01829e+006
224304
61446.4
4.25815e+009
46425.6
1.234e+007
94084.1
4063.95
1.18402e+006
25078.8
1.90705e+009
1.43599e+007
9166.08
194400
15319.1
700109
1.23187e+006
44077.2
1.9458e+010
999325
5.15524e+011
62017.6
249280
4.28184e+008
6.85887e+006
5444.29
2.6747e+007
26570.9
58920.3
9531.72
378983
3226.26
140739
31434.7
4401.01
9250.08
519926
86123.3
1.38692e+008
1.09368e+009
2.26876e+013
44208.8
2.05972e+007
2.90377e+010
2.5119e+007
2.54397e+008
1.12997e+012
7.32076e+006
1574.94
5.44428e+006
143587
1.15251e+007
102.455
550932
9.49638e+012
489142
10717.1
57905.4
66929.9
48376.8
2.1237e+010
4.13771e+006
8.70414e+012
979654
4.39908e+009
14719.4
3.79051e+008
568.523
2554.45
134174
20158.9
1062.99
2.49662e+006
1.12729e+008
5.8555e+007
452.895
226998
1.52785e+007
6.55489e+007
1.04247e+006
101764
3.5632e+006
2001.15
1.28404e+013
9.55998e+009
17405.4
3.2256e+007
2155.34
2.04656e+007
1.09964e+007
2.1866e+006
8.40946e+009
1.37761e+008
3.45005e+008
1.12268e+007
1.34517e+008
1.49328e+007
1.94966e+009
4.38447e+007
2.17558e+008
3.08731e+008
8176.79
590620
34982.2
19144.8
347009
4.7457e+011
1.59497e+009
2.01216e+010
307652
4350.96
6.08385e+008
72634.5
171180
168464
8.99814e+008
9.60099e+006
55240.1
188682
3.66431e+006
112216
398627
1.39907e+006
289641
1.89849e+006
7.84558e+006
1.32152e+006
9.64185e+006
8.68735e+009
1.10011e+009
108797
3.55905e+008
679913
54603.9
4146.11
613353
12811.8
1.00427e+007
1.80032e+010
1.0267e+007
43790.2
2507.05
2.33511e+006
3.8999e+008
1.64364e+015
63212.6
26790.9
2.52103e+011
2.08517e+006
1.20777e+008
736789
25640.7
14385.9
11894.5
9.93642e+010
333092
31374
15834.2
40979.1
104622
6.35701e+007
53292
122170
1.43515e+006
5.48863e+007
438106
5.34814e+006
8.93044e+007
4.59307e+007
8.62382e+006
1.17112e+011
131648
7.96252e+007
1.51798e+012
214974
2447.61
2.54612e+008
5.74935e+008
2833.88
2.05815e+008
2.76773e+006
4105.07
987392
145501
84190
1.76706e+008
6.50021e+008
9850.96
1.57602e+009
3.22437e+006
3.39677e+008
22327.1
1.91004e+007
4347.59
358007
2.36812e+006
5.15246e+006
2.3193e+007
538836
7.00318e+006
563926
82954.5
1.49754e+007
3.19471e+009
1.03843e+007
1.04378e+008
1.05996e+009
2.56792e+007
2.01089e+009
10383.6
8.29509e+008
7.30274e+006
294776
30256.8
1.06829e+007
1.80041e+006
10401.8
13529.1
756.48
15024.3
1.28421e+014
954802
37572.9
4.14557e+006
68706.4
3.33168e+006
1.71824e+012
2.37961e+009
4050.38
2.36259e+012
1.08436e+007
2.60152e+006
95249
733278
14995.5
1.69213e+013
7523.07
2.05005e+006
27781.5
9.31635e+006
75105.8
2942.7
562164
32145.6
109251
1.09769e+007
3.14768e+006
1.08087e+011
180834
569962
9.14926e+006
136140
42243.4
40334.3
1.83249e+006
259431
151109
137286
1.41212e+006
3.75894e+006
204163
5.03421e+006
609752
3253.99
312389
58028.2
377843
2.59617e+009
39920.1
5.14983e+007
2.13021e+009
2597.25
3.75006e+008
48981
2.29224e+008
12277.6
6.23511e+008
76696.1
1.54871e+006
725021
9.90765e+006
189297
31783.9
6580.02
248756
4.04079e+006
1.69089e+006
1.68277e+009
53371.1
2.85794e+008
573168
9.73984e+006
289722
14508.1
2.79997e+006
48522.6
6.91828e+007
581614
210435
50238.6
2.62557e+008
138287
1.54876e+009
90087.5
1.09084e+009
212.475
1382.12
1.57568e+006
73151.9
50723.8
3.78934e+008
48448.2
670634
4.63777e+007
64306.4
71707
6.98186e+010
9.22307e+013
19142.6
1.28198e+010
8.32298e+006
20713.8
6.39547e+009
4.09385e+006
4.92191e+006
6.71116e+006
722671
666063
3.61467e+006
18297.3
1.86735e+006
5.27928e+006
345295
5484.74
176965
7.35978e+006
1773.52
2.07592e+006
265568
1427.27
102581
175915
348300
1437.05
70223.7
1.85702e+008
1555.56
4.14943e+008
1.49499e+007
6588.58
99367.5
128518
19052.5
1.35943e+010
124256
2.3644e+006
2.11977e+006
8.47617e+006
2.44526e+009
5.33181e+006
3.13708e+006
711617
1.88884e+010
7.76676e+008
288100
4.82081e+008
1752.62
126470
1.20779e+009
7291.68
205.632
2960.65
6.92934e+008
15939.3
1.68539e+007
1967.11
1.52825e+006
4.84477e+008
3.58942e+007
3.29921e+007
1579.07
1.66402e+006
6.89342e+007
1.82892e+007
3.84417e+006
4.81316e+009
1.08745e+008
5.86975e+006
481676
1.12637e+008
3.2806e+009
9.3694e+007
6.4252e+009
838791
1.82553e+007
116475
167.143
2.93275e+008
59566.8
176.801
709496
12698.7
7.01719e+009
5.31262e+006
1.23194e+006
4.64267e+013
739440
1.57331e+008
1.33763e+006
7.30593e+006
3.37996e+011
23883.4
602698
17772.4
2.70319e+006
3.74041e+006
2.97961e+007
607.326
4038.03
19192.7
3522.69
2172.3
2.7248e+006
110602
1.29451e+007
208019
39028.4
403538
1967.16
6.38275e+006
350768
443065
89177.7
23445.6
847912
1404.95
1.98541e+006
4.45077e+008
2.06678e+010
1.84967e+011
7962.68
1.07655e+006
6.87656e+014
4.16829e+006
101919
6227.9
1.27501e+009
613835
125623
46804.6
153887
1.20676e+006
3589.08
652432
4.21378e+008
7.47403e+007
327.271
6.52949e+009
415563
147097
5602.66
2.60748e+006
15460.4
67895.9
12243.6
1.29108e+007
36710.2
1.63183e+009
4.26902e+008
1.76054e+013
184507
3.64383e+008
257406
126064
3.42237e+006
5.7272e+006
9.35581e+006
134252
17641.8
208281
4.21618e+006
63569.9
1319.99
973.455
4.54381e+006
114056
6.95117e+007
2.99082e+007
2.09051e+008
7.57798e+006
2.50475e+011
5.40132e+010
15930.3
8.17115e+007
89448.6
3.04575e+008
2.34776e+008
79425
2.18595e+006
5.15187e+007
352806
3.00979e+007
8.3468e+007
2.74035e+009
7.12224e+007
5498.53
206508
21232.4
193993
8.47397e+009
2.51772e+007
1.35577e+007
2.61664e+008
3.30928e+011
9.59495e+015
122367
6.98924e+006
8854.01
2570.51
1.03068e+011
7945
530442
7.25356e+006
7.82269e+013
1.79465e+007
12777.7
1.5119e+006
1.29679e+006
8153.61
2.48399e+010
9.773e+006
146699
1.51913e+006
14898.1
5023.15
52918.4
5.17965e+007
80841.6
6.68034e+008
699321
25447.2
2.80016e+006
7.15691e+007
4.81274e+014
55680.6
1.21911e+007
5.31562e+007
3.68165e+006
1.23947e+006
9161.57
6.52689e+006
7.20376e+010
45415.9
2397.48
1.18258e+007
3494.85
1.39065e+007
6.51589e+006
5.3639e+006
114828
16364.6
2.50782e+006
3.10475e+013
2.06133e+008
8.17609e+008
5.2023e+008
2.96931e+007
1.36837e+007
42130.3
700.554
6.65151e+007
8194.35
72834.9
1.97655e+006
199598
34331.6
1.16897e+008
50892.6
526304
5.72923e+015
22182.8
1.32282e+009
1396.91
702.889
20668.2
1469.8
180839
1.58683e+006
2.43163e+006
47806
52119.3
29877.2
5596.75
1.1586e+009
5.60805e+006
1.98276e+009
15822.1
227631
5.13781e+012
3.2329e+013
4.33439e+007
1.10351e+007
29575.9
1.69969e+008
172121
2.20779e+009
2.53665e+007
20693.4
6.21946e+007
11056.9
1.01517e+006
2.54689e+006
795159
94997.6
2.02312e+010
152242
1.80029e+006
41360.6
2.05669e+010
208491
5.19383e+008
3.68714e+007
148064
1695.22
1.21489e+006
5.57034e+007
2.16176e+006
2.29558e+008
102834
442452
384674
7.95698e+008
34006.7
124.041
3.02984e+008
2.49511e+008
5573.58
483398
3.75608e+006
1821.78
7.44156e+009
103121
198681
1.65985e+007
4631.56
76621.2
29021.2
936746
133989
194.105
787685
9.11972e+006
2.69766e+006
6.50512e+013
2.71235e+006
2.80261e+006
2.86558e+008
1263.08
4.65344e+007
4.49558e+011
193382
75.0819
3.76536e+007
1471.31
33868.8
1.89458e+010
20331.9
2.08041e+008
7795.25
162130
42122.2
339043
1.46207e+009
1.26283e+009
11444.7
497612
5.3539e+007
1.01218e+006
23167
1.05127e+014
1.46933e+006
3.27957e+008
1.00305e+006
931609
743416
368583
80832.4
37516.1
4.26484e+007
3279.1
3.7186e+008
9.22831e+007
19374.7
3801.23
1.90039e+006
8.67784e+007
1.32689e+009
74160.8
73881.2
11211
565.73
100083
1.34821e+008
1.21244e+006
486651
9226.38
61985.5
1.83201e+011
102582
1280.34
511814
1.19296e+007
5.37772e+013
124607
59745.6
1.58018e+006
571113
4343.36
2.86466e+008
154658
234260
1.67618e+007
4.15888e+007
3.50424e+009
2.55497e+006
1.74759e+007
151847
2.07986e+006
8113.01
19249.3
32959.3
2.06894e+006
24163.8
2.40345e+006
156015
527478
221233
1.38793e+006
153823
44139.9
5.90504e+006
89972.5
4197.74
1.58818e+007
811483
1.16061e+007
2.12722e+007
1.12741e+006
1.1841e+008
134299
3.00176e+010
2.03864e+006
134278
6.50478e+006
5447.49
1.27661e+011
162007
94878.8
7.52881e+007
748761
19328.3
795914
3.7481e+006
1.58769e+011
14998.8
934538
360392
5470.16
4.92195e+012
2.37057e+008
186142
5.00355e+008
2.66911e+008
24234.5
133222
21074
1.32003e+006
145054
4705.76
25899.9
10255.1
1.10808e+006
2.95084e+006
4.69691e+006
2.10496e+008
3.88254e+012
1.26059e+007
102.159
3.72894e+007
2.05286e+011
108549
7.10126e+007
1.72144e+008
129367
8.3004e+006
20469.4
32283.8
12650.5
7.18719e+008
53049.1
6.18492e+015
379846
3.36612e+006
27228.3
3.36389e+008
1.71251e+008
1.11473e+007
5.09987e+008
29480
3.58722e+008
10173.7
371715
559708
1.24003e+007
6.8873e+009
62675.4
138615
1.87658e+007
1.58316e+007
6.79218e+006
2.79147e+008
124439
44535.6
5.98975e+007
3.1453e+007
147797
509788
8737.41
100243
7.08933e+006
1.50212e+008
2461.49
3.86124e+008
400853
976415
6702.19
1.20295e+006
2006.44
4.92735e+007
2.29826e+007
450355
1448.03
32684.5
15802.6
3.89285e+006
138080
130282
1.45143e+007
2.41062e+006
2022.97
1437.76
11449
3.26838e+008
15226.4
5.25682e+006
184847
114019
475570
3.84135e+006
4565.01
25745.5
4.28479e+006
7.12344e+006
284970
121265
4.7136e+006
2.15434e+007
575.967
62005.9
3.51456e+006
1.07487e+006
46066.9
84620.4
57524.4
383852
3.64845e+007
5357.33
8320.7
13201.9
29817
40168.1
64745.7
23094
232497
553982
1.31919e+007
962233
521857
2.18558e+007
73020.1
3.1568e+006
7353.09
406756
47912.4
4.09993e+008
851026
627674
4.73258e+011
8.47205e+007
8956.67
2.13033e+006
115503
6577.46
8.49062e+006
3.06853e+011
2.69285e+010
1.96574e+006
7.00052e+006
14019.1
347829
3.54447e+006
370.451
500.798
1637.91
3.54926e+009
424.412
485869
55585.4
7.24958e+007
9984.02
2178.47
640522
1.50673e+006
735023
1.80375e+006
1.2684e+006
5.44906e+006
9.89411e+007
6.67695e+008
982548
1.95843e+009
27392.8
3180.41
390833
1787.46
3.201e+008
387168
9532.71
2.75123e+006
1.53862e+006
1.13024e+007
78050.2
4.37145e+008
4.09067e+012
172358
7.7428e+007
1.01498e+007
3.41105e+008
3.89875e+008
1.2709e+006
213877
131224
22928.5
3.58805e+006
1.7102e+006
64543.7
3.81566e+014
5.09107e+007
9722.51
5048.7
1.30235e+006
485.104
4.22147e+006
2.75569e+007
112640
3.06472e+006
279784
782729
1.42862e+008
717054
1.51318e+009
9.01244e+006
171429
243450
130057
20319.4
13703.9
1.74746e+007
389744
2.27206e+007
15113.1
189950
3.1218e+009
3.11352e+007
6.44026e+012
1.74398e+008
709914
33431.7
187705
1.23281e+006
1.87152e+006
1.91786e+007
1.31471e+007
7.02111e+007
11466.5
19422.5
336398
15927
54857.3
39468.1
4.6643e+006
2.15776e+007
375264
14850.1
4.1999e+010
1.22678e+007
7.08759e+006
262951
3396.4
7.75294e+008
1.40216e+006
1903.43
2.36373e+010
1.21955e+011
9806.63
3.15451e+008
142953
256960
1.8251e+006
102110
1.9019e+007
3.09194e+013
6.91154e+009
119084
1.85804e+008
4.19878e+007
34444.1
25796.7
1.49391e+006
1.03103e+010
3.54249e+011
301792
1.59569e+006
43336.3
128.239
354572
51533.1
502.04
2.8908e+007
45904
129208
2.34541e+006
1.24218e+009
12423.5
1.53437e+009
6.47494e+006
9.15699e+007
1.59075e+006
1.57605e+006
3533.89
1.13477e+006
889017
1.2975e+009
44454.1
779307
3.52107e+006
1.86429e+011
547408
14460.4
1.74987e+007
2.292e+007
182186
64738.6
2.72197e+007
5.84539e+007
23696.2
440473
87672.6
5.24666e+006
2.45363e+007
436058
196898
3.70434e+008
646961
4.47149e+006
4.84806e+013
130677
148973
1.25814e+012
1.82472e+006
3.69381e+006
3.14188e+007
2.14027e+007
413707
16355.2
536692
998039
421510
8.8735e+010
2.39529e+008
1.0131e+011
2.21397e+006
15.0538
28627.8
5.58865e+011
1.59992e+006
52306.6
2198.07
112092
1.23997e+006
414980
4397.74
6.67339e+010
2.01068e+008
4.10737e+007
3.4855e+007
4.28036e+006
25526
603461
730199
24892.7
443.244
4.88681e+007
480419
4.38876e+006
8621.82
4.74183e+008
2.12516e+008
1.07233e+007
314655
56695.9
7.46898e+007
1.97724e+006
45649.9
1188.37
238011
1.82405e+012
7.98565e+007
760834
1.54131e+007
7.16657e+009
1.03984e+007
187340
25284
1.72854e+009
1.08706e+006
4.83633e+010
1.43073e+006
10611.7
139401
1299.45
1.68573e+006
430869
6013.79
1.70252e+006
8.44855e+009
40706.1
6.79215e+006
41209.9
1.51727e+006
801205
431427
17539
575520
9.46347e+006
163396
277588
3.26978e+008
164809
681371
45872.2
10923.2
6.47786e+007
1.3359e+008
12192.5
3.82317e+007
61893.7
1.95177e+006
7.91052e+006
1.11304e+008
5.94099e+006
6.20326e+008
2707.09
1088.67
7.81382e+006
128220
2.63495e+009
3.96476e+014
28957.6
8.25668e+008
1.80726e+006
2.31794e+008
4413.32
23181.6
30384
1.82299e+009
1.50378e+007
3991.23
1.7402e+006
36677.5
21393.3
2.02548e+007
1.21286e+011
76339.5
11608.4
2.7619e+012
14224.5
1.91552e+007
15691.7
6.32764e+010
10382.6
151838
23336
1.25322e+006
11766.1
1211.59
6.55819e+007
1.50445e+007
2.57447e+008
9553.36
5.8076e+006
1.28838e+006
6.76775e+007
54330.7
342591
1.93683e+008
1948.43
46325.3
1.83636e+009
5.00143e+008
112726
4.20801e+006
1.58552e+013
2.73195e+006
4.95325e+009
4133
243088
1.1357e+008
3.91731e+007
2.99037e+007
76285.9
1.02197e+008
1.90152e+006
3.38949e+008
23163.4
16435.3
5275.27
4.15073e+006
2.32714e+008
1.28753e+006
1.00398e+007
8.60436e+006
1.11674e+009
1.22423e+011
2.6195e+006
75461.5
9.49403e+008
183930
1899.87
383917
41807
167838
13310.7
617.341
26254.1
2.13978e+010
5146.65
1804.54
5.12155e+006
2.5255e+006
32167.3
3.60817e+007
736144
8.82115e+011
3.58173e+009
100051
695546
44642
3.0957e+006
171718
1.2165e+015
2.42698e+006
1.21392e+008
8748.22
1.85248e+006
695536
1223.13
3.41259e+006
6.90701e+009
63606.2
3691.37
227620
3.51125e+012
32598.2
2.75172e+006
26650.9
270397
7.54695e+010
10142.6
152476
529856
6.11646e+010
33811.5
1.13127e+010
68979.9
160982
5580.92
16532.4
7.54243e+006
5.12054e+012
21196.5
2.2959e+006
20797.2
199946
337752
573223
7044.94
1.15552e+008
286067
174179
17061.9
2807.8
2.668e+007
1.98512e+006
3.22605e+007
119.993
16291
3.91003e+011
34386.8
7.37765e+006
147712
3.25242e+007
2.26864e+006
2.0118e+009
5101.92
499136
1.2657e+011
3.60097e+008
1537.24
539357
4762.3
3.79062e+012
1.01515e+006
18397.6
126244
3792.17
843.222
3.48259e+008
3668.65
8.01482e+007
6.56144e+007
118349
14122.9
6.02577e+007
2.84207e+007
159622
2.16423e+006
3.83638e+006
1.87755e+008
19467.8
14347.6
3088.25
1.91336e+006
1.19984e+006
107579
412458
2.5585e+009
1.3244e+007
254259
2.3392e+007
180169
3.8154e+008
1.63129e+012
3142.16
36024.6
4.74787e+007
4.65726e+008
1.51589e+006
14792.5
1.06158e+009
8114.94
6.04293e+011
89009.2
9.20821e+009
3.04987e+008
1.78672e+006
464058
381046
9.42545e+007
676479
3767.12
1.2036e+006
1716.1
1.10684e+008
3.58915e+006
2.10985e+006
5.06862e+006
1.73901e+006
6.51899e+007
26879.5
142730
1.02848e+007
4.55684e+006
188009
5.9827e+006
9.25528e+010
3.1805e+007
2.82799e+007
2.19324e+008
652432
69201.3
4619.12
826155
2.46822e+006
161178
137310
4.0932e+006
36879.2
2.71349e+010
3.48709e+007
19771
7476.26
11009.3
18293
2.87154e+007
4734.19
1.41818e+006
105541
138159
39409.6
2.73183e+010
74171.8
247316
3.47455e+006
29184.2
1.02008e+008
34430.9
6.24025e+006
3.24111e+007
7.81904e+009
237583
8.73412e+007
422032
3.12639e+009
17666.8
1.75731e+011
22706.1
307315
9.18148e+006
1047.1
3465.42
3.65214e+009
7.31501e+006
200604
30213.3
1.82361e+007
3.9129e+007
68156.2
3.77705e+009
12436.4
4.37048e+008
6.95756e+007
50128.1
5273.57
6.05689e+007
4108.38
5.08859e+007
16568.3
5.2191e+006
379723
6.06176e+008
786.523
36914.2
8.39705e+007
6.42308e+007
94404.7
2.21627e+009
101684
6.60626e+006
4.68713e+008
46784.5
1707.96
479.904
52091.8
688128
6660.42
2.13044e+006
31857.3
1.35607e+008
11690.1
103501
4.05436e+007
2846.77
1.27657e+006
4.90202e+006
3.05575e+007
5.54869e+011
12212.5
3.05401e+011
910.422
91366.8
3849.12
5.85099e+007
3.2153e+006
2.68921e+006
168517
1.42315e+007
3.0501e+007
6.61647e+006
1.42118e+008
7385.66
4.82096e+011
35000
9.5768e+009
1684.44
2.09923e+007
2.35728e+006
3980.38
1.29907e+007
5.43559e+009
603482
5.05973e+009
9183.91
78843.5
557784
7.38337e+006
3556.08
5.63751e+008
958633
62005.1
223766
7.40113e+006
12094.3
59156.3
8.4571e+007
788680
2.46295e+010
32152.1
946.887
2.51535e+008
3.52858e+007
16028.9
41097.5
7.19536e+006
15560
8.98068e+011
107.688
3.88246e+008
4.78561e+010
1.09335e+007
16459.5
1.93661e+007
100842
230052
1.37773e+006
2.32107e+007
12082.2
11032.9
24922.1
652.244
3.55515e+008
163205
3.13684e+006
694849
156494
6.13154e+006
572.426
6.65394e+008
4.82459e+010
69827.4
3.74339e+006
1.37347e+007
1.99346e+007
9.85673e+006
6.86391e+007
189609
1.86269e+006
3.85189e+007
6.90626e+007
3465.15
1.14923e+006
1731.96
1.90806e+007
3.59789e+007
5.94334e+007
11117.2
4.5474e+009
4.74704e+007
7.97299e+006
3.26462e+008
4.59354e+007
128309
8.70136e+008
146109
1.94822e+007
181386
9856.18
42320.7
46760.1
7.8913e+007
619445
7.15413e+006
1.66178e+006
61074.5
5.07155e+010
3.67402e+008
1032.61
1.54458e+008
3.0643e+007
1.0148e+008
331878
2.38307e+012
298374
1.06839e+006
9.85043e+006
252234
1.15663e+007
3.49697e+006
4.43132e+008
56863.4
7646.22
45058.1
454038
73462.3
7.7344e+009
19218.7
4.27618e+006
2.62227e+009
86897.3
3.13428e+006
8.18799e+006
955878
7.31452e+007
7.39038e+007
1.06777e+007
16249.1
2285.37
1.03561e+006
2.65876e+006
4098.42
135.095
105172
72568
127094
57270.5
3.13878e+007
3.09594e+009
108935
7.46326e+006
8.67288e+010
324318
44882.9
1.0079e+007
2.98698e+006
21559.8
30853
2.71428e+007
3.39271e+008
6761.26
2.4366e+010
9550.49
2.8986e+009
7.89169e+007
6.11163e+010
1.4407e+007
60614.3
1.02162e+007
2.59743e+008
4.45243e+011
1.35682e+007
2.19703e+009
1.17757e+011
212864
5.31193e+007
37801.3
6.15033e+008
100474
5.58904e+006
9561.56
3.29686e+008
964943
7.46372e+011
28475.4
1.11493e+008
7.08319e+010
1.36149e+006
86395
3.91772e+007
2.75454e+009
7.29268e+008
6614.79
3662.18
123174
142968
125.761
949341
2.08434e+006
2.35088e+006
4.89919e+010
2.77984e+007
28741.4
4.54163e+006
203033
4999.57
38528.2
3.64235e+008
145526
350.175
639621
795556
195.683
5.76481e+008
1273.94
7164.46
14992.9
535891
53363.3
3477.07
1769.05
204659
1.26428e+009
2.8194e+008
2.11316e+007
8.73133e+006
7.00713e+013
1.31963e+008
836.236
2.83734e+008
2.62667e+006
2.45696e+006
127252
9383.83
7597.63
4.22407e+011
2.87395e+007
1.40675e+007
9984.61
8.89834e+009
856027
5.69321e+006
374892
22275.9
1.3475e+008
1089.12
4.28992e+007
3.09731e+010
2.94804e+006
1.28673e+007
8.5423e+006
2.57991e+006
2.05625e+006
7232.64
1.47684e+010
676185
9.74219e+006
5.51325e+008
938334
5740.45
1.1468e+008
1.16165e+010
2567.29
1.97422e+006
2.97777e+006
2.83451e+014
1.09173e+006
40495.7
37645.4
232517
9.16543e+006
6.2048e+010
37848.4
6.68961e+008
3744.27
8.09073e+006
150593
5.37493e+007
9502.12
8.41162e+007
3.7925e+006
300002
2.2823e+010
2.4367e+007
86145.3
1442.22
9.95464e+006
131677
6.56791e+008
1.06977e+006
41609.7
5.37608e+010
25929.9
3.65246e+008
45339.8
54171.9
102509
285941
3.18521e+008
166271
6.89372e+007
2.51147e+006
3.9108e+006
7.888e+007
1.98071e+007
1.43224e+008
2337.18
477513
24240.9
2.07966e+006
6.32968e+007
6.65225e+007
554699
3.84577e+007
98761.2
6359.7
362209
2.15149e+011
1.65193e+006
3.88364e+008
20233.6
4.99963e+006
3.19966e+014
381.222
1.57765e+009
4.69792e+006
4.22744e+006
7.98498e+008
48036.7
1.43583e+006
172760
9.06333e+006
6.3568e+006
20674.4
1.71807e+007
1071.99
441676
4.83135e+008
164113
377222
46484.7
1.19686e+007
880.466
29254.8
164817
38990.2
1.05488e+008
362441
6.39408e+006
1.9244e+007
25101.8
4.00274e+012
1.43944e+007
586267
1.01472e+006
29845.4
4.04046e+008
2816.49
466931
180020
1.12606e+007
1.40767e+006
3.26629e+007
6.99524e+008
3.96066e+009
8.92702e+007
3.27213e+007
688281
5597.63
2.02982e+008
1.47649e+007
53368
352862
9.43209e+006
782.728
421738
466006
5022.88
1.43446e+007
144364
110170
37705.6
3.18723e+009
161140
9.97906e+006
1.05324e+008
4.78688e+006
1120.58
3.98806e+009
44975.6
5.09655e+006
443919
924.087
198170
27894.3
159371
4692.11
1.12298e+009
143284
7511.5
489448
907503
325075
1.98934e+009
98863.3
10252.2
3030.68
1640.2
222306
51186.2
1.64146e+007
6.81834e+007
621687
3.46181e+006
1.15387e+006
1.36577e+006
27879.3
1.16441e+008
475181
612345
40511.6
4.14654e+009
2.80755e+007
6.18544e+007
1.29463e+008
3.9587e+011
2.5561e+010
68219.9
2.43237e+006
321044
8.56833e+006
10116.5
1.2918e+006
344485
22780.3
5.92398e+006
650749
6.43194e+008
29171.6
4.611e+006
5.3641e+006
1.74068e+006
86649.6
3.56758e+007
3.12355e+008
26596.6
9.39288e+006
9492.54
192933
1.44992e+008
221508
126426
2.83325e+007
46903.8
46701.8
9.30667e+010
383690
6.4158e+012
27063.8
19079.3
5.50933e+006
135920
2.52647e+010
7.07612e+009
8311.98
9587.23
2.49984e+009
1.90334e+013
3.37865e+006
17478.9
2.0126e+006
78733.6
6.06817e+006
1.62163e+007
5.03354e+006
1.84669e+007
5548.62
1.21382e+007
203641
3279.13
1086.43
1.82966e+007
3.20954e+007
3.37302e+006
2.09387e+006
21226.2
284648
4.86152e+006
1.88949e+008
2.19081e+006
4632.27
1.49162e+006
6336.24
3550.9
2.60833e+006
8.10614e+006
8.15277e+006
2.6549e+009
45751.4
989.392
4.81879e+007
32672.5
4617.2
2.26348e+006
2765.54
1.42018e+009
6.18567e+008
10047.3
5.7721e+012
8.89568e+007
1.12735e+007
200329
31980
1.40293e+006
1.84635e+008
1.16387e+009
435869
1.19697e+006
18589.4
388322
206474
124177
3.53057e+006
3.76841e+007
2.35232e+006
2.89711e+009
5.05035e+008
69932.5
8.21684e+006
1.5271e+008
1.16496e+007
6.68391e+006
426887
3.13408e+006
26400.2
1.3376e+006
69819.2
1.70639e+008
40549.8
459863
16016.3
297500
76955.5
7.50049e+008
172131
15319.2
9.08893e+009
56765.2
4.43377e+010
5899.36
1860.24
1.23786e+006
71950.1
1.285e+008
89831.8
8.14389e+008
2823.23
131263
3.78972e+006
116982
152892
982630
8.28825e+007
648750
19828.4
2.10761e+006
901763
73666.6
3.3855e+008
3.82124e+006
4.99083e+012
4.60137e+007
2.0918e+007
1.10747e+007
3.41048e+006
4.26635e+006
115390
2.60282e+006
1.06463e+006
3.69437e+009
126747
35419.9
100403
43888
103306
1.1644e+006
24009.4
9.05086e+007
530938
6086.66
13182
1.74913e+006
438625
2.48638e+008
2.8887e+006
60274.6
6051.1
1.77455e+007
6.21439e+006
2.24124e+010
47601.8
1.5819e+007
2.1704e+006
1377.74
4.53126e+007
65515.8
3.65018e+007
505750
141245
29679.5
1.20712e+006
5772.39
24643.5
53530.9
37548
1.76814e+006
2.95747e+008
2628.41
81957.9
156870
14305.1
21914.3
1.56104e+008
357659
2.45473e+006
2.42654e+009
32603
321805
251908
230257
7048.6
408.519
87432
10784
7.78279e+007
187049
1.07329e+007
4.94121e+006
825867
2.51656e+007
6.49446e+006
120155
45963.9
5.37179e+006
13850.7
6.96362e+006
8.10197e+006
9466.06
2003.41
2.41444e+006
614357
299444
111981
2244.29
74499.8
4.27826e+010
40106.1
6129.67
3990.63
594766
8.88734e+006
249901
2.73479e+007
9823.23
5.26979e+009
2.68136e+008
2.30525e+006
3991.46
176169
340677
3.08245e+007
165959
3.24315e+011
1.30498e+007
7177.25
6.33106e+007
1.05809e+008
4241.79
727154
2.57246e+009
8.46852e+009
1.32945e+009
668.383
3.41838e+008
31428.3
925527
644892
550124
70016.4
5.11657e+006
229368
26426.7
776558
4338.56
5085.91
168217
784087
25294.5
1.86169e+007
5.34207e+008
226052
3.74376e+006
2.35801e+006
376808
1.12071e+006
13618.7
10500.1
150507
2.19447e+007
59736.3
2.46588e+007
3.48278e+011
7.45317e+008
1.0358e+010
1.7828e+006
1.15559e+013
1.62293e+007
168928
9.29852e+006
2630.56
3.58974e+006
1.08895e+012
970684
1757.74
2059.93
7248.92
485.144
1137.38
2.84086e+006
12427.3
30732.6
769.564
33441.8
1.60102e+010
4.99952e+010
3.54151e+007
958378
1.17452e+007
109001
11914.3
297410
719199
29635.9
35437.6
2.39501e+012
3642.54
171155
771260
3.62126e+012
3.54394e+009
461415
4368.34
18138.9
79946.8
8.09182e+006
2.69192e+010
3.27984e+006
1.39822e+009
7451.79
4.14983e+006
2.39598e+010
202135
37019.8
3.70117e+012
4.97698e+007
1858.35
1575.03
3.2897e+014
856841
6.33302e+006
9847.62
2.55142e+006
341500
2.67835e+007
1.16416e+007
164339
1.30587e+007
273902
5.03528e+011
1.08242e+007
16768.5
10401.4
41445.5
7635.81
427674
527.251
3.39401e+006
39139.5
4.31628e+008
556836
1.51464e+007
1111.97
2.51955e+006
3.45966e+006
297437
232656
46495.9
6.13648e+007
4.14107e+006
50010.3
4.96327e+006
65353.1
1.23846e+007
1.09489e+007
4.06997e+006
2.46788e+007
22422.5
61439.2
2.12955e+008
3.79708e+009
30869.1
3.43229e+006
194.401
1.5328e+010
11181
7.08332e+006
4538.72
7.9335e+010
6788.64
844.728
9.11492e+009
4.06981e+010
453133
1.07316e+008
37728.2
312435
7944.57
1.62239e+007
750265
1.18174e+006
401893
644.121
346.771
3728.03
6.19758e+007
9.1885e+010
2.43183e+009
2354.46
75483.4
152.28
855087
5.52375e+014
5.01261e+006
1.57536e+007
43887
3.81446e+006
8328.44
11401.9
415122
2.55739e+008
2.00811e+007
3016.63
245742
1.13958e+006
4.23284e+007
483204
1.76918e+006
74418.7
9.12388e+006
4.03053e+010
4.31837e+009
1.11653e+007
4.11058e+007
19354.7
975978
387280
2.5088e+007
1.02442e+006
1.97326e+010
4.28323e+008
2.62592e+011
30621.9
8527.13
5648.63
2.02729e+009
37985.1
1.16122e+008
2.88454e+008
6.94169e+008
5556.33
4.7598e+007
298319
1.19491e+006
26323.6
565873
129830
177097
1.86128e+006
84963.5
282151
307283
2.03249e+012
7.3717e+006
61.0246
431477
1.74799e+007
1.45694e+007
3.42082e+009
6203.29
2.48703e+014
169097
1.98824e+009
67386.6
443616
125130
3.58529e+007
191698
3226.81
1.10115e+009
3.50667e+006
65620.2
2.25179e+008
782184
409868
84015.1
6717.5
30002.9
537402
24555.9
4.0913e+006
9.68439e+006
2.09591e+009
219774
444415
1.69091e+006
5.44349e+007
168330
4.97736e+009
1.21786e+007
7.6649e+006
10043.4
6642.93
76911.5
21109.9
5997.81
5495
12294.8
8868.06
10830.1
2396.6
3.00285e+007
166743
270290
6.0718e+006
28137.1
2.1867e+006
7.93926e+013
166660
823916
4.02759e+009
6690.93
2.13344e+007
3.38808e+006
156840
1.32373e+006
13838.8
4.65434e+006
2735.98
1.69389e+006
206020
7.30444e+006
8.36459e+012
1.4134e+006
5.41761e+012
1.12979e+006
117900
5190.32
243740
374052
1.53786e+007
7812.48
1.1356e+011
4.31885e+006
383514
80013
4.53506e+008
5.9075e+008
16192.3
8275.09
9.25111e+008
6.57641e+008
2582.69
6.4958e+008
745962
1.28971e+008
1.0845e+008
2.00449e+008
964079
3.41181e+018
626663
718.615
6.99513e+006
1.13148e+006
87236.7
511050
534788
11901.1
4.95348e+007
279168
40738.4
37837.2
1.68807e+009
87854.4
1.12752e+006
114884
31170.7
4.43258e+007
4.01745e+009
1.06515e+011
1.59084e+007
5.03484e+006
4639.31
100540
494219
9.46048e+008
17289.8
7.17405e+006
9.03929e+009
2.62637e+009
85561.5
