-176.398
-172.448
-174.45
-177.746
-178.929
-177.001
-176.523
-171.854
-176.603
-176.214
-178.756
-179.256
-175.894
-176.853
-178.047
-177.261
-174.095
-173.373
-174.398
-175.221
-174.453
-176.351
-180.462
-178.828
-173.736
-177.256
-175.304
-178.9
-177.846
-173.237
-173.674
-178.502
-171.923
-162.862
-178.167
-177.596
-177.828
-176.325
-176.496
-176.572
-179.429
-174.995
-175.13
-176.693
-180.264
-176.757
-176.507
-176.28
-181.579
-175.804
-180.441
-179.649
-178.635
-179.968
-177.412
-174.173
-180.291
-176.751
-174.527
-180.835
-175.998
-178.846
-180.004
-175.608
-175.76
-174.27
-176.907
-176.047
-177.479
-173.2
-173.448
-176.378
-173.702
2.53983e+007
-175.698
-177.344
-172.46
-177.313
-173.717
-171.654
-175.271
-177.039
-178.557
-176.293
-174.816
-179.467
-171.76
-177.355
-175.954
-176.966
-179.289
-176.424
-173.944
-178.233
-177.679
-174.213
-176.154
-177.361
-176.126
-177.766
-175.621
-178.318
-181.671
-173.667
-176.241
-171.82
-174.85
-171.088
-181.648
-178.93
-175.143
-170.176
-183.152
-177.021
-174.555
-178.684
-180.969
-180.133
-173.946
-172.61
-173.42
-178.393
-177.794
-177.877
-178.585
-176.328
-175.08
-176.122
-178.061
-179.225
-173.671
-178.744
-175.856
-178.241
-170.87
-169.647
-179.903
-171.722
-175.951
-174.727
-177.821
-175.437
-174.174
-177.715
-175.382
-174.399
-175.725
-175.113
-172.581
-177.272
-178.075
-176.607
-175.482
-173.973
-174.775
-173.053
-177.252
-176.383
-179.33
-172.811
-175.617
-174.897
-180.33
-173.443
-179.235
-171.274
-175.195
-171.969
-177.58
-177.523
-174.223
-172.734
-175.439
-175.602
-174.441
-171.428
-177.551
-175.778
-179.467
-174.095
-171.455
-170.407
-179.131
-178.56
-175.479
-174.076
-177.251
-173.29
-178.021
-177.131
-178.502
-175.848
-176.573
-177.268
-175.904
337877
-177.509
-179.304
-178.298
-175.928
-175.489
-179.03
-175.983
-175.801
-178.039
-177.808
-177.557
-175.782
-177.149
-178.768
-179.161
-174.185
-174.789
-169.837
-174.789
-176.678
-176.117
-169.808
-174.311
1.18894e+006
-178.214
-174.409
-176.339
-176.01
-176.23
-177.734
-178.756
-179.437
-178.253
-180.809
-173.519
-178.632
-177.489
-173.734
-178.861
-175.655
-171.048
-172.716
-176.29
-179.491
-175.101
-177.249
-173.543
-177.68
-176.887
-177.572
-178.543
-176.884
-173.686
-176.382
-173.834
-178.2
-175.336
-171.883
-175.969
-176.996
-178.245
-177.67
-176.192
-173.546
-177.33
-175.733
-178.456
-175.831
-178.372
-176.931
-179.202
-181.855
-179.338
-176.67
-179.007
-177.462
-177.756
-176.852
-177.999
-179.122
-173.996
-177.041
-174.814
-174.041
-179.215
-175.762
-176.605
-176.941
-176.434
-177.475
-176.781
-177.466
-174.891
-176.221
-177.022
-176.162
-181.451
-176.719
-173.084
-176.984
-172.107
-178.16
-177.317
-181.054
-179.553
-174.702
-177.941
-172.463
-174.474
-173.128
7.34334e+006
-176.792
-177.705
-173.425
-179.064
-173.727
-178.832
-176.701
-175.772
-174.486
-178.388
-175.112
-175.282
-177.645
-175.415
-175.526
-179.667
-174.226
-176.384
-169.191
-177.267
-177.808
-178.374
-177.936
-179.76
-174.208
-178.748
-180.547
-178.512
-175.76
-173.034
-180.648
-177.211
-177.264
-177.513
-175.122
-177.772
-177.715
-177.305
-179.658
-180.091
-174.531
-178.561
-174.839
-178.288
-179.776
-175.215
-175.471
-177.054
-175.838
-172.417
-181.087
-174.623
-177.159
-177.45
-178.795
-178.195
-174.849
-178.522
-179.054
-176.483
-176.764
-176.777
-176
-176.883
-177.842
-178.373
-176.054
-174.67
-173.764
-174.281
-175.557
-176.346
-176.658
-173.988
-178.008
-176.548
-174.959
-178.959
-175.865
-174.55
-177.629
-178.95
-179.36
-174.939
-176.608
-180.14
-174.017
-174.807
-179.473
-179.147
-176.37
-176.978
-172.971
-176.842
-176.419
-172.62
-174.58
-179.088
-176.508
-177.433
-179.338
-173.644
-174.864
-178.818
-176.206
-175.377
-177.737
-177.258
-175.43
-178.732
-179.379
-172.194
-177.869
-176.025
-176.003
-174.975
-178.46
-178.54
-173.596
-179.124
-176.196
-173.594
-175.084
-175.604
-173.214
-178.44
-179.047
-175.118
-174.836
-176.696
-176.02
-175.271
-177.408
-175.056
-178.656
-175.675
-176.431
-175.739
-175.235
-177.443
159261
-174.735
-177.207
-177.631
-178.5
-172.599
-176.775
-177.205
-176.715
-172.872
-173.763
-178.369
-173.933
-177.689
-177.631
-174.351
-178.134
-175.357
-169.432
-179.93
-177.119
-179.975
-176.521
-174.992
-174.729
-178.499
-175.796
-178.497
-175.855
-175.844
-173.153
-180.19
-179.809
-175.599
-176.811
-174.64
-175.738
-176.609
-178.06
-176.101
-175.172
-176.541
-176.688
-178.402
-177.045
-178.344
-178.122
-175.159
-176.035
-178.523
-176.677
-175.84
-176.472
-180.732
-173.808
-177.699
-176.586
-180.176
-175.787
-176.387
-177.157
-176.869
-171.883
-178.175
190837
-175.512
-179.499
-176.296
-176.977
-178.468
-179.937
-175.472
-178.931
-174.526
-172.085
-175.6
-177.164
-179.08
-177.456
-177.927
-178.955
-177.196
-179.98
-168.262
-179.001
-176.167
-171.728
-175.518
-177.89
-176.546
-175.786
-175.306
-178.037
-177.325
-177.275
-169.845
-185.25
-174.575
-175.547
-178.893
-179.472
-178.855
-179.296
-176.231
-180.852
-179.407
-175.187
-176.57
-175.926
-175.936
-178.647
-178.879
-178.008
-176.312
-174.388
-174.485
-175.54
-174.509
-177.748
-178.407
-172.291
-179.216
-176.362
-174.991
-173.182
-173.439
-177.051
-176.104
-177.683
-172.005
-178.582
-176.847
-178.172
-176.875
-175.023
-174.961
-175.545
-174.846
-176.564
-174.466
-176.12
-179.942
-177.101
-175.485
-177.707
-176.054
-177.791
-176.423
-173.213
-176.3
-176.982
-176.224
-171.991
-178.476
-176.318
-177.311
-177.671
-177.341
1.19471e+006
-178.017
-176.289
-169.938
-178.365
-177.061
-174.054
-177.879
-176.839
-177.535
1.3712e+006
-179.256
-175.585
-177.179
-177.126
-174.678
-175.648
-175.162
-177.693
-176.569
-177.265
-179.156
-173.317
-177.17
-178.511
-180.232
-176.753
-179.498
-171.357
-172.365
-176.652
-177.537
-171.041
-172.667
-178.544
-169.444
-172.951
-175.346
-174.283
-174.714
-178.731
-179.419
-177.45
-175.688
-178.266
-177.215
-177.573
-173.497
-177.915
-177.135
-173.775
-175.749
-171.362
-176.396
-180.128
-178.434
-178.574
-173.392
-176.121
-180.998
-179.42
-176.686
-175.664
-177.896
-174.6
-173.07
-178.025
-177.762
-173.458
-178.515
-172.943
-177.877
-175.867
-176.367
-174.601
-176.032
-173.023
-176.891
-178.459
-177.627
-180.877
-168.435
-174.122
-181.291
-179.34
-178.524
-174.741
-173.75
-175.056
-172.909
-181.462
-179.016
-173.093
-176.006
-177.203
-175.335
-179.182
-175.587
-179.487
-176.461
-174.856
-177.246
-180.024
-175.949
-174.214
-175.741
-175.596
-177.212
-174.27
-171.596
-177.643
-178.375
-173.068
-176.1
-176.119
-178.664
-174.827
-176.874
-175.75
-174.242
-173.752
-165.417
-177.872
-175.888
-173.603
-180.457
-177.793
-175.043
-174.643
-175.24
-173.612
-176.326
-174.932
-175.044
-176.073
-178.982
-178.038
-172.043
-178.543
-176.922
-179.255
-175.109
-173.524
-179.386
-178.554
-174.966
-178.428
-175.987
-175.699
-179.164
-178.693
-171.819
-174.425
-178.191
-175.352
-175.876
912592
-178.503
-171.966
-171.519
-175.233
-180.591
-174.824
-173.914
-179.039
-172.604
-178.321
-177.229
-175.39
-174.171
-175.475
-175.129
6.41882e+007
-179.735
-174.553
-176.022
-172.847
-179.607
-177.382
-173.463
-174.86
-177.93
-176.883
-174.374
-179.027
-176.177
-177.281
-179.371
-175.62
-178.784
-177.939
5.25096e+006
-173.637
-174.69
-172.32
-178.1
-179.508
-176.48
-178.484
-178.531
-177.985
-174.632
-177.491
-176.516
-178.164
-176.459
-173.625
-176.928
-177.306
-177.96
-176.727
-177.104
-175.508
-178.422
1.11736e+009
-175.906
-180.683
-177.381
-171.563
-176.673
-178.088
-174.731
-176.979
-170.503
-178.081
-177.733
-175.254
-174.47
-177.609
-177.795
-177.575
-178.003
-180.296
-171.751
-176.095
-174.348
-174.493
-178.197
-177.698
-177.014
-179.864
-178.8
-175.734
-175.365
-172.425
-171.436
-176.121
-174.781
-172.692
-176.753
-175.137
-176.238
-180.165
-181.51
-178.516
-178.153
-173.607
-174.352
-174.808
-175.098
-178.67
-177.897
-178.154
-173.049
-175.734
-177.225
-175.089
-173.67
-178.859
-175.463
-174.407
-178.693
-177.709
-178.115
-176.977
-176.559
-176.954
-177.696
-178.297
-174.448
-177.148
-178.53
-172.976
-170.993
-174.396
-181.935
-180.051
-181.206
-175.483
-176.525
-175.581
-179.061
-178.493
-175.031
-174.508
-174.48
-178.44
-171.698
-176.353
-178.676
-178.076
-182.006
-177.545
-175
-179.285
-177.032
-177.37
-177.738
-172.205
-178.907
-174.734
-173.736
-173.935
-174.829
-174.552
-175.599
-177.638
-177.198
-176.39
-175.609
-177.644
-181.033
-176.109
-176.389
-177.248
-178.089
-178.521
-174.863
-175.637
-178.128
-174.207
-177.959
-178.342
-173.986
-174.172
-177.738
-172.762
-173.708
-178.606
-175.993
-178.204
-179.007
-177.961
-173.3
-173.477
-172.718
-176.162
-174.895
-177.625
-172.614
-175.608
-177.388
-177.214
-178.21
-177.569
-171.973
-178.739
-175.333
-173.184
6.44586e+009
-180.197
-180.182
-173.649
-181.965
-178.317
-176.24
-178.739
-173.05
-175.19
-176.833
-177.065
-179.007
-178.67
-176.255
-177.27
-177.974
-175.777
-177.831
-175.167
-178.588
-174.961
-174.699
-177.795
-172.209
-178.298
-179.673
-177.59
-176.537
-176.997
-177.932
-179.709
-177.964
-172.347
-176.741
-176.605
-175.804
-178.642
-177.249
-175.3
-176.037
-176.027
-178.441
-173.274
-170.446
-176.199
-176.337
-179.32
-178.256
-178.706
-177.672
-176.68
5.65753e+007
-176.476
-174.314
-175.236
-171.536
-177.36
-176.58
-173.37
-173.788
-174.887
-173.396
-173.443
-176.542
-178.39
-180.474
-176.639
-175.653
-175.445
-178.021
-174.35
-174.243
-178.22
-180.673
-176.552
-173.994
-175.722
-176.07
-176.446
-172.736
-177.996
-175.91
-175.697
-179.616
-176.756
-175.37
-179.213
-173.631
-179.821
-179.422
-175.405
-177.08
-178.003
-178.026
-173.011
-179.184
-171.941
-177.169
-173.053
-174.571
-177.643
-178.411
-178.528
-172.39
-178.466
-175.641
-179.244
-177.511
-176.265
-178.224
-176.465
-175.153
-178.093
-173.693
-178.634
-180.986
-178.63
-176.74
-175.487
-176.949
-173.969
-170.995
-180.009
-177.674
-173.096
-177.254
-176.831
-178.494
-178.672
-177.095
-172.977
-178.366
-177.434
-176.736
-179.479
-176.907
-178.187
-176.52
-178.353
-178.183
-173.938
-172.496
-174.201
-178.665
-176.417
-177.964
-180.826
-176.727
-172.371
-176.272
-178.711
-174.643
-168.543
-179.579
-172.345
-171.461
-174.009
-179.713
-178.647
-177.488
-174.037
-161.585
-178.167
-178.602
-175.599
-176.346
-173.711
-176.829
-175.38
-178.784
-176.869
-178.335
-177.875
-176.103
-177.249
-178.129
-175.691
-173.377
-173.269
-178.032
-172.775
-177.829
-178.644
-173.802
-177.59
-173.936
-172.72
-174.751
-175.753
-179.855
-173.803
-175.592
-175.512
-170.414
-177.562
-172.952
-177.147
-177.618
-177.17
-179.832
-175.931
-173.039
-172.934
-177.803
-174.55
-178.556
-174.666
-174.15
-175.488
-173.63
-174.176
-177.943
-172.174
-176.517
-179.118
-179.523
-175.192
-173.431
-178.522
-179.077
-177.577
-177.501
-177.996
-174.406
-180.21
-176.851
-178.856
-176.949
-177.895
-176.496
-176.164
-177.805
3.61907e+006
-168.619
-175.653
-178.026
-178.171
-180.321
-175.225
-174.634
-175.979
-175.81
-175.959
-181.851
-176.581
-175.57
-179.957
-179.856
-172.763
-176.426
-175.431
-174.391
-173.447
-172.917
-171.441
-178.779
-174.361
-173.645
-178.226
-177.865
-176.028
-183.477
-176.873
-171.462
-177.26
-173.371
-175.588
-176.842
-177.332
-175.622
-175.944
-172.641
-180.011
-174.946
-178.228
-171.702
-176.141
-172.985
-177.429
-178.221
-170.976
-181.094
-172.302
-174.759
-179.367
-174.468
-177.837
-173.146
-176.505
-174.809
-174.9
-172.986
-172.318
-178.074
-178.021
-176.219
-175.948
-173.498
-176.489
-174.457
-177.79
-172.729
-178.351
-176.933
-168.675
-172.324
-182.304
-178.212
-179.873
-179.674
-179.126
-176.602
-174.773
-178.014
-171.506
4.4081e+006
-177.887
-176.535
-176.018
-181.222
-178.068
-174.509
-178.11
-175.514
-175.853
-176.989
-176.302
-178.018
-170.99
-173.635
-173.66
-172.486
-175.26
-176.296
-175.121
-182.292
-177.255
-177.445
-176.425
-171.14
-176.433
-180.26
-179.263
-176.646
-179.682
-171.215
-170.706
-176.94
-177.928
-175.397
-177.7
-177.859
-178.22
-175.572
-178.346
-178.559
-177.629
-175.697
-175.933
-176.435
-175.369
-177.9
-180.016
-177.344
-177.457
-177.867
-173.254
-175.217
-175.136
-176.05
-176.837
-174.073
-178.358
-173.547
-174.555
-173.12
-176.547
-178.751
-179.043
-173.891
-175.561
-178.785
-178.62
-176.521
-176.053
-176.11
-176.436
-179.025
-176.629
-176.584
-173.869
-174.476
-175.883
-176.922
-175.462
-179.277
-172.922
-177.791
-174.707
-177.37
-174.338
-176.394
-176.755
-175.927
-177.735
-173.193
-173.214
-176.372
-177.45
-176.023
-172.575
-177.273
-174.504
-176.875
-178.082
-173.2
-177.139
-176.665
-176.018
-175.184
-179.226
-172.775
-175.519
-169.8
-176.831
-180.157
-174.319
-175.346
-171.333
-177.331
-177.937
-175.275
-173.292
-174.905
-176.342
-178.94
-176.48
-176.478
-178.557
-176.03
-176.16
-175.84
-179.449
-177.397
-176.747
-180.172
-172.336
-169.243
-178.113
-176.178
-174.115
-172.726
-178.699
-172.529
-177.559
-178.067
-174.454
-176.774
-176.474
-177.83
-178.504
-181.138
-176.333
-173.777
-174.943
-177.012
-176.123
-176.48
-176.764
-174.955
-174.649
-176.526
-174.815
-178.395
-176.195
-171.237
-176.764
-178.288
-175.699
-177.394
-178.784
-178.514
-175.942
-177.588
-178.698
-176.182
-179.754
-179.961
-179.686
-174.319
-169.677
-177.157
-178.935
-177.719
-175.49
-176.833
-174.951
-177.721
-172.889
-179.118
-177.062
-179.686
-174.678
-177.036
-177.766
-178.936
-174.843
-178.883
-177.062
-177.847
-172.124
-175.434
-174.605
-178.119
-178.565
-180.622
-175.623
-179.773
-178.088
-178.499
-175.155
-174.719
-179.028
-179.277
-178.028
-175.042
-177.653
-176.192
-177.416
-172.453
-177.96
-177.528
-177.425
-177.07
-177.444
-177.584
-178.844
-177.136
-178.225
-177.282
-179.616
-178.223
-178.222
-178.228
-177.859
-177.281
-177.3
-176.926
-175.141
-174.742
-178.844
1.47286e+006
-178.676
-170.286
-177.351
-176.451
-179.088
-175.306
-173.926
-173.988
-173.517
-177.394
-172.488
-173.842
-175.948
-177.229
-180.362
-173.508
-175.026
-177.406
-175.437
-177.901
-173.928
-174.414
-177.643
-173.106
-176.074
-174.597
-175.266
-180.393
-178.53
-175.266
-179.807
-176.809
-176.532
-175.328
-176.904
-178.388
-175.047
-176.081
-178.874
-173.287
-176.462
-175.72
-170.214
-176.416
-172.808
-179.384
-179.259
-175.472
-174.41
-171.793
-178.449
-171.607
-179.026
-178.765
-173.449
-178.06
-175.71
-180.552
-179.023
-179.849
-176.862
-177.774
-178.594
-174.893
-174.228
-177.656
-174.702
-177.271
-178.294
-177.912
-174.749
-179.403
-176.993
-175.479
-174.178
-175.272
-174.191
-167.092
-175.896
-175.129
-172.028
-177.493
-177.32
-175.419
-175.043
-174.779
-177.482
-178.211
-171.888
-172.289
-176.318
-175.384
-171.884
-177.043
-175.491
-178.229
-177.543
-174.471
-176.638
-178.595
-177.034
-173.614
-178.246
-175.43
-178.506
-173.139
-175.218
-174.19
-175.86
-177.691
-175.759
-175.985
-178.045
-175.389
-179.167
-177.403
-175.736
-178.44
-177.137
-173.902
334009
-177.584
-174.645
-177.694
-180.075
-176.198
-178.522
-175.145
-173.857
-174.921
-176.77
-179.108
-177.04
-177.235
-178.133
-177.832
-179.926
-175.379
-177.862
-176.894
-178.635
-177.548
-175.509
-175.02
-177.046
-176.407
-176.154
-180.494
-169.744
-174.986
-176.773
-180.071
-175.756
-178.216
-177.395
-179.492
-173.428
-179.26
-180.397
-181.648
-179.231
-177.795
-174.597
-174.771
-179.208
-174.805
-177.567
-178.053
-174.916
-177.492
-175.156
-173.711
-176.926
-179.835
-176.784
-174.257
-172.181
-173.18
-178.788
-177.748
-175.98
-173.148
-175.536
-180.887
-178.268
-177.238
-174.874
-179.156
-176.214
-177.398
-172.269
-176.36
-178.272
-177.596
-172.871
-177.727
-178.769
-172.782
-174.867
-172.717
-179.035
-175.967
-176.859
-177.273
-175.983
-174.772
-175.677
-175.003
-176.739
-176.764
-177.733
-177.292
-177.226
-174.674
-178.604
-175.488
-175.64
-175.132
-177.069
-177.252
-177.045
-176.951
-175.305
-175.844
-177.168
-179.3
-176.585
-173.704
-176.571
-173.849
-177.961
-176.301
-179.657
-177.497
-179.027
-175.595
-175.084
-176.503
-171.614
-173.88
-171.901
-176.136
-180.651
-173.961
-176.163
-179.827
-174.737
-175.387
-175.215
-175.171
-176.327
-176.405
-179.142
-175.396
-179.005
-174.462
-176.673
-175.913
-175.955
-179.531
-175.979
-172.607
-178.683
-175.775
-175.062
-175.525
-179.305
-175.694
-175.895
-176.533
-176.785
-168.041
-176.15
-177.612
-172.351
-175.425
-176.304
-178.94
-176.155
-174.551
-178.188
-176.587
-175.678
-176.832
-180.842
-177.549
-172.938
-176.953
-177.034
-174.699
-169.145
-179.106
-175.636
-177.348
-170.958
-174.79
-178.296
-180.068
-174.895
-174.54
-175.141
-177.347
-176.007
-179.369
-178.364
-175.862
-174.054
-177.48
-174.541
-175.036
-178.089
-177.553
-177.639
-178.412
-175.376
-177.015
-176.632
-172.237
-177.437
-176.832
-172.955
-176.161
-177.501
-174.29
-175.846
-175.395
-176.499
-172.824
-177.959
-176.969
-178.046
-175.867
-177.011
-178.501
-177.736
-178.477
-178.538
-175.005
-179.181
-179.941
-174.519
-175.563
-176.381
-174.051
-175.759
-176.114
-172.92
-176.113
-175.112
1.31999e+008
-176.731
-179.18
-176.076
-178.966
-177.095
-176.611
-174.948
-179.575
-176.223
-179.668
-178.422
-179.126
-174.867
-179.733
-170.66
-176.925
-174.439
-173.067
-179.599
-176.722
-176.841
-176.492
-177.768
-179.773
-174.724
-178.745
-172.548
-177.721
-171.526
-177.363
-177.617
-179.454
-177.905
-177.123
-176.777
-168.953
-180.209
-178.619
-178.57
-173.659
-176.534
-180.011
-177.447
-174.669
-178.827
-176.941
-177.431
-176.063
-177.707
-175.532
-178.083
-175.179
-176.734
-176.475
-177.331
-176.657
-170.564
-172.149
-175.913
-179.475
-174.175
-179.965
-174.137
-175.702
-168.661
-177.161
7.21534e+007
-174.195
-177.717
-175.323
-177.828
-177.177
-175.614
-176.323
-173.692
-180.43
-177.351
-180.169
-179.055
-174.025
-177.962
-177.167
-181.538
-174.262
-177.452
-174.805
-177.117
-170.448
-172.796
-173.697
-179.834
-179.935
-176.808
-177.326
-174.932
-173.816
-167.413
-178.664
-176.969
-176.866
-176.833
-178.89
-176.506
-179.282
-175.093
-176.809
-177.871
-175.105
-176.531
-173.44
-179.46
-180.8
-177.896
-179.168
-179.669
-175.698
-173.137
-178.285
-173.247
-176.81
-174.819
-180.334
-180.473
-179.217
-176.959
-177.207
-175.512
-175.798
-178.435
-177.248
-178.577
-172.512
-177.031
-177.155
-170.966
-180.345
-175.101
-172.728
-177.713
-176.555
-181.105
-174.849
-178.675
-177.874
-176.366
-178.008
-176.432
-180.196
-178.265
5.16323e+011
-176.134
-175.836
-179.391
-178.059
-174.241
-177.335
-178.142
-172
-174.332
-176.527
-175.322
-177.022
-179.079
-176.015
-177.503
-173.813
-177.621
-174.813
-177.695
-172.439
-175.662
-176.341
-175.867
-176.953
-179.376
-177.54
-176.763
-177.185
-174.517
-177.778
-174.251
-172.272
-175.54
-177.514
-172.014
-178.981
-175.28
-175.183
-180.684
-176.845
-177.947
-177.917
-174.734
-174.33
-177.279
-174.943
-175.577
-179.566
-178.689
-177.868
-175.958
-176.927
-176.271
-179.473
-174.386
-172.908
-174.194
-173.327
-177.972
-173.082
-174.327
-174.551
-180.101
-176.912
-173.6
-177.675
-169.781
-176.174
-177.057
-178.183
-176.255
-182.338
-176.354
-174.648
-176.934
-179.196
-176.815
-179.322
-179.699
-177.957
-174.954
-178.738
-169.128
-178.163
-175.58
-177.375
-178.773
-175.753
-174.942
-176.452
-175.934
-174.059
-177.036
-180.166
186900
-172.041
-176.319
-176.719
-177.689
-172.203
-178.673
-169.793
-173.283
-181.792
-176.022
-175.141
-179.143
-174.93
-173.545
-175.911
-176.036
-176.985
-180.698
-176.95
-171.717
-174.82
-178.742
-173.338
-174.657
-176.528
-176.927
-174.642
-168.231
-175.73
-175.577
-175.984
-176.247
-176.357
-178.525
-176.242
-176.655
-175.206
-176.269
-175.009
-176.916
-177.809
-177.481
-177.587
-169.822
-175.613
-179.812
-171.793
-176.818
-172.817
-177.585
-178.282
-177.748
-175.028
-177.112
-174.969
-176.698
-174.728
-179.581
-170.353
-177.531
-175.688
-180.911
-177.141
-177.208
-175.02
-171.677
-179.057
-176.914
-178.044
-176.682
-176.045
-176.559
-174.685
-173.324
-172.758
-174.618
-178.223
-177.485
-176.088
-176.938
-173.717
-177.666
-176.497
-179.376
-177.419
-177.365
-176.518
-178.551
-177.006
-174.766
-178.283
-177.327
2.16243e+008
-178.787
-173.414
-173.593
-173.107
-176.821
-174.989
-176.904
-178.625
-176.889
-176.191
-177.58
-177.605
-171.923
-176.91
-176.795
-177.949
-175.845
-175.469
-177.632
-175.963
-175.25
-172.153
-176.041
-174.561
-174.17
-177.592
-179.037
-178.469
-176.936
-172.877
-175.866
-178.681
-177.154
-172.653
-176.829
-176.55
-177.505
-176.984
-178.164
-176.006
-176.229
-177.696
-174.059
-177.803
-176.125
-177.78
-175.167
-172.504
-174.406
-177.073
-177.174
-176.93
-176.701
-177.587
-173.142
-175.575
4.08558e+006
-177.367
-177.155
-178.381
-174.623
-175.183
-176.63
-179.151
-177.39
-177.54
-172.902
-175.636
-175.821
-177.867
-177.073
-177.287
-174.303
-177.031
-174.142
-174.365
-176.843
-172.89
-178.492
-176.042
-175.02
-173.555
-178.871
1.16906e+006
-177.508
-179.862
-177.511
-174.419
-175.868
-179.056
-175.694
-175.204
-172.669
-176.819
-179.931
-177.397
-177.696
-177.697
-178.405
-175.678
-169.086
-176.993
-178.869
4.42208e+009
-177.787
-177.545
-178.875
-170.858
-180.368
-175.43
-178.749
-174.691
-178.395
-176.205
-181.311
-176.836
-174.989
-176.335
-175.715
-178.357
-178.709
-176.519
-172.599
-177.439
-177.226
-175.924
-180.804
-178.118
-179.96
-176.303
-177.87
-173.32
-179.138
-177.834
-178.872
-180.448
-172.306
-178.946
-177.513
-177.924
-179.474
-176.758
-173.091
-180.169
-175.429
-175.534
-176.236
-180.218
-170.925
-179.158
-176.79
-178.615
-178.233
-176
-172.794
-177.227
-177.271
-176.08
-176.762
-177.475
-178.337
-177.878
-176.65
-176.913
-178.005
-178.448
-180.226
-178.5
-175.321
-176.403
-180.642
-175.279
-172.378
-175.299
-179.089
-178.788
-176.563
-178.406
-171.33
-176.809
-175.388
-174.741
-180.261
-177.552
-178.137
-173.969
-177.325
-175.621
7.2366e+009
-171.056
-175.718
-176.491
-178.902
-174.797
-179.279
-172.979
-171.81
-175.088
-177.57
-173.147
-174.676
-176.951
-176.057
-179.297
-177.451
-179.765
-177.523
-175.991
-177.454
-177.486
-178.736
-174.499
-176.476
-176.652
-170.587
-173.779
-178.185
-174.795
-177.578
-180.684
-179.588
-176.907
-179.797
-179.465
-174.487
-175.221
-174.753
-175.89
-177.067
-179.508
6.304e+009
-175.735
-175.717
-175.922
-176.754
-178.362
-176.753
-178.51
-177.065
-178.681
-178.179
-172.195
-177.983
-172.284
-179.293
-177.229
-176.005
-179.022
-177.237
-178.748
-180.038
-177.355
-176.931
-181.782
-178.01
-175.912
-174.607
-176.474
-172.19
-176.427
-174.702
-177.46
-173.916
-173.766
-176.088
-176.454
-174.912
-179.255
-178.352
-176.071
-172.931
-181.072
-175.287
-172.553
-173.289
-176.916
-177.205
-178.29
-174.366
-174.218
-175.65
-180.489
-179.034
-177.192
-178.267
-176.177
-175.067
-177.21
-177.507
-180.226
-179.551
-179.381
-175.323
-177.532
-177.307
-176.024
-176.191
-174.277
-171.259
-171.229
-174.993
-177.928
-177.993
-172.473
-176.266
-172.501
-174.757
-175.188
-177.787
-177.18
-179.525
-174.208
-176.844
-174.168
-178.94
-176.869
-173.418
-176.98
-179.001
-177.425
-171.896
-179.054
-177.706
-179.216
-171.373
-180.772
-175.667
-177.925
-175.809
-175.435
-174.091
-175.523
-176.798
-176.231
-177.716
-175.144
-177.08
-176.951
-174.276
-177.416
-174.829
-178.863
-175.468
-172.912
-178.313
-176.077
-176.767
-177.68
-179.246
-175.606
-176.772
-178.96
-180.562
-175.61
-175.087
-173.676
-176.074
-174.287
-177.855
-176.086
-176.245
-180.182
-176.71
1.58725e+009
-175.611
-176.529
-176.124
-178.209
-176.895
-180.129
-176.821
-177.755
-178.017
-174.023
-176.444
-175.522
-177.284
-176.205
-177.051
-176.394
-179.554
-176.119
-177.35
-178.357
-177.393
-178.153
-177.17
-179.141
-178.939
-176.122
-171.977
-173.481
-176.346
-179.766
-175.472
-174.268
-179.324
-179.219
-175.533
-176.663
-179.703
-176.565
-177.386
-179.676
-182.312
-172.818
-175.666
-171.795
-179.192
-178.335
-176.663
-179.9
-180.205
-176.65
-173.806
-180.864
-178.016
-178.211
302249
-175.35
-175.033
-177.86
-175.799
-173.474
-171.739
-179.052
2.98351e+007
-175.438
-174.094
-174.252
-175.472
-178.704
-175.698
-173.82
-178.469
-176.886
-174.387
-175.129
-177.63
-176.063
-174.748
-170.326
-174.978
-181.648
-172.396
-180.114
-172.538
-173.6
-177.297
-177.701
-178.7
-177.696
-178.21
-177.201
-173.953
-176.62
-170.896
-178.913
-174.914
-179.684
-172.909
-178.345
-176.233
-176.858
-177.072
-178.825
-175.464
-179.029
-177.873
-176.954
-177.447
-175.831
-180.905
-180.109
-175.466
-174.138
-180.184
-174.567
-176.028
-178.384
-173.377
-174.567
-175.343
-177.944
-175.362
-176.809
-180.031
-172.716
-173.86
-173.231
-178.604
-178.653
-176.609
-178.381
-175.21
-177.882
-180.13
-178.085
-174.542
-183.226
-175.599
-179.147
-173.424
-174.221
-174.14
-176.684
-174.59
-175.918
-177.836
-176.058
-176.946
-172.534
-174.6
-174.25
-172.435
-178.641
-176.195
-175.788
-174.616
-177.466
-170.311
-178.054
-176.958
-169.761
-176.472
-179.23
-177.705
-178.282
-174.175
-180.116
-175.241
-180.571
-174.968
-175.697
-177.389
-174.877
-178.047
-175.994
-179.246
-177.565
-174.894
-173.252
-176.108
-182.919
-175.56
-176.884
-177.531
-178.809
-176.466
-174.575
-178.939
-176.141
2.13529e+010
-178.348
-174.98
-175.223
-175.298
-178.757
-177.809
-176.757
-176.341
-174.373
-178.705
-177.483
-174.508
-179.107
-179.038
-175.106
-175.669
5.15436e+007
-172.691
-176.12
-175.876
-178.258
-180.479
-175.432
-172.56
-177.508
-177.389
-177.27
-178.976
-175.972
-178.956
-172.449
-178.107
-174.076
-178.129
-172.085
-177.702
-175.811
-177.426
-179.557
-178.296
-172.706
-172.194
-179.058
-176.334
-181.257
-176.956
-176.998
-174.027
-174.698
-179.259
-176.457
-173.343
-176.854
-178.517
-177.551
-179.689
-179.2
-174.556
-176.627
-174.412
-172.938
-175.837
-177.977
-178.227
-171.743
-176.555
-175.826
-170.887
-173.534
-177.129
-180.064
-180.65
-173.15
-178.883
-174.24
-175.326
-176.527
-173.112
-179.223
-172.604
-178.594
-173.163
-171.745
-166.936
-173.866
-175.936
-177.145
-171.616
-180.76
-179.454
-176.879
-179.893
-176.894
-176.851
-173.177
5.97473e+008
-175.382
-177.63
-175.129
-178.528
-171.116
-177.381
-175.897
-179.614
-172.982
-176.995
-178.325
-179.505
-175.137
-180.294
-172.446
-174.75
-174.299
-177.551
-170.866
-172.646
-178.595
-179.31
-174.294
-176.393
-179.685
-180.786
-169.344
-172.731
-177.007
-177.576
-175.952
-173.714
-171.137
-175.495
-176.561
-176.318
-176.398
-174.457
-179.854
-175.494
-177.001
-178.467
-178.225
-173.223
-177.244
-175.004
-177.771
-179.052
-177.49
-177.099
-174.357
-174.272
-176.605
2.70493e+007
-179.398
-178.032
-175.854
1.34733e+007
-178.509
-175.945
-174.558
-177.274
-176.007
-176.701
-176.897
-176.193
-173.96
-174.909
-172.152
-177.375
-177.612
7.00132e+013
-176.961
-174.794
-177.282
-176.157
-178.568
-174.107
-176.38
-177.474
-172.248
-175.268
-171.863
-178.487
-176.196
-176.663
-176.669
-176.987
-176.713
-178.075
-178.375
-177.696
-176.757
104678
-173.547
-176.818
-174.037
-180.929
-175.972
-176.443
-175.507
-176.351
-178.225
-177.712
-175.401
-177.649
-178.504
-174.562
-172.496
1.81536e+006
-174.887
-173.748
-178.964
-174.381
-178.269
-170.012
-178.106
-176.443
-179.435
-174.096
-180.2
-177.6
-179.98
-177.943
-173.406
-175.29
-179.623
-177.683
-178.059
-176.991
-176.254
-179.576
-178.327
-182.729
-181.05
-172.23
-175.795
3.03569e+008
-178.05
-174.628
-175.348
-178.909
-174.953
-177.611
-175.765
-170.734
-178.236
-174.779
-178.605
-176.783
-174.324
-173.225
-177.245
-179.405
-178.9
-175.75
-173.976
-176.979
-175.838
-172.053
-175.535
-174.637
-177.135
-170.056
-175.013
-175.277
-170.892
-175.847
-177.88
-177.521
-176.905
-177.669
-179.359
-178.72
-169.578
-178.956
-178.036
-175.769
-178.894
-179.939
-174.807
-177.868
-172.702
-175.85
-174.339
-179.115
-177.056
-177.136
-178.319
-176.428
-174.773
-179.137
-177.996
-177.131
-176.376
-175.349
-179.267
-177.012
-176.434
-177.46
-176.452
-179.541
-180.675
-178.501
-172.256
-171.528
-177.135
-177.497
-180.016
-177.862
-171.882
-178.485
-174.26
-178.199
-179.152
-176.969
-180.235
-179.386
-174.868
-177.036
-177.4
-171.312
-179.298
-179.36
-171.932
-178.416
-176.565
-175.468
-175.485
-178.953
-178.23
-177.541
-178.459
-174.885
-179.679
-179.638
-178.01
-177.735
-175.314
-180.593
-179.056
-178.361
-175.672
-175.225
-174.684
-175.856
-175.928
-179.118
-178.326
-176.395
-180.861
-178.398
-176.427
-176.755
-179.446
-180.158
-177.652
-177.264
-177.997
-176.442
-175.218
-178.114
-172.123
-174.133
-175.785
-175.982
-173.972
-179.752
-177.078
-175.931
-171.217
-177.673
-178.866
-178.645
-175.619
-176.64
-181.008
-177.595
-173.915
-176.921
-175.757
-177.392
-172.236
-178.66
-176.114
-175.305
-173.654
-178.899
-177.67
-177.509
-177.062
-177.886
-177.404
-178.255
-178.719
-177.061
-176.099
-178.061
-171.842
-176.889
-174.975
-167.013
-174.414
-178.844
-175.812
-171.505
-175.897
-175.786
-177.096
-176.871
-174.927
-177.235
-174.939
-177.532
-176.225
-179.833
-179.4
-174.597
-174.516
-170.65
-176.103
-178.485
-174.72
-174.685
-173.63
-170.012
-181.339
-174.954
-174.154
-180.571
-176.496
-171.397
-178.615
-179.571
-178.446
-173.6
-173.344
-174.146
-174.583
-175.501
-178.049
-175.338
-177.267
-175.009
-175.047
-176.187
-175.657
-179.249
-174.527
-175.23
-173.027
-177.74
-179.087
-177.438
-175.237
-175.688
-177.734
-174.988
-178.961
-177.444
-175.004
-177.137
-174.495
-174.188
-175.768
-176.561
-177.533
-179.006
-173.452
-178.066
-174.378
-173.05
-175.608
-175.961
-175.129
-175.785
-175.147
-177.321
-178.094
-175.57
-173.92
-174.268
-175.653
-177.949
-179.009
-174.969
-176.334
-174.308
-175.566
-175.1
-178.762
-178.231
-178.709
-177.227
-172.713
-176.024
-181.386
-176.297
-177.347
-176.04
-175.336
-175.833
-173.469
-178.583
-178.946
-177.205
-175.285
-178.066
-173.736
-179.328
-177.779
-175.242
-177.868
-177.715
-178.475
-176.605
-173.335
-180.317
-178.071
-178.474
-176.939
-174.369
-174.063
-174.793
-174.717
-177.691
-178.548
-177.096
-175.109
-179.354
-180.286
-172.983
-176.649
-175.693
-177.812
-180.532
-173.515
-175.419
-177.679
-175.158
-175.131
-175.724
-178.499
-178.892
-177.756
-178.78
-176.508
-177.848
-176.261
-177.004
-177.443
-175.053
-175.893
-174.78
-181.181
-172.305
-171.989
-178.715
-174.024
-174.936
-176.017
-179.995
-174.597
-172.438
-175.248
-177.276
-176.034
-177.576
-176.059
-173.005
-179.019
-180.062
-177.521
-177.834
-175.537
-175.957
-178.447
-179.27
-177.287
-173.619
-180.838
-179.959
-174.802
-179.323
-175.494
-175.171
-172.644
-177.479
-179.073
-179.717
-173.705
-176.449
-175.915
-174.274
-176.034
-178.233
-173.96
-172.803
-175.602
-179.805
-179.255
-180.479
-173.573
-181.991
-176.049
-175.607
-176.594
-178.142
-179.451
-174.845
-174.068
-175.229
-175.578
-179.093
-170.592
-177.305
-178.037
-174.796
-175.749
-174.973
-179.074
-179.215
-174.297
-174.188
-174.706
-176.593
-175.623
-173.98
-178.075
-178.795
-176.628
-182.105
-176.118
-175.726
-173.154
-180.955
-169.622
-178.282
-176.905
-177.387
-177.149
-178.504
-175.106
-176.31
-176.106
-178.805
-174.467
-174.514
-176.963
-180.976
-178.598
-174.581
-178.259
-181.659
-178.88
-177.653
-175.165
-179.275
-178.264
-176.201
-175.379
-176.987
-175.822
-178.212
-175.89
-177.469
-179.642
-173.141
-177.671
-175.984
-179.134
-172.411
-176.936
-177.198
-180.089
-171.105
-176.642
-174.649
-178.301
9.88641e+006
-168.033
-179.998
-175.5
-178.053
-174.585
-172.494
-180.224
-177.573
-175.697
-168.816
-176.731
-174.958
-177.41
-177.465
-178.986
-175.686
-175.299
-177.286
-175.634
-178.013
-178.006
-175.274
-173.398
-175.03
-173.204
-174.608
-177.122
-179.483
-179.314
-177.029
-176.234
-177.542
-175.708
-174.395
-175.615
-176.73
-179.413
-173.026
-176.287
-179.973
-172.959
-175.284
-169.033
-177.654
-180.323
-178.356
-176.515
-178.962
-178.217
-176.264
-177.572
-175.427
-175.77
-178.84
-173.005
-179.122
-177.384
-175.152
-175.986
-175.567
-179.339
-174.078
-177.97
-177.275
-174.836
-173.435
-176.084
-175.43
-176.484
3.96397e+010
-175.844
-177.818
-176.69
-174.513
-174.703
-173.715
-175.789
-179.201
-177.315
-175.549
-179.365
-180.032
-178.356
-174.369
-177.363
-174.571
-176.513
-176.215
-177.004
-175.545
-177.619
-177.394
-178.013
-176.697
-176.131
-177.814
-170.863
-174.742
-173.352
-176.381
7.01283e+006
-176.505
-176.578
-178.771
-179.916
-173.837
-175.032
-172.996
-178.678
-170.802
-180.91
-174.185
-172.808
-170.164
-179.041
-172.613
-176.879
-174.53
-177.741
-175.371
-177.128
-178.64
-179.408
-175.46
-176.723
-178.776
-179.419
-171.965
-173.685
-176.015
-175.532
-175.576
-178.336
-178.018
-178.946
-177.322
-177.205
-179.686
-177.102
4.22403e+007
-173.157
-179.235
-173.271
-177.542
-177.322
-181.569
-174.478
-172.668
-175.799
-173.49
-175.826
-177.661
-175.203
-178.648
-178.721
-176.638
-172.373
-179.554
-175.271
-177.916
-179.062
-177.026
-174.171
-174.028
-180.141
-177.252
-180.129
-178.323
-171.389
-179.422
-177.449
-178.867
-174.614
-179.099
-180.814
-175.154
-175.353
-177.57
-174.731
-173.241
-178.452
-177.983
-177.794
-175.47
-176.585
-175.894
-172.845
-177.651
-176.561
-172.603
-176.737
-175.846
-178.078
-174.078
-178.724
-178.198
-173.161
-178.689
-177.351
-173.521
-175.571
-183.539
-174.05
-174.976
-180.457
-175.433
-176.935
-176.287
-175.232
6.59383e+007
-177.019
-173.408
-178.482
-175.78
-173.438
-176.656
-176.897
-177.466
-171.938
-179.423
-175.246
-180.219
-174.696
-178.28
-176.102
-176.258
-173.676
-179.193
-178.806
-176.613
-176.256
-175.41
-175.765
-177.831
-172.792
-176.586
-174.812
-172.648
-177.287
-177.316
-180.911
4.9519e+006
-177.586
-178.449
-180.81
-174.517
-177.746
-174.378
-175.93
-179.07
-178.952
-175.178
-176.286
-180.995
-178.928
-178.017
-178.096
-172.311
-176.099
-180.256
-175.648
-177.372
-179.623
-172.683
-179.064
-178.552
-178.211
1.14451e+007
-177.101
-180.862
-173.654
-179.146
-175.267
-177.434
-177.87
-178.052
-177.705
-173.508
-163.707
-176.8
-176.672
-175.993
-177.844
-177.597
-173.931
-177.536
-176.774
-173.116
-177.848
-180.616
-178.298
-176.209
-178.748
-182.064
9.37775e+006
-177.728
-174.145
-175.871
-180.236
-179.961
-174.331
-175.222
-175.729
-174.1
-174.084
-176.71
-177.391
-176.823
-176.23
-177.083
-179.516
-170.303
-177.812
-175.574
-176.234
-175.756
-175.315
-177.035
-175.37
-175.505
-177.589
-177.804
-175.354
-174.673
-177.435
-178.237
-182.853
-173.63
-177.512
-175.975
-177.647
-179.246
-171.639
-175.452
-172.09
-174.909
-175.35
-177.923
-179.684
-175.815
-178.772
-177.894
-172.164
-175.057
-175.192
-177.914
-179.561
-174.151
-175.25
-176.088
-175.919
-176.749
-173.135
-178.178
-179.422
-176.739
6.87381e+009
-174.777
-177.452
-172.798
-173.835
-175.889
-178.237
-178.435
-174.699
-175.472
-176.202
-174.515
-174.494
-173.238
-177.054
-174.459
-175.334
-179.28
-177.339
-179.402
-175.119
-175.485
-173.755
-175.347
-175.574
-176.327
-173.653
-176.704
-178.944
-177.648
-179.972
-177.926
-174.993
-178.536
-173.904
-177.112
-176.817
-175.4
-177.122
-175.99
-180.584
-172.548
-175.852
-177.072
-175.187
-179.51
-177.816
-179.373
-172.671
-177.479
-178.028
-176.887
-175.959
-178.699
-174.733
-177.698
-174.067
-177.278
-176.955
-176.582
-174.484
-178.849
-175.45
-176.588
-171.388
-176.866
-177.374
-175.994
-176.33
-173.094
-173.469
-176.724
-176.222
-177.844
-179.702
-175.445
-174.704
-177.975
-177.894
-178.455
-179.092
-178.25
-177.807
-177.85
-176.026
-174.479
-170.289
-175.049
-174.073
-176.842
-173.273
-179.086
-173.781
-177.564
-176.777
-175.716
-178.32
-177.688
-176.895
-179.679
-178.43
-176.741
-174.744
-176.441
-176.966
-178.691
-177.801
-178.059
-173.577
-176.036
-178.112
-175.031
-172.985
-179.034
-177.445
-177.266
-174.799
-179.265
-175.1
-168.476
-178.77
-174.942
-172.871
-176.533
-176.781
-179.566
-175.164
-178.126
-176.985
-176.479
-173.737
-175.089
3.78761e+006
-178.269
-175.582
-175.141
-177.465
-172.232
-176.241
-172.622
-179.027
-173.561
-173.205
-174.707
-177.498
-177.46
-179.19
-175.589
-181.171
-177.014
-176.616
-175.314
-176.041
-177.31
-177.781
-174.843
-178.051
-177.049
-176.215
-176.178
-178.879
-176.873
-177.674
-171.305
-174.403
-177.104
-174.48
-179.362
-178.74
-177.888
-176.773
-174.565
-175.86
-171.744
-176.621
-180.619
-178.868
-179.762
-175.526
-177.38
-177.624
-178.126
-175.8
-175.068
-177.768
-178.23
-172.749
-175.367
-174.78
-172.733
-173.123
-175.857
-178.382
-180.076
-173.592
-170.869
-176.715
-179.289
-175.15
-171.391
-175.458
-174.478
-176.412
-181.126
-174.739
-175.877
-179.892
-176.745
-178.332
-177.549
-177.729
-177.408
-178.284
-179.079
-174.586
-172.108
-178.315
-176.499
-180.187
-176.772
-177.133
-178.282
-176.074
-175.158
-176.729
-178.634
-175.907
-178.023
-176.691
-177.053
-173.395
-175.034
-175.532
-175.479
-178.382
-178.256
-179.27
-174.564
-177.037
-178.792
-181.163
-173.826
-177.127
-175.504
-176.066
-177.195
-178.238
-173.976
-174.224
-177.845
-171.775
-176.838
-177.462
-172.764
-172.358
-172.484
-177.412
-174.323
-175.81
-178.094
-178.156
-176.438
-177.52
-178.037
-170.89
-178.491
-177.466
-176.486
-173.09
-176.375
-176.881
-177.424
-173.782
-176.551
-175.091
-174.501
-179.685
-176.144
-176.183
-174.354
-177.414
-176.862
-176.063
-177.602
-178.113
-178.635
-174.114
2.10318e+008
-178.305
-176.961
-177.992
-176.335
-175.837
-173.907
-177.58
-178.631
9.12386e+007
-173.397
-173.786
-177.477
-174.497
-175.261
-176.136
-172.672
-177.334
-175.355
-173.21
-179.258
-172.286
-175.696
-177.078
-174.892
-175.864
-176.631
-178.829
-180.129
-172.267
-177.703
-177.429
-177.861
-176.39
-175.577
-174.062
2.25088e+007
-177.575
-176.282
-171.894
-177.425
-176.607
-176.934
-175.623
-175.473
-176.33
-179.661
-173.519
-176.409
-174.777
-172.168
-176.04
-175.737
-173.54
-176.243
-176.157
-178.249
-177.411
-177.983
-173.778
-174.172
-170.678
-175.592
-177.645
-173.021
-178.197
-179.186
-175.402
-176.161
-177.572
-175.454
-175.854
-177.252
-179.213
-173.077
-170.974
-178.073
-174.289
-174.633
-178.027
-166.482
-176.556
-181.673
-174.302
-176.121
-174.955
-175.66
-169.302
-178.566
-177.537
-176.177
-176.579
-177.932
-171.831
-178.572
-180.138
-175.559
-176.667
-178.536
-175.958
-177.721
-177.751
-178.342
-175.169
-175.003
-180.018
-175.314
-180.117
-177.293
-179.141
-174.231
-177.91
-173.9
-177.054
-175.701
-179.124
-178.296
-179.975
-177.602
-177.325
-177.026
-175.927
-177.462
5.17864e+007
-174.27
-177.065
-176.499
3.08302e+008
-176.577
-179.826
-178.918
-179.295
-175.85
-174.183
-179.403
-180.218
-176.089
-174.436
-177.716
-179.374
-175.111
-173.86
-178.976
-176.896
-177.939
-180.534
-175.081
-177.76
-177.625
-178.373
-175.734
-175.769
-178.029
-175.136
-175.197
-178.195
-176.054
-173.851
-177.854
-177.386
-177.14
-177.774
-175.335
1.02605e+010
-176.262
-175.755
-178.773
-173.943
-176.677
-180.082
-175.722
-180.684
-175.615
-174.203
-178.585
-178.036
-177.532
-177.495
-176.789
-175.716
-175.815
-175.099
-175.766
-173.513
-175.343
-171.868
-175.434
-170.371
-172.858
-173.016
-175.205
-173.28
-177.48
-178.028
-177.312
-176.823
-174.998
-176.812
-172.687
-174.887
-176.6
-176.845
-176.518
-177.38
-177.295
-176.166
-173.608
-176.097
-178.855
-177.419
-172.83
-176.081
-177.623
-174.96
-176.779
-177.775
-175.871
-177.293
-175.013
-176.164
-175.214
-176.592
-177.896
-172.59
-179.375
-176.966
-171.225
305382
-179.852
-177.578
-177.811
-177.269
-178.274
-177.703
-174.372
-177.445
-175.822
-174.701
-175.008
-173.817
-173.951
-177.936
-174.826
-177.251
-179.706
-173.097
-177.738
-176.917
-176.216
2.55207e+006
-175.638
-179.807
-184.077
-175.666
-176.509
-174.852
-177.625
-177.302
-177.635
-174.584
-170.837
-178.823
-178.087
-173.382
-176.721
-176.803
-177.365
-178.644
-177.193
-176.203
-175.113
-175.478
-173.945
-170.744
-179.14
-175.482
-176.326
-177.795
-176.339
-174.653
-171.952
-179.512
-176.625
-178.393
-177.068
-176.766
-177.081
-176.46
-176.498
-177.716
-173.611
-175.295
-171.171
1.20965e+011
-177.679
-178.37
-173.521
-175.561
-174.161
-174.598
-174.912
-176.3
-175.543
-177.01
-175.263
-177.966
-177.785
-175.208
-169.165
-178.15
-178.937
-176.643
-177.822
-175.682
-175.3
-179.606
-172.913
-173.994
-179.462
-175.458
-175.667
-178.234
-176.333
-177.981
-175.736
-176.454
-176.519
-177.964
-178.88
-179.19
-173.691
-176.882
-177.36
-178.677
-175.142
-174.954
-175.547
-179.141
-177.351
-178.202
-174.777
-179.457
-169.524
-171.82
-176.588
-172.96
-175.526
-177.313
-178.459
-178.372
-174.38
-175.991
-177.145
-176.732
-181.202
-177.737
-176.408
-175.954
-177.631
-170.641
-174.798
-173.934
-178.548
-175.572
-174.186
-176.987
-175.108
-173.064
-179.44
-177.45
-179.309
-174.473
-173.209
-177.52
-175.043
-181.169
-177.21
-179.256
-178.635
-171.55
-178.995
-176.828
-178.108
-176.885
-176.572
-176.771
-180.581
-178.014
-178.653
-175.219
-174.464
-179.145
-173.967
-176.138
-179.308
-176.937
-176.366
-178.044
-171.838
-175.697
-178.604
-176.846
-177.026
-175.86
-175.846
-176.392
-176.68
-171.036
-178.81
-178.738
-177.71
-176.71
-180.599
-176.781
-173.302
-177.275
1.98076e+008
-179.137
-177.717
-176.845
-174.855
-177.111
-177.225
-175.897
-178.109
-177.872
-179.867
-178.619
-178.602
-179.054
-177.482
-175.335
-174.838
6.32475e+006
-179.632
-177.07
-175.758
-176.152
-178.973
-182.239
-176.007
-172.234
-176.053
-178.512
-179.92
-180.859
-176.58
-179.895
-177.024
-179.629
-173.151
-174.711
-176.323
-174.116
-173.697
-178.115
-177.168
-173.32
-177.605
-179.391
-174.135
-177.171
-175.722
-176.629
-174.819
-177.387
-175.895
-169.665
-173.29
-176.518
-176.858
-180.284
-179.514
-174.488
-180.292
-175.843
-176.617
-175.164
-172.012
-177.46
-176.751
-175.174
-175.83
-179.142
-177.681
-172.39
-177.324
-174.759
-175.673
-171.178
-176.56
-175.701
-177.673
-177.773
-177.66
-165.929
-176.286
-173.961
-177.564
-171.216
-178.886
-176.744
-175.135
-176.827
-180.565
-176.161
-172.925
-179.963
-178.256
-175.37
-172.787
-169.858
-177.277
-180.107
-173.126
-177.96
-176.787
-174.752
-174.352
-169.2
-181.151
-176.028
-176.376
-176.56
-177.714
-177.765
-177.506
-177.307
-172.415
-174.152
-177.677
-176.682
-179.38
-173.774
-177.017
-172.037
-178.77
-181.695
-175.186
-182.682
-177.734
-173.748
-177.784
-179.16
-174.348
-172.324
-178.771
-178.757
-178.702
-178.903
-182.183
-175.799
-179.477
-178.144
-178.063
-177.068
-175.967
-176.922
-174.982
-177.78
-174.909
-180.953
-169.869
-177.559
-176.208
-178.939
824212
-176.807
2.54177e+006
-176.377
-177.704
-170.847
1.01628e+006
-175.265
-179.47
-171.669
-179.818
-178.984
-175.138
-177.513
-178.57
-179.495
-174.474
-177.661
-176.195
-174.619
-173.786
-174.169
-173.234
-175.148
-177.822
-178.817
-175.427
-178.158
-178.836
-177.971
-175.293
-177.209
-175.851
-175.316
-177.391
-171.042
-177.514
-179.712
-177.379
-173.151
-170.744
-175.166
-177.838
-171.605
-176.432
-178.401
-177.968
-176.824
-174.389
-175.428
-172.676
-173.742
-179.594
-175.963
-181.621
-177.064
-176.552
-177.85
-177.486
-178.762
-177.943
-175.699
-176.601
-179.366
-176.261
-173.045
-176.446
-177.936
-175.226
-178.264
-180.201
-175.936
-176.78
-172.234
-174.752
-169.214
-179.598
-172.329
-175.803
-179.087
-179.301
-174.339
-177.995
-173.29
-176.165
-177.672
-179.82
-177.319
-177.683
-175.641
-179.7
-177.682
-171.762
-178.832
-175.808
-173.413
-182.152
-175.153
-175.576
-177.984
-177.167
-173.182
-174.406
-171.611
-179.553
-177.036
-175.752
-178.752
-172.896
-176.18
-177.769
-179.382
-175.367
-174.878
-177.025
-177.7
-166.485
-171.594
-176.223
-178.491
-173.199
-178.724
-178.374
-174.953
-175.541
-174.393
-179.748
-171.525
-175.682
-179.91
-182.335
-179.535
-177.131
-170.351
-174.803
-177.71
-176.589
-179.417
-177.02
-177.668
-177.972
-174.905
-176.065
-178.286
-178.802
-172.484
-175.044
-175.945
-174.085
-173.444
-178.958
-175.117
-174.778
-176.832
-176.143
-175.118
-176.603
-175.775
-173.448
-177.079
-175.81
-171.718
-180.822
-177.998
-162.876
-175.302
-176.702
-175.743
-172.937
-171.339
-174.282
-175.664
9.44279e+006
-177.148
-179.097
-175.907
-177.612
-175.549
-175.317
-174.181
-176.332
-177.45
-171.586
-176.903
-177.79
-172.821
-176.431
9.92667e+007
-175.157
-176.564
-179.348
-176.998
-177.616
-178.948
-173.037
-174.706
-171.563
-178.233
-171.462
-178.041
-170.086
-177.874
-180.794
-177.028
-176.391
-178.179
-178.063
-174.435
-178.006
-173.25
-174.616
-174.682
-176.43
-174.717
-175.668
-174.674
-177.991
-173.458
-179.522
-171.055
-177.039
-177.046
-178.252
-171.218
-177.809
-175.495
-180.005
-172.408
-178.238
-173.293
-178.229
-171.056
-179.368
-180.829
-177.611
-178.54
-175.867
-175.078
-177.034
-177.953
-174.525
-176.224
-175.255
-175.816
-177.146
-177.145
-175.262
-179.319
-173.671
-177.701
-176.934
-179.651
-176.214
-179.625
-179.041
-178.583
-174.794
-176.031
-175.034
-174.85
-177.489
-179.078
-175.058
-176.733
-173.502
-176.368
1.77408e+010
-173.254
-175.491
-178.74
-176.875
-176.171
-173.243
-172.726
-177.958
-178.708
-175.996
-180.37
-179.048
-179.043
-176.727
-177.177
-172.777
-176.912
-178.253
-177.481
-174.714
-174.991
-175.331
-172.884
-173.967
-175.201
-179.832
-178.779
-177.235
-174.499
-179.417
-177.899
-176.821
-175.656
-177.232
-174.282
-177.923
-176.065
-175.918
-175.367
-176.413
-179.042
-176.635
-178.616
-172.661
-175.945
-172.939
-177.986
-176.295
-171.02
-177.098
-179.212
-178.187
-175.012
-171.044
-179.55
-177.976
-174.127
-174.969
-179.218
-178.688
-176.858
-177.822
-174.814
-177.678
-177.693
-176.204
-175.939
-174.043
-173.681
-178.551
-174.394
-178.648
-178.813
-175.913
-175.13
-176.235
-175.106
-176.643
-172.403
-176.238
-174.953
-173.077
-178.199
-176.584
-173.229
-176.534
-177.487
-175.882
-175.495
-180.72
