135602
73113.7
6.83667e+006
236953
886.76
30823.4
15862.4
8694.26
305463
5.70787e+009
24016.2
9.70329e+009
1.73136e+009
8254.15
8.68632e+008
197541
1.67369e+006
1.36416e+006
4.89785e+008
22108
720.906
1.86863e+011
2.01814e+006
2.2929e+010
3.49309e+007
213523
7.99305e+007
1.08274e+008
2451.67
1.99581e+008
22753.1
74097
48708.8
237560
57509.2
3.0772e+007
9.21416e+007
1.13182e+007
75719.7
98886.8
73473.8
6.57798e+009
1.50588e+007
97220.4
407019
96642.5
221505
3.83739e+007
3.06964e+006
2087.84
292957
211002
601911
1.53062e+013
4.06193e+006
2.06801e+009
1.24599e+006
1.22517e+011
391576
1.0076e+008
1.01107e+010
6250.68
96708.1
3.88908e+006
3.66348e+007
3.04885e+007
3.27388e+008
562406
1118.14
11465.2
177620
3.66381e+006
3.64668e+006
1.29625e+008
1445.76
54390.4
1.05161e+009
1.48758e+006
1.6836e+008
874.846
11456.2
72236.1
725969
1.8393e+006
6.59685e+006
5965.42
1.9999e+006
202937
7.52498e+013
1.03812e+006
7.80798e+007
6.77581e+006
286324
1.84406e+009
3.7082e+010
1.04331e+007
2.30484e+006
13064
14369.1
365979
2.46632e+006
2.55028e+007
1.15487e+012
309677
1926.69
2.61485e+008
3.19422e+007
7924.77
3.63135e+006
1568.15
7619.79
244666
64559.7
1.21942e+008
2.9727e+006
166241
50454.4
11390.1
1.3904e+008
5.57629e+008
7178.4
1.10919e+006
20293.4
2736.56
3.14903e+008
3.60324e+007
5427.47
16645.5
1.14523e+006
1.53451e+007
2.25877e+006
253759
1.22373e+006
9954.97
8.24934e+006
8.55372e+006
383477
601.754
4.72631e+007
1.07386e+006
68599.6
4.8111e+006
1.61138e+007
4.33226e+006
1.17268e+007
11121
8070.78
21979.3
40484.9
2.20617e+008
8021.38
28657.8
108274
4330.63
1.2301e+014
1.73827e+007
2.49292e+006
14674.8
1.59333e+006
8.38853e+006
3245.47
6.22782e+006
1.88348e+010
3.78484e+007
37475.8
30504.5
1.53004e+007
1049.38
1354.71
7.20697e+007
226677
4.00492e+007
2.4501e+007
3245.5
257.746
54868.2
10025.5
50671.3
1.19363e+006
76484.6
1558
6872.79
7.69712e+007
1.28072e+006
2.18426e+006
3407.24
1648.62
31292.4
3.67492e+008
1.08737e+008
5.40559e+006
9.43848e+008
3570.85
22972.3
4.46474e+008
1177.02
4.16056e+007
223261
4.00624e+009
2.40685e+011
270152
2834.41
856.509
1.97031e+006
18152.8
4874.49
4676.36
2818.22
795.228
3.13066e+008
35586.4
1.33703e+006
1.11483e+006
785936
2.18548e+007
1.19773e+008
8713.06
1.25779e+007
3.02788e+009
8.94024e+008
84076.8
9.29084e+011
20721.9
388623
654137
1.73654e+006
203970
30424.4
4.95843e+012
379932
82298.6
121391
1.42973e+006
42905.1
429903
1.94018e+010
1.99094e+006
4.33633e+008
15262.1
64398.1
1.62237e+006
1.94365e+008
7.02095e+006
1.92237e+007
52438.7
2186.74
949452
208249
673146
6582.69
1421.99
7.57941e+007
9.03551e+007
13475.3
18825.4
113607
3.76488e+008
2.965e+009
178098
396739
1117.01
2.57208e+006
38700.3
2.87185e+014
1.46767e+006
52840.1
330.721
1.17439e+009
8.70318e+015
124636
1339.01
7263.89
3474.33
1.58208e+007
844513
5.13883e+007
461904
32032.4
166506
5.34884e+008
653413
238.734
24603.8
3.22105e+007
103595
8.06297e+007
608058
5021.49
1674.53
1569.64
6.12675e+007
8.37684e+012
8.31974e+009
4.13957e+006
7.99153e+006
1073.83
3.59405e+006
3639.79
5.19354e+007
3.60108e+008
1.20312e+007
1.46033e+006
1.33102e+006
224873
901029
43932.9
774225
1.52055e+006
42787.2
4.43659e+008
230235
4.3482e+007
5.36547e+006
5.37024e+006
5.214e+006
5.52359e+007
7.13346e+013
6.07113e+008
178906
36446.9
66597.8
5100.38
5.46036e+007
2.29541e+008
3322.66
1.72849e+006
1.60331e+010
5469.23
1.39881e+014
181673
22850.9
4.23071e+006
4.38403e+006
15695.5
6242.85
3101.4
1534.86
423223
130724
5154.77
3405.47
1.28474e+006
252.76
7649.08
1.03023e+012
12457
3.73881e+010
2.85993e+007
13084.7
20926.8
22238.2
1.0388e+009
89645.9
156342
8771.32
35257.3
4683.84
55.9023
59166.2
14814.5
48561.2
2697.18
94669.4
1.35763e+006
3.59816e+008
3.62046e+013
142894
9.53325e+008
632712
3.04922e+007
683364
240313
6.23141e+013
1216.7
68238.3
178753
6.71116e+006
15028.7
9392.88
35727.7
8213.87
4.02446e+006
31559.9
5.00945e+009
225027
15194.1
32893.2
59049.1
24703.1
2.85478e+006
5339.4
28529.9
80.1558
6.82942e+007
4.39717e+006
347.278
3660.47
1.92554e+017
212596
3.97573e+006
5.94974e+008
37358.2
3.8511e+007
2.39937e+006
17911.9
1.85455e+012
1.96309e+006
1.98013e+006
1080.11
2265.57
3.39612e+007
80346.2
15866.1
278505
1.75887e+006
3.58586e+006
1694.38
8.26118e+009
1.97508e+007
455415
9.3749e+009
5.73141e+009
2.65443e+006
593.173
4.24912e+010
1951.48
3.56004e+006
2.74374e+006
4232.28
933136
7092.84
3.85322e+008
3022.52
9.35868e+014
24293.7
148291
247481
831.195
54327.3
1.46988e+006
390545
81255.4
396482
3.1635e+007
4.21878e+010
3.76792e+008
229210
13526.5
6207.33
2.66422e+010
89708.7
21204.1
1818.13
272272
716.138
1.20156e+010
3.87425e+006
3.23638e+009
56286.7
1.01881e+006
1.12619e+006
1552.63
7.59421e+007
3.58451e+008
203044
116606
4114.02
173201
76861.6
106187
181751
125291
3.52801e+007
9077.59
111890
1.10176e+009
711569
529.546
5413.3
49425.3
21959.2
140095
13667.8
8.9791e+007
3.88615e+006
337432
8151.52
92271.8
10528.3
48390.9
1240.49
2.67673e+009
2321.31
5.3128e+007
5.8302e+006
716482
381241
528678
20842.9
2.96873e+006
1.24238e+006
62752.5
63352.8
1.45887e+006
2.55109e+006
1.2669e+008
8.41274e+011
1.63535e+006
1884.09
898009
3.12586e+007
192016
9875.01
3244.87
76611.9
225710
47459.8
5.61129e+009
2.88914e+007
22384
5.68249e+007
3.52144e+006
10938.7
725.664
623.785
189.925
6.52859e+008
6.55219e+008
163772
2.24283e+008
1512.7
12549.2
2.41807e+010
439208
77806.9
2602.72
4.04352e+006
1572.08
106963
7.09934e+007
65074.9
33703.4
5651.2
10102.5
1472.89
7.64058e+007
877152
1940.95
2.07322e+013
3.83324e+006
2.2315e+008
92651.1
1.07707e+007
81301.5
1.08049e+007
4.17252e+007
61837
38801.7
1.92073e+013
1.50278e+007
1.56281e+007
558582
22062
2.35959e+006
3.54231e+008
119440
1.17225e+008
17433.4
2.53946e+013
14969.4
1571.67
303295
665.365
1.25383e+007
7796.9
7059.29
167547
90.7041
66555.1
235.983
9763.52
5.2139e+007
78991.3
179972
9.48787e+007
5515.44
1.05939e+007
8.63288e+010
1.80612e+006
4818.14
45452.5
116103
38998.1
463546
6.58363e+008
332599
4074.89
81317.6
1.22005e+009
4.23954e+006
614701
743.33
65507
5.99845e+008
38062.5
8.06295e+010
77957.5
3.75842e+009
1.30329e+009
49.1431
7627.16
1.37276e+007
271.021
1.57389e+007
45686.5
3.35871e+007
2.37302e+011
3.77811e+006
184525
1363.53
3.48423e+006
6.92189e+008
11712.6
568771
3.57112e+009
3.8125e+007
9.11365e+006
2.50416e+010
2.52792e+006
2.4637e+007
10972.4
1.69319e+006
1.51259e+008
4.15065e+006
16870.8
1.82503e+006
18447.6
1.22577e+007
2.57206e+009
55507.3
8.31185e+008
60236.3
8640.67
2748.34
136659
5.83503e+006
2.08547e+006
33948.8
68353
400.009
1.23534e+008
1.0718e+006
3.96475e+006
1.96434e+006
4.03335e+007
822.051
142775
2129.8
2.04893e+007
3.86352e+011
241602
8.61288e+006
3.04635e+010
1863.81
5.8987e+009
444395
12788.6
466441
39634.3
30265.1
5.22647e+008
242911
44144.2
771063
1884.74
2.08834e+008
1275.17
2825.15
4316.04
7.12199e+008
7301.64
6.4115e+006
4806.39
175.887
2.2555e+012
229396
89503.7
7713.19
3.75455e+012
2.13696e+006
1.79878e+013
1.63299e+007
318931
536941
1.045e+006
23314.4
2640.37
1.04906e+010
22854.3
109494
9.35968e+006
112760
5.96338e+007
3557.1
2751.94
1.16177e+006
6.48554e+011
147718
1.52037e+008
38143
1.15088e+007
2.40223e+006
2.07942e+011
687075
49809.5
3916.95
1.75793e+006
3.73488e+006
7572.67
727482
8.56646e+010
1454.54
3733.6
2.71996e+009
1.37346e+006
1.11599e+006
3577.4
3.61417e+011
8105.96
746.688
4102.06
210115
1.58448e+006
4.10079e+007
2.04887e+006
6.00242e+008
5.393e+007
569345
136470
15249.8
3.87016e+009
17255.6
725715
7469.99
78703
1.07904e+009
503798
37408.6
4.03283e+007
8162.88
67690.6
15171.1
58752.3
17175.4
7.32683e+006
4174.36
36603
35334.6
5.68056e+006
7.68663e+007
11671
6.57753e+006
14162.2
1.74696e+009
4.73603e+007
8.08216e+009
1.09364e+006
2.2129e+006
8.89921e+006
5.03215e+012
339823
1.04574e+007
3.73751e+007
15003.8
9582.36
9952.34
2.88212e+007
1.9752e+008
3.65683e+006
1.94364e+008
1.64513e+013
368275
4.45894e+014
3.20496e+009
1.00391e+006
3.23812e+007
4.87862e+007
1413.95
6.13344e+006
54937
3.22148e+006
632636
4.55956e+007
367600
12019
17280.1
3473.62
23900.9
29686.2
1.21978e+006
30775.3
6.6999e+010
374918
145097
6.13109e+009
59285.6
1.26953e+006
7.78914e+008
5588.2
3.46159e+006
1.29351e+007
3.84619e+007
22964.7
32733.8
3.00074e+007
761.714
24907.4
13336.4
69.022
5829.91
48669.9
25810.9
1.8907e+007
2.12372e+008
607.579
4.78292e+006
5407.27
80942
12500.2
1.82315e+006
397819
2.76312e+007
306440
37429.8
151505
2.074e+009
395625
1.38116e+008
1.90907e+006
410626
118102
10444
76.0725
5.50736e+008
2.54983e+006
2.29783e+010
20186.3
3.11356e+006
83790.8
285749
25556.4
115282
413595
191356
9.59289e+007
4169.83
7298.86
1.79355e+007
3771.37
106246
142510
147030
285307
2.39248e+006
1.3876e+006
1.42004e+007
2209.19
801113
1.02807e+010
3.39556e+006
394313
1.75024e+007
1.82396e+007
4.34222e+008
7825.13
60966.1
32928.7
1.22703e+006
6.06607e+006
2.11714e+006
78505.2
1.52383e+007
965997
7351.22
4.06024e+013
379.686
1.97048e+007
6.56316e+008
2.06959e+008
92757.4
1.42046e+007
2329.06
807.043
19225.8
106148
3704.67
40846.8
5.76616e+006
3.15947e+007
683.466
1.97951e+006
6880.6
602.823
45524.6
225039
1.04133e+006
1.21789e+006
2.00654e+010
182138
435199
-5.72013
829295
6400.95
3.32341e+008
1.448e+010
1.03196e+008
90558.4
1.2525e+007
50201.2
3.17278e+008
4548.77
2.02403e+008
33864.4
3.84862e+006
73370.7
9.48153e+007
866610
79682.3
283886
1.241e+009
5.6247e+006
108453
393215
1.80233e+008
217704
2.87628e+008
115288
6.21907e+007
8942.41
1.37645e+006
148746
1.45406e+009
2640.83
19058.6
460704
614464
1.04343e+006
22859.5
101558
88572.2
1145.7
2933.32
627.796
2995.4
4.09509e+007
1.4425e+008
9.00814e+007
6.08995e+008
372.045
43007
8745.91
44849.6
2.84092e+006
2834.76
17877.7
2300.03
2.4591e+010
2.97793e+008
153954
1.26192e+009
13972.4
1.35431e+007
8048.22
100895
3.69282e+006
6.93694e+006
38430.8
2.10497e+006
208430
31.8149
2.19243e+006
134908
20680.7
10895.4
2.37313e+007
132565
968703
8.71748e+006
2.40176e+008
720.01
196134
8.84864e+007
2.27127e+009
747491
878389
1.40946e+007
4703.47
4256.32
7.21513e+009
118804
1.08355e+009
6.0583e+007
5.27694e+006
716263
791.152
312290
10298.7
265.506
18496.7
1.61728e+006
2413.4
18492.5
322002
1.4587e+006
1.93709e+008
1038.09
145.079
3.16618e+006
3.30122e+007
130584
284.142
1.08158e+006
970717
108056
346595
4.80465e+008
6.50557e+010
2524.43
2.00627e+009
1.3448e+006
56894
11240.7
5493.9
593349
5.92829e+007
4.3085e+006
193102
3.09042e+010
84375.4
303829
879056
3.15775e+007
5927.24
1.50049e+014
4.39676e+006
248131
328.511
10936.3
8978.41
4311.31
7.56219e+009
195858
2.34644e+006
59925.6
1.36864e+015
3.28716e+006
81445.1
8.9802e+012
2.19982e+006
1.19114e+009
128999
4.12798e+010
3306.97
284867
7074.87
235.818
2302.32
64258.2
904421
142188
524215
13135.2
6.21164e+006
5070.86
1.1183e+006
7.61889e+009
2.33744e+006
9.55906e+014
51048.9
450.914
47390.5
523902
9.99573e+006
1.58477e+006
32616.8
5785.6
2.33466e+008
25022.4
14519.4
5.56873e+007
1.17856e+007
2.18915e+007
126300
1.99397e+006
1.61791e+006
1.48368e+007
1.07859e+006
7.50608e+006
2.66607e+006
80709.1
13334.9
317.304
1.15012e+014
31914
1.4338e+006
2901.57
1.58469e+007
1831.84
19959.7
154025
471.796
9.22012e+006
1.22742e+006
597579
35906.3
1.39059e+006
11569.1
1.17736e+012
2.00061e+006
2.83224e+007
4.96067e+009
3.22689e+006
15029.1
1.22042e+007
108396
1.02694e+006
62292.9
8.78114e+009
14950.3
5.9827e+008
766104
21536.5
412794
3.82763e+011
21045.5
1.51719e+006
173096
500793
2.00305e+007
1.12415e+009
11838.1
1.55097e+007
472.849
425076
4.34163e+007
177612
3.14682e+006
1.17221e+007
57486.8
184379
61927.3
4609.27
27258.2
3412.61
114033
629693
64482.3
14844.6
1.58479e+009
1.18907e+007
175107
9355.73
362570
2.45121e+006
4.57626e+006
1.00006e+006
11890.3
1.24757e+011
56851.2
1.05295e+009
2134.86
279.621
1.47371e+006
4.37484e+006
2.72351e+014
4.68685e+008
2.30917e+006
9771.95
1.00008e+008
1.47082e+006
1.46034e+007
1.28585e+006
5188.83
1.52948e+006
1.48342e+009
23357.8
825.939
2746.18
1.11807e+008
568475
396977
1.93979e+009
1.12348e+006
2.64552e+006
142610
35529.5
2.41882e+010
69103.9
1.85879e+007
384583
1.60893e+007
2.01781e+006
3.03691e+006
6.5669e+006
9740.03
1049.25
1.11196e+006
570163
284539
145446
35117.7
3.59944e+006
19512.7
3.3143e+009
16195.8
202961
9.01827e+006
1.32263e+016
2.62685e+006
2.27186e+011
1.22463e+007
415535
4.49715e+008
13883.7
63651.1
1792.97
1028.38
6.53411e+016
8915.6
248721
8.78659e+012
10359.3
1.62668e+009
10433.3
12768.7
1.96079e+006
5.65388
2.13486e+006
6139.4
320564
5.72684e+007
6.26074e+006
924830
2.38911e+006
18857.8
3.73616e+009
1.35727e+006
6794.6
2.32527e+009
52406.4
288940
9.42149e+008
1.52082e+006
419615
108619
5463.4
1.84156e+006
258835
297593
4027.62
1815.58
2.39541e+010
5.85988e+006
1.1239e+012
7.82269e+006
3.02535e+006
13740.1
6.1691e+008
1.26962e+010
2197.45
3.4834e+007
58730.5
552159
429319
78652.2
34353.3
4.73624e+008
5.67973e+008
393249
92.0711
57333.8
18723.2
9.30253e+010
1.31191e+008
7018.46
252610
1.07019e+008
3.37093e+006
45797.3
594.794
92328.9
246330
4.85936e+006
956.659
2.52747e+008
23113.3
1.40482e+006
15047.7
1.68261e+008
1.34592e+010
1.40351e+006
9.15218e+007
1.44853e+006
3.46835e+006
1749.77
434172
723438
320017
1.15295e+011
2.78216e+006
4.77648e+006
27459.7
6.05822e+010
2.10484e+006
74212.5
8.63804e+007
873.102
961321
5.90731e+006
10528.6
70100
8.17634e+012
475501
1.85996e+007
26167.9
1.62591e+007
215370
1.75252e+007
3.99529e+006
91872.1
1.26842e+007
5.53158e+007
3.30636e+006
454087
720905
2.31638e+006
3.59055e+008
134772
8001.79
281699
6.25909e+011
727502
30991.1
548275
163726
10754.9
3.54082e+006
2.11664e+006
2.37698e+006
2.93648e+008
1.17893e+006
213783
20052.3
59480.4
416393
211656
124389
6.0612e+006
3132.82
2.76274e+006
1442.71
6.08567e+007
27005.6
2247.31
2520.29
1.2891e+006
8.61245e+007
1.44931e+008
4.17856e+009
1.72376e+006
5.63576e+009
6.81673e+007
6.86933e+006
117231
91109.5
9.69416e+006
370557
124492
600377
10864.2
102193
1.81906e+006
249648
5.19034e+007
1.12078e+006
562394
1.9036e+006
2299.28
4.04949e+007
881027
432019
602551
3.85486e+007
4.76394e+006
2.69821e+007
1.62798e+008
1.62346e+007
1.1992e+012
455232
16262.6
47302.4
21550.9
1551.28
4.77794e+008
1.00761e+008
424305
172596
55438.5
2.02988e+008
2.40966e+007
768952
65656.7
1.11707e+006
172007
108.136
4.05497e+008
3417.29
8.89529e+007
6.62136e+009
1.83279e+008
899998
208556
1.71755e+007
5.00785e+006
1.27311e+007
399200
9578.53
5.03049e+007
71671.6
1.1538e+007
1.88214e+006
3.26383e+009
1479.03
5.03602e+013
7557.87
55470.8
2.49528e+006
1.23587e+006
551561
3.14935e+008
4.235e+006
9170.4
36142.7
65580.3
9931.16
2.3229e+008
229035
1933.05
7829.12
8.9579e+008
8912.91
25114.5
542686
475734
624478
13068.7
5.95012e+007
408.44
10848.3
2.51308e+007
88124.8
92792.1
21780.5
27720.8
497972
1.64192e+008
193201
3.38513e+007
17750.3
2.44037e+007
108515
29175.2
3386.32
197198
1.33157e+013
1.46166e+006
8.56524e+006
44364.5
28876.6
3689.63
2.33306e+006
2.72138e+007
3.1333e+012
441631
158450
3923.51
299822
2801.4
2.15391e+006
9.32596e+006
6.9712e+007
167.067
4195.61
1.66936e+006
1.05824e+006
193960
933668
2.04809e+007
1.25279e+008
148.338
3540.42
1.42721e+006
59161.9
236380
4656.12
4.43152e+007
79451.5
2.26076e+013
36960.4
5566.5
9.22319e+009
34184.3
1.08961e+009
69141.9
243464
51397.9
272126
412.19
2.37205e+007
1.3633e+006
223126
12631.5
1594.6
7.73888e+006
1.75793e+006
4630.25
41845.9
2.04793e+007
6.36638e+006
3495.59
2.65675e+010
42659.9
1.2091e+011
59331.6
91009.3
87058.6
3.1407e+008
799.228
1.67345e+006
1.49402e+006
1.43129e+012
298034
23968.2
617.494
79884.6
78.3402
1.27012e+006
646480
58971.9
1.14898e+007
2.16905e+006
2.55051e+006
7.47522e+007
412877
1.05158e+007
274635
11341.7
1206.27
6.89067e+009
26106.2
6.22204e+008
135876
5.41167e+007
97202.7
7.89477e+007
4.09646e+006
157930
3443.62
29913.4
587907
1222.43
931.439
233500
1.4113e+006
1.24185e+007
20408.6
24687.5
339.897
61.1323
1779.48
4370.4
1.64992e+008
6.47301e+006
73629.1
526707
6.95042e+009
981079
6.41999e+009
38713.6
8.7875e+006
4.86999e+007
1130.74
3552.89
1.35416e+007
29964
29629.9
4.66694e+007
10890.7
155068
1929.17
2.87726e+006
43470
1.83961e+009
140294
7.0117e+006
5.46384e+006
926931
18712.9
170351
72120.3
3.14878e+006
226773
1.79521e+010
152283
115909
486499
1.59902e+008
104962
1.29773e+010
161398
3.83084e+009
3984.03
84829.3
265005
3.46893e+006
9144.96
1184.92
3.71523e+007
5.08234e+007
76.4969
2.88085e+006
187364
386245
2.01758e+009
1.02788e+007
677024
2.18192e+007
484.962
6687.92
1.44062e+010
1.7113e+006
2.09632e+011
13534.7
59119.6
621421
38948.7
151685
3.35157e+006
8.28073e+010
3.32937e+009
88521.5
1.77659e+006
1.85156e+006
9.54104e+006
70701.7
8.6319e+006
19294.5
1.00789e+007
513117
1.04667e+006
27659.1
17142.4
2.0687e+006
2331.61
2881.37
20715
1.73926e+006
6.20489e+006
121675
162360
1.03046e+011
2.2511e+008
321078
149605
5067.56
251.242
1.69621e+006
1.76603e+007
8.29264e+007
4.6446e+007
16051.7
4.4971e+006
8.97131e+007
7.40221e+007
3742.3
1.35235e+007
1.11465e+007
8.44025e+006
1.0822e+006
1.24849e+009
25838.8
222571
3748.11
2.79571e+006
808.262
57756.8
5.78987e+006
24893.6
1.60174e+007
41186
2098.92
278.304
2.36409e+006
212328
1815.82
22639.7
5.01266e+009
5.91558e+006
1.16078e+011
50698.3
3.70418e+006
1109.37
8.84766e+007
6.25901e+008
2.49608e+007
605675
108001
49486.2
17723
146908
9.39533e+010
12362
222972
3.97176e+007
663644
53050.8
3.57263e+009
2.97679e+006
341128
2.16297e+007
2095.86
1.79295e+006
6394.22
41465.6
66617.8
18863.8
1.40185e+006
718.404
294.118
1319.57
18426.9
1.53379e+007
2506.25
253049
82005.7
469444
20059.7
1.66364e+007
9649.08
3.61036e+008
9.59366e+010
349.76
5.16757e+006
401815
7.30926e+008
4.3844e+006
6.31473e+006
3.86033e+008
4.00204e+006
29182.6
26940
1583.4
3.23444e+009
246523
28135
3606.38
1063.5
1.71002e+008
3.03479e+007
48184.8
2522.17
6.16709e+008
2.89718e+006
289125
2517.18
143856
132383
2.05947e+006
2102.9
9.08483e+006
1.32322e+010
3.01842e+006
7.05154e+006
7.19125e+007
5.41675e+008
45325.2
16314.5
5.21537e+008
5037.73
1.18211e+007
6800.6
890.214
263441
1.80238e+009
6927.74
3.74045e+006
7.13437e+006
3.45846e+008
8.24461e+008
8411.21
1.01148e+010
2.35393e+008
1525.65
2.18741e+008
2.75831e+008
5381.24
6456.35
1.10831e+009
130388
370631
7.29101e+006
8.43345e+007
252181
11589.5
2.60531e+009
633111
325849
1624.5
457859
58339.8
959062
6.95424e+006
68960.5
252291
465481
679.943
1.77922e+006
17633.7
107088
3.91242e+006
1058.22
1764.58
1955.77
5907.57
586662
5.88945e+007
301392
20534.5
6.48302e+006
9878.03
9.92238e+009
4.50861e+008
96287.2
51739
4.02195e+006
13419.8
6383.73
3.25644e+006
1.31398e+014
300988
7.88972e+006
3.1726e+008
391.856
7.05904e+006
2.25354e+007
9962.37
177281
5053.93
6.11351e+013
18901.9
33473.5
260910
300883
2.44251e+006
123246
4.41274e+006
6061.68
7.43222e+012
45985.7
4.38781e+006
160328
481981
1.06166e+006
1.23839e+006
8.04291e+007
127304
99094.1
192370
6533.14
8429.93
8.11389e+007
278864
116272
2.01682e+007
1.27294e+006
35254.8
762038
414867
6204.67
10441.1
470790
409.063
275769
1.22056e+008
94380.9
3.6632e+006
2.06818e+006
4.16773e+009
142921
119372
254195
3.31084e+006
217894
2.06064e+007
975.484
2.27449e+008
2.08608e+007
93184.8
3.06161e+006
3911.24
83238.5
223583
5.00486e+006
23507.9
40918.2
1.17411e+006
4.18308e+008
1.47723e+007
1.33512e+006
4.71878e+007
16511.5
47372.6
1.22433e+007
526290
6.8375e+007
1.79234e+006
9.38569e+008
136275
60561.6
1.1256e+007
3866.81
37798.4
3.63109e+009
747121
1.51223e+007
1.1203e+007
262249
10166.1
1.06825e+010
228034
1.06562e+007
7033.36
870407
143550
137341
190908
2.61157e+008
3.84886e+006
6.56399e+009
1.59652e+007
18926.6
249430
1.32815e+008
78376
16702.2
3.68209e+006
119627
2.62631e+006
106126
9.45693e+008
9457.74
82102.7
3592.03
36654.2
49457.5
267766
5056.11
3.25804e+007
108401
6.53461e+006
734.573
9.12051e+006
1.46281e+007
143912
12175.9
1.23851e+006
630777
2.51234e+009
1.53638e+006
4.85507e+008
1.71896e+006
1.40634e+009
108433
525472
2.77729e+011
1.165e+008
4.52402e+007
30005.4
1.04552e+006
47973.1
9.96635e+006
3.26345e+008
23752.4
2.07512e+006
692086
2.21125e+007
9628.61
1.22762e+009
3037.79
589.612
9950.89
1730.07
384860
117520
796782
1.95268e+006
380902
494.049
30178
2.20383e+007
9.05334e+006
547205
505.219
4.69567e+006
33140.2
16081.8
3.54877e+007
2.29e+006
7.8037e+007
908399
531023
40827.3
1.02033e+007
205329
5.54353e+010
40854.8
1.46686e+006
4.86363e+009
17169.1
212231
284757
15205.3
1.15568e+006
2.21623e+006
230750
22540.6
4770.21
9.73849e+006
2716.91
5.72699e+009
365175
1.48306e+008
9.08999e+011
592127
5409.43
34519
2149.93
2.16743e+006
472020
17359.4
4558.42
497575
507114
650269
6.02546e+006
1.55202e+008
2.75353e+007
6.82429e+007
1341.67
237867
1227.88
24920.6
3305.52
1300.52
154488
8.69882e+008
3.24029e+007
1.85811e+006
138.524
4.37776e+006
8860.47
117063
21604.4
8020.96
2.403e+010
52807
3.08301e+007
1.10457e+006
4.97966e+008
1.33598e+006
272571
2507.77
22364.1
375648
1794.41
1.10808e+006
19296.6
17581.9
5.62648e+006
1.0176e+007
336731
716115
22381.2
5.34818e+006
134092
1.18756e+006
644214
1.66242e+007
3.11457e+007
265668
2.74875e+009
179412
158298
4.47308e+007
56873.3
2595.46
1.18952e+007
37693.6
188315
227589
252317
517167
173260
1.52138e+007
5465.76
7.84019e+007
627.143
193018
711.185
1.19366e+007
9.92638e+008
299542
413522
4344.4
1.6484e+006
13863.7
2.36387e+006
332942
3110.07
221065
473533
1.20913e+011
1.11633e+006
4.64946e+007
5.55984e+009
1.12208e+010
3.18287e+012
965880
2.94199e+007
3.85411e+007
2.13157e+006
3214.2
512697
4.17251e+006
736800
2942.06
460964
7.63352e+006
3262.3
6.65237e+007
337076
432.47
27222.1
5409.36
3.048e+007
9602.89
160206
1258.1
132945
52828.9
26702
139013
292825
2797.12
1.20357e+010
36499
60378
65577
1.43199e+006
2.67941e+008
2.70386e+006
1.66981e+007
16012.6
2.93187e+010
14104.5
38947.6
1.84286e+007
2.22196e+009
1569.21
762.394
61354.8
28339.3
8.08399e+013
2.62376e+006
9.0206e+006
1.44734e+007
69554.1
1.04555e+008
59924.2
32214.3
23811.4
1.99784e+006
1.72784e+007
817774
56326.1
175126
2626.88
1652.49
15848.7
69382.1
11239.4
2.44778e+007
7.895e+006
290126
99746.9
9.2409e+006
3.66983e+007
197102
4.2411e+008
675982
1.8143e+009
7.35364e+008
39479.7
5.02201e+006
41836.3
199915
135126
73175.7
1.03645e+009
1.96354e+010
113977
1.18929e+010
6.96489e+011
1087.58
8.80082e+007
23863.4
1538.67
5607.86
1.37644e+007
2.53488e+006
2.95164e+006
20333.2
6398.52
16866.2
9317.07
6.19119e+009
1.03145e+006
17022.8
1.00464e+006
1.63654e+006
4.50148e+008
2.38591e+009
4.50823e+006
6.03384
17140.3
2806.05
5.36938e+010
4.81015e+006
20772.8
6.7442e+009
1.9496e+007
46863.8
1.19681e+008
514581
7762.29
57416.2
342394
8161.3
425766
4385.1
2.40011e+010
4.05036e+009
3.29959e+007
1.03161e+006
52022.5
93862.4
7.05129e+006
626422
4899.77
27390.2
325750
1.00274e+007
163446
11162.7
465578
8.26574e+006
23779.2
1.91292e+006
1.62629e+011
3141.3
26321.1
5.08628e+009
19678.3
29933.3
74792.8
3.38918e+008
174223
34922.5
4833.05
3.28789e+007
1.84651e+007
7.54018e+006
3.65889e+013
47691.7
359856
3.72263e+006
3.81315e+007
63378.2
60.3474
177469
7.10701e+012
155815
2.04602e+007
1594.61
4.02301e+006
1.36982e+006
174.551
65123.9
899.928
2202.35
1.25124e+006
164.185
391914
5.69328e+008
1002.11
5.78268e+006
4.66668e+006
3.24648e+012
12823.7
191362
103142
6526.43
17029
3335.8
18184.8
104450
2.41682e+007
1495.89
7.4652e+007
570025
1400.35
3.32163e+006
8419.66
5031.72
2.68205e+008
21066.6
213586
1.14897e+008
4238.24
2.949e+009
2513.81
2.89319e+006
566258
814856
6.15837e+006
1.5728e+007
1.06497e+010
2.49099e+006
115786
37540.7
90960.7
1.65717e+006
2.30636e+006
20852.7
1.85211e+007
11062.9
394514
115138
4.02787e+008
10806.5
859359
998409
67354.2
1.04632e+006
130.394
5.51576e+006
2655.14
10976.8
10674
2.86353e+006
1317.28
2.19911e+008
20783
10042.6
5.88434e+006
2.65078e+006
4630.69
802545
48307.3
2.46125e+006
1.74696e+008
12093.7
226352
69655.9
614.932
34500
3.43845e+007
27045.5
2.26325e+006
1.58403e+013
2.26349e+006
734.141
6.3046e+006
12393.6
14088.7
1699.33
1.69082e+006
318626
1.51769e+008
4058.39
2.26937e+008
547776
113508
664500
12185.6
349122
1.17088e+006
501773
101121
5631.08
334567
3035.39
1.51336e+006
549030
7086.76
94462.2
4193.68
9783.87
93301.6
1.57518e+006
7.38193e+008
4.62287e+006
15552.2
3.96885e+007
69423.9
4.10991e+006
6.62641e+008
1.21355e+007
307246
17400.2
3.48937e+008
1.94308e+010
52323.2
2.19062e+007
3.78099e+007
873585
9.78699e+006
2798.97
8.43395e+007
445644
5.79393e+006
6.28829e+008
55494.4
1.4997e+008
1.1924e+006
22579.3
4.25861e+006
2.28927e+006
76234.8
3.17814e+006
682799
1.32015e+006
31612.4
11987.4
712318
131496
6438.24
1.39626e+007
723.015
5.97122e+006
2360.27
1.95959e+008
167996
1.028e+009
1.04064e+008
676.779
3152.61
3695.87
80624.2
8.12429e+010
1.32e+007
2.7248e+011
1.60067e+006
1.83671e+008
156644
1.16451e+006
5.17224e+012
1.42716e+006
35041.7
4213.13
846499
3.09293e+007
240329
186.725
262787
416303
324850
413473
29528.9
3.60424e+007
7419.5
591657
2357.52
643259
23487.9
6.40594e+008
5.66198e+006
2.388e+008
10467.3
25250.7
691.411
70237.4
22386.7
2837.27
2.25797e+007
42222.3
1.54771e+006
14601.4
1.29003e+008
623.254
326514
1.69491e+006
2.82703e+007
1.65657e+009
79991.5
14829.9
60310.2
9.21484e+006
1.29799e+012
174891
219700
2.83474e+007
2592.44
1.90025e+010
1.44517e+006
2.49288e+011
4.81679e+009
25022.2
5.95492e+007
2.75402e+007
711948
36825.1
141518
157.412
78104.7
12268.8
54859.7
1.77433e+006
1.1977e+007
112839
5.66061e+008
2.56846e+006
2844.52
2.70385e+009
1.18216e+006
4711.61
9.66384e+007
9789.96
1.04336e+008
2.86045e+007
225620
1.00975e+008
5.28104e+006
332735
3.00482e+007
5.38707e+006
2.57783e+006
2.4412e+007
356311
6.77126e+006
55913.9
102.91
1319.96
594940
3.85498e+009
10087.7
32519.6
1.18968e+006
7.83937e+008
5094.28
140085
32756.2
435738
6.29493e+008
1.88724e+006
1.1735e+006
230782
36515.7
285774
679.058
1.34661e+006
446110
264657
1.00035e+006
1.12282e+013
1.67046e+007
22725.6
6497.73
6.58489e+016
2827.87
5.51105e+007
2.91697e+007
239975
686853
1.00387e+006
117884
247.081
140070
3.13272e+011
1.1418e+006
95382.6
4.38443e+009
7.60526e+006
13206.8
5.19651e+007
1.13537e+008
1130.6
5.45898e+007
497965
5649.4
4.40599e+007
5.11493e+006
21102.5
401.872
6.06915e+006
3.48742e+007
8.92057e+007
5.94132e+006
1.44373e+006
643719
3.59828e+006
98231.1
7.83367e+008
3831.69
141027
400.827
238030
1.10218e+009
5865.16
1.31451e+011
1.01685e+006
2.20549e+009
348242
2.82118e+007
25568.3
170829
1.49489e+010
88712.6
1327.56
1.06395e+006
2.28491e+007
6.36482e+007
6.88191e+009
2262.05
242307
1253.38
9.8344e+009
3.60881e+008
117.988
243876
12811.3
3570.03
182678
854120
220344
3.63835e+007
1.11047e+007
16295.6
27452.4
680392
2028.23
7.54092e+013
16.7704
55903.4
4.07156e+011
1.30345e+008
21742.7
1.28164e+007
7.40455e+008
280612
22949.7
2.5189e+006
3136.73
5.68756e+006
2.06416e+009
4.2809e+006
305712
177055
34921.1
20648.9
1.26352e+010
4.60982e+010
1.24529e+006
164127
237419
1865.67
3.4317e+008
3.40616e+008
872030
175300
1.12879e+009
1.16045e+007
828.662
3.894e+006
148061
1.41778e+009
11227.8
662.102
7.06872e+006
21040.5
1.59541e+013
235064
791929
5.25079e+010
22758.6
56464.7
9.18128e+009
662.335
136104
9.08982e+007
11467.7
7.28594e+008
6.07382e+006
257852
6.58865e+007
28942.7
1.20419e+008
406161
839.177
1.18269e+007
4.13227e+006
343464
4139.45
1.49236e+008
1.50869e+007
576.736
1.77371e+008
4.50074e+006
1.02912e+006
19085.6
90340.1
1.01994e+006
903
5103.98
4.05747e+010
63941.3
693929
177798
1701.5
12629.3
2.11802e+006
27151.1
160730
1.76713e+007
136170
221894
1760.01
21812.8
2.47576e+006
3003.32
581333
1.835e+008
1.95328e+006
40975.5
2.91367e+008
108551
125108
9.276e+006
7288.85
2325.6
65586.7
27.7704
19462
31112.9
2.6885e+006
131392
2138.8
3.75116e+006
119523
88706
25269.6
47707.4
2.00733e+006
2.62981e+006
83927
5.45605e+007
20563.6
2.79976e+006
6.70753e+013
31843.5
438668
1.28746e+007
8.79027e+007
3302.71
719143
1.7676e+011
2.31105e+008
2.08168e+006
1.49688e+007
4827.4
1.03267e+008
219.053
2894.3
3.82983e+006
903611
7721.33
15621.5
7.58699e+009
496300
114062
675944
1.69021e+007
2.14856e+006
1.94519e+007
106443
8.26988e+009
8.92791e+006
50685.4
910440
1.62003e+006
297473
32681.7
8.09531e+006
142400
22104.9
5.53073e+009
3.1833e+007
210396
31357.1
2.097e+009
10599.2
157882
817985
1.48241e+011
5178.9
516197
1.0173e+007
13178.1
5.48422e+007
1.49671e+007
44796.4
1.67001e+006
1.76391e+007
781854
28392.9
30986.2
6.73989e+008
951762
90676.7
3.40598e+006
6.70653e+008
276314
3.25428e+006
40044.3
7.82517e+006
1.73338e+006
882.171
13012.1
1.1555e+006
3.73215e+008
30440.7
361757
7.60695e+006
32438.8
5.72896e+007
1945.25
9.12157e+009
23108
8783.47
2.42821e+007
136865
510496
1.23384e+006
86127.2
2.86504e+008
4158.38
1985.93
5225.95
3.95112e+009
28084.3
1.97907e+006
71034.7
561597
326719
4.86146e+006
27036.9
1.08042e+009
9.42325e+006
6070.86
2.02116e+007
2.64106e+007
9.76297e+008
2028.04
2.26125e+007
3.00268e+008
3.87231e+009
1959.02
1.86611e+007
47377.1
12916.3
72936.5
2.09361e+008
1.06639e+007
36312.9
2.62965e+007
408661
7.54097e+008
382846
8.94696e+006
70123.1
6.49944e+007
2.27325e+009
10137.2
2.94628e+006
1.17935e+008
448335
99767.7
343191
32250.2
469193
1.73542e+011
937479
2.07996e+014
668097
230094
1.48845e+007
109778
1.77966e+007
26148.7
286798
7036.61
2.54888e+006
14935
6.61453e+012
145610
257613
2.56627e+011
1.11713e+008
127071
186650
960046
107851
7.58913e+007
13261.6
68430.4
689.274
6.06422e+008
4.18303e+007
5592.46
70037.9
1219.25
165297
2.19203e+007
3.56349e+006
7972.79
763859
1.57001e+008
792026
82579.9
21658
13234.9
213904
2.16638e+008
7.07147e+007
8.97411e+007
243540
2.13312e+011
671630
3.82707e+006
1.10938e+007
1.01759e+008
2.56299e+007
4.24894e+006
1.68914e+023
13351.9
1.67615e+006
2.68395e+007
3733.44
5660.96
5.39018e+007
4.40833e+009
4.68327e+006
5473.63
110477
1.90487e+008
14571.4
67412.6
4410.59
726858
1500.41
7.9768e+006
1.08481e+008
3.84211e+006
1.56466e+009
72274.6
2.06967e+013
3.46484e+006
3766.61
46440.2
65619.4
2136
1.12997e+006
3668.68
1355.56
971278
245726
4.97019e+007
4243.12
684282
1.2467e+006
2.1934e+006
1.98392e+012
82191.3
39508.3
4212.11
108941
1.06512e+009
567866
9.4936e+006
23630.5
36302
392470
62985.3
11929.5
33169.5
4304.44
454960
3.88066e+007
3.0542e+008
1759.58
62862.2
56895.4
357049
1.66382e+006
110879
53640.2
6986.9
156316
1.81942e+014
129511
44145.1
119335
3.46152e+006
21422.6
8.82509e+008
3.24476e+006
57848.7
121143
3.54864e+009
1.39768e+019
1.09207e+006
154576
36387
360741
73667.8
15175.7
4.6617e+006
2.99631e+009
379.201
1.3956e+008
1841.55
1.81553e+006
1.71796e+007
8937.64
2.41877e+008
82297.9
3.39238e+008
9654.38
870813
467068
29022.3
31462.1
1224.79
5.21787e+007
2.46735
46526.4
5.10408e+007
93337.7
112198
574.836
163520
767.914
2.66499e+011
839817
668974
87832.5
1.86283e+006
8596.96
4.39097e+007
15045.2
5119.24
371159
2.59151e+013
24566.9
2.92422e+009
44353
4.18325e+006
2460.36
6646.36
60541.2
1.61505e+011
43748
1.35849e+006
2.48599e+006
9164.62
2.58591e+008
3.03611e+010
38207.3
1829.58
183561
2006.12
21341.6
102717
1.24248e+007
240725
13836.3
95864.2
3.01203e+007
1.49531e+009
1.49811e+006
3.92529e+006
755.561
407322
8.75453e+008
1.19236e+006
1.72651e+006
34216.9
104092
1717.31
267178
6.33948e+007
1.13574e+006
7.4053e+007
23058.3
60150
748644
23414.3
23574.3
65657.6
265716
1265.26
224929
3.19459e+013
5392.07
2.44408e+006
1310.61
255.611
1024.28
1.6743e+006
2.77123e+007
18539
7.45061e+007
4.04191e+007
223.746
44901
611149
4.03205e+006
3.57586e+006
16130.2
5.2815e+009
1432.94
177134
62491.7
1824.28
428077
57039
442186
247337
18988.5
2442.19
145.791
7771.02
5581.18
2.34744e+007
2.00853e+008
1602.68
1250.89
6667.57
115298
78553.9
19252.9
6.21005e+007
651294
1.07524e+007
1930.81
29176
7.77539e+006
1.01017e+006
383.177
6.15663e+006
9.39825e+007
9.03155e+006
5214.17
245677
157357
123166
4.51089e+006
3.06079e+006
140094
2.77776e+007
36121.9
3259.48
1.41285e+006
5424.08
970188
189.202
2161.02
46419.7
79701.1
63959.9
1113.96
3.90044e+008
17372
3859.38
1375.62
3.97022e+007
115439
7050.57
3.84699e+006
309745
2.09368e+008
10228
2.49154e+006
2.32735e+006
667817
40652.5
1.63618e+007
37147.3
116256
7.6823e+010
477643
1.22861e+010
5.06122e+007
3.76497e+007
1.86405e+008
8.72039e+008
22448.8
5724.03
3.40728e+013
109749
9.52722e+006
3.21177e+007
330.932
1.81685e+008
1.00712e+007
1.00147e+006
667.96
332066
2.41222e+007
2.55535e+006
2542.78
3.63942e+006
1.56321e+007
5.58108e+008
296154
5.6397e+007
9.77594e+006
128698
8961.83
1.77486e+011
1078.81
2.18933e+007
481424
775361
177262
359327
1.85913e+006
1.00274e+011
19826.6
28636.7
2.99276e+009
1.4094e+010
2.14156e+008
2.40249e+006
442011
6.35454e+006
533513
5.41157e+009
2078.93
12936.9
19696.9
1.30111e+006
327194
239.237
189039
2.35566e+006
3.07596e+007
12429.4
144297
744176
7014.99
4.29269e+008
308.153
1.09504e+006
4.36535e+008
937528
3.8899e+006
14981.3
4.23802e+008
30706.2
2.88542e+006
1.22186e+008
1.74677e+006
3.96166e+007
1.99695e+006
203008
20254.9
2.45013e+006
846316
2.32887e+008
5.6138e+007
5.3711e+009
184911
3.61656e+009
1439.3
2.55807e+006
1863.79
412040
4.25154e+008
94518.9
1.28104e+006
3.77017e+007
993942
1.83713e+010
9377.96
13857.8
5.33783e+008
2.9841e+010
1.53968e+008
227561
8.5106e+008
5.77976e+007
5.05961e+012
7.96707e+006
9.2838e+007
1.94238e+010
1.01128e+007
2.25779e+009
279162
2.60577e+007
2.62667e+007
496.07
1.165e+008
2.10332e+010
69195.1
3235.44
3.08502e+006
861701
14263.2
7.08872e+010
418126
4.06123e+007
1.42052e+007
2.8004e+008
487059
2.24123e+006
239488
2645.64
4.67961e+006
543002
1.42217e+010
1.24273e+007
79674.1
3887.58
1.14661e+006
7.96831e+006
11911.6
2.16012e+010
4.30943e+006
1.09699e+011
1.05196e+007
354534
8.26257e+006
1.66716e+012
5.17293e+006
1.06688e+006
2.24913e+008
190.071
2.22394e+010
144213
438512
3551.63
2.82446e+008
5.04895e+007
730650
213031
1.31776e+009
1.08639e+009
815741
7522.36
2017.07
159410
2.2562e+008
8.05327e+008
1.24636e+006
44913.1
104744
7706.31
703533
4.56687e+008
39888.8
36551.8
4897.26
6.19871e+006
3.58886e+006
1.00419e+007
290048
333808
5.56288e+006
391069
877979
29233.8
9.69659e+011
1.9509e+006
192592
1.28954e+006
351355
2.50686e+006
459624
1954.9
1028.71
31730.4
8327.84
1.44787e+008
56020.8
580105
5.32906e+007
1.82029e+006
1.67727e+009
5144.7
2.61223e+007
10885.8
9.56004e+007
6550.22
423300
583549
1.08657e+007
12645.7
17897.8
2.29345e+008
211564
4.45484e+007
5.12356e+007
5.63903e+010
3.21679e+007
4510.58
719613
12704.1
30444.4
8287.45
4719.26
7.65552e+006
1367.44
12936.6
1544.32
2.29935e+007
7076.04
715428
1.51901e+006
3.6116e+008
351955
47516.1
10848
3.7144e+007
2.79025e+007
7.45891e+010
4.07311e+006
1.10357e+011
233934
1.17521e+009
4.79664e+010
2.75549e+006
4.07701e+010
39142.5
4.4697e+007
71927.1
653599
5.3012e+006
283.234
3086.44
3.01699e+008
7518.63
7.23346e+007
177844
252854
1.49039e+009
52239.8
76.9118
4.49545e+007
719803
18220.6
2.82639e+007
44116.1
6.63264e+007
80340.3
1.29502e+007
87494.1
3.42935e+007
7.15233e+011
1.97837e+007
1.04375e+009
1.23265e+007
1840.68
1.65348e+006
13455.4
2.19653e+008
108812
79066.1
268999
6.57788e+007
4.63122e+006
271008
784616
9.25158e+006
35644.5
2.02399e+009
349309
85009.3
8571.68
609.4
52061.8
1.29539e+006
3.87018e+007
409286
612.881
532329
30516.5
513.262
455.31
20527.7
3.15578e+006
9267.46
2.92317e+011
202120
605838
1605.85
6.40689e+008
2.47158e+006
4.52239e+006
323379
15649.3
14736.5
4.71871e+007
1702.81
1459.93
486494
325655
50333.3
12204.4
551161
206.818
7731.75
8.71412e+006
1.72778e+007
9.35645e+006
12771.1
8.42436e+007
5544.83
7.39258e+009
3.29996e+007
8.18265e+007
1.05039e+007
10514
2.41733e+006
3.46981e+006
3155.15
38352.5
13622
4.33368e+007
223.227
9.24934e+006
10243.2
398182
5.58993e+006
6.77023e+008
17413.3
2260.3
14823.6
230603
21333.3
4.10163e+006
434165
8379.84
9.71168e+006
464265
5.62208e+007
103775
7064.29
4.11149e+007
7.06906e+006
1.42268e+008
3.2787e+007
3.55387e+011
1.2213e+006
-3.64101
2.93375e+006
1.43321e+016
60.1424
2.96573e+006
1.82264e+008
290368
3.26625e+008
11412.7
18176.7
9855.71
7.12798e+006
510749
328704
4.44909e+007
2.85418e+008
372543
551.284
3.9577e+007
426.911
1.01988e+007
776807
6903.87
1.50796e+006
1.01222e+009
26914.7
45855.9
181218
113835
55815.6
6650.28
5.16981e+008
1.23662e+006
8.38339e+007
2.41503e+007
1.41783e+007
1.16881e+008
170556
3.96262e+006
9.32931e+008
631360
12440.2
2.02448e+007
3.18401e+006
122782
2.48517e+008
4791.34
1.37725e+007
9.51106e+006
63226.9
6.22146e+013
5379.93
7499.62
1.77043e+006
2.35637e+006
37416.2
55208.9
5.36845e+006
4.68593e+006
329636
75196.6
403817
9467.28
18061.4
2.38931e+009
2.05182e+007
98562.4
5.73093e+008
217191
1.95596e+007
199185
184157
59994.6
96784
2.2433e+009
60283.1
7213.6
7.61404e+006
2.04213e+012
1028.05
6.62591e+006
112564
842.958
5894.42
261795
3.95253e+006
8.90734e+008
9.34348e+011
600234
13317
850382
7.98144e+007
2.62561e+006
6659.62
36245.6
8.21951e+006
2.28561e+006
64574.1
5642.82
1.72236e+007
4.46024e+007
2.9518e+007
2.36491e+006
452207
276444
4665.37
138999
987.085
6.09047e+007
822455
1.40831e+008
36304.7
7.35395e+006
2.11072e+009
8.29752e+006
1.6262e+006
1.64655e+006
14689.5
1.87238e+007
60122.8
37639.4
6939.26
82120.7
117.685
2.04576e+006
7.8294e+006
45124.3
242625
12308
150401
4366.71
2.29979e+008
2.65273e+006
18744.4
778788
33756.5
303549
117205
1.53024e+006
1.62527e+006
3.28178e+006
2.10844e+006
99.7797
91599.8
6.93686e+008
1602.2
318757
642086
3583.18
338737
2.30334e+008
47743.6
164706
5.93715e+008
1034.43
3.0334e+007
248067
4.00626e+008
1.35143e+007
697.092
767699
1.10503e+007
45256.7
1.57982e+006
5.4673e+009
2.48886e+007
69967.9
227968
1.13447e+007
1.42813e+011
5.25891e+006
9006.02
300.081
3.71881e+006
6.68084e+012
1308.34
3.87127e+006
27057.9
770582
3.33733e+011
3.06985e+007
2489.05
233459
717588
180923
834.368
1.31664e+008
339907
3.07125e+006
1.01852e+007
1.09633e+008
2.6995e+009
4.91306e+014
100812
4.11112e+007
3.59241e+008
54224
1.82567e+009
3.99546e+007
1321.11
502545
2.12963e+006
96218.1
3976.66
607.474
1.83933e+008
17513.3
2.23086e+007
7.42099e+010
33953.5
4.59153e+006
8.84579e+011
1.26165e+007
2.98372e+007
205733
5249.15
3.27434e+009
174064
30276.9
1380.16
3852
1.51338e+006
1.88098e+007
2.13138e+007
1.26553e+007
9.98189e+007
945552
47882.1
80309.3
756678
12284.9
7.9279e+006
147480
159779
2.81581e+007
60035.5
8.28711e+006
4.46994e+007
566353
5.36298e+009
53292.3
26439.8
20084.6
37685.1
2.49074e+007
37941.7
8.05925e+017
242470
1.83932e+007
3.19252e+006
1.31472e+006
6.74261e+008
31898.7
2.93948e+008
324800
1.12423e+007
2.79571e+009
4815.13
1.442e+006
31696.6
48536.6
11133
3.04661e+007
4.65462e+008
6.61593e+009
1.54661e+006
4.48725e+008
8783.93
51448.1
18074.4
576489
1.73715e+006
1.88968e+008
2.59832e+007
1.46184e+010
6.63328e+006
2.38838e+006
574423
8.74131e+006
5.84885e+006
1.12745e+006
580362
1.51439e+007
1774.67
1.00065e+008
1.9932e+006
1034.09
1.85801e+008
216122
311935
2.42641e+006
148875
32.3209
6672.06
563424
9.67664e+007
2.55026e+007
1.85651e+006
6231.14
3.84264e+009
121975
1.60504e+006
1.8251e+006
514121
1810.52
5760.54
36390.8
2.69005e+006
665385
3.61159e+012
78259.9
9.93148e+007
185.45
279519
21284.2
66034.8
906025
391529
4.87306e+008
20769.7
3.38738e+009
318912
1.03051e+006
203254
981822
1.0798e+006
89522.2
6581.16
2.34326e+006
3.67973e+007
3.64313e+009
7.35508e+006
271.891
261712
4.73432e+006
7.53403e+008
19253.6
49039.9
5.60223e+008
15220.1
35647.5
30840.5
1.70047e+006
2.36909e+006
20891.4
13438.2
211.937
396692
208647
2.71097e+006
1302.5
1.53632e+007
3946.77
229.788
8.93193e+010
340.578
196173
73943.3
9417.19
247.605
1.16594e+015
2.95207e+007
1.02568e+006
49014.1
37718.1
850582
9.75136e+010
99196
2198.35
1.89673e+006
1.30035e+008
15143.5
1.58157e+006
2.40364e+007
4789.5
26547.4
30073.3
5437.69
2654.72
2.33496e+007
5.97333e+006
51179.3
7.18178e+009
2.25997e+006
5180.81
2.20146e+017
9172.68
1.87127e+007
1278.67
4848.65
572.839
2376.55
144244
3.96675e+008
10272.7
226916
111348
8.26048e+007
28580.3
4.60523e+014
1400.09
867.828
1.14124e+006
11167.8
93933.3
1.31092e+006
1.47754e+006
7563.57
1.37691e+007
1.79037e+009
7664.37
1.59869e+006
6830.85
2937.57
341079
13840.5
1.31974e+007
5.71929e+007
2.20977e+009
7039.55
965.91
67673
3190.67
7323.34
10655.4
2.38306e+006
14398.1
1.38507e+006
533.704
67470
4.14211e+006
10361.7
3.16655e+007
137821
1.05723e+006
2.57071e+006
80962.1
3.11034e+007
8.19708e+009
25810.1
8.90698e+009
5.48785e+006
366853
63008.1
81.9808
24874.7
376808
140818
35718.7
7.6013e+007
1.1322e+013
2.96764e+008
787473
10278.3
1.08515e+006
3.56054e+006
130204
3770.5
2.2141e+008
69769.3
5.06384e+006
447777
3.3448e+010
1.76464e+009
37847.2
1.63247e+006
65421.6
9247.7
2.54943e+006
62215
10037
1.04836e+007
1.27821e+006
292.815
2230.67
3.78425e+010
9.36857e+008
120122
7758.8
2.93408e+007
1.75435e+006
7.4226e+007
150928
880.653
559008
22215.4
2.86856e+010
1.69979e+007
176975
7.45875e+009
79142.2
4837.34
5.99917e+010
475434
6.14071e+007
5.37892e+007
5.21282e+011
10576.2
892.084
5.23849e+007
23162.5
38474.1
19576.1
2.58293e+008
565660
2.68883e+006
2.59999e+008
5.70572e+007
59209.6
3.71505e+009
1.73595e+010
1218.12
6.29562e+007
2.0702e+009
3.36228e+007
31539.4
2.88499e+007
5425.73
3.46456e+007
915140
24446.1
6247.4
9379.52
681407
1.8676e+006
2.44677e+008
5.62667e+009
5.92532e+007
513.464
31304.1
56484.3
636422
100196
6.62132e+006
17280
7.92786e+008
2.57846e+007
3.70066e+006
612078
255893
2.99997e+007
6.57954e+008
2.80127e+013
4.6285e+010
1.30367e+006
465.152
138171
2774.89
33481.6
79710.3
9.4686e+006
2.15174e+006
1273.35
2.55614e+009
3642.1
3.97663e+012
1.34637e+008
42152.1
454244
34062.6
5.21752e+008
83.5166
44182
159410
88555.7
1.48658e+007
2.4696e+011
1.52819e+009
8054.53
371516
9.4591e+007
2554.02
3.85591e+006
90819.7
4.48832e+006
756.905
9.61256e+008
131296
3.39805e+010
1.10027e+006
51830.1
7.07499e+007
447239
2782.01
16539.4
1205.04
3.71251e+016
6.81353e+006
2.05087e+006
6.2267e+009
3.75859e+007
595.94
4.39729e+006
1.26157e+008
33857.2
387037
2.38907e+008
5.75468e+006
7.66189e+006
7317.42
56090.9
857000
1195.5
414733
153720
1.5917e+008
16652.3
1.17629e+017
25818.5
1.3425e+006
8.0868e+006
7542.47
1.16629e+007
225970
2.49236e+009
1.64386e+006
140018
18924
3.11261e+007
1.14353e+007
339910
4.00903e+007
6.48699e+007
85267.5
189249
1.05005e+007
81650.4
3901.72
119024
3746.84
7.55624e+008
5.91541e+007
2.16195e+006
17278.4
597525
1.56726e+008
8219.34
399.643
765.157
200882
277734
2.17737e+014
100999
2.65027e+007
1.94878e+007
297656
233590
1.36958e+006
112657
1.41007e+007
165680
14509.1
3.19629e+009
125443
14056.6
1.54519e+006
287792
502502
5.06789e+009
88208.5
1.9078e+008
1.66539e+007
50716.6
2.35278e+008
3.81128e+007
472050
1.57818e+008
2.39716e+008
3.72994e+009
1.60063e+006
7.71771e+010
2.42299e+006
340512
4.68924e+009
2.17029e+008
9.14221e+006
1.04755e+009
1.1471e+006
73112.9
3146.32
2.67944e+007
1.39422e+006
2.53167e+006
1.35513e+008
1.81347e+006
1.16056e+013
201691
5.30424e+006
1428.73
8708.4
2.42986e+008
3.02853e+009
499664
4.73212e+006
4.59391e+007
38696.9
342095
204276
1.01359e+008
2.46111e+006
51060.5
1.88136e+006
145216
422492
932.847
117.156
60412.9
65814.4
9.52759e+009
4.61137e+006
9052.18
3066.13
10119.8
361255
6.71076e+007
1.24411e+006
788699
273697
106895
810.372
35295.7
56812.3
89431.7
848.111
272.312
254843
540839
17109.5
247330
154254
1.59135e+007
3.15701e+009
3.70677e+007
7.72679e+006
2.33799e+012
151921
1.54087e+011
1.32399e+007
1.11752e+006
11407.1
1.49905e+007
1.80167e+007
3.74226e+008
1.69846e+006
34402.9
309209
4085.07
165713
13106.5
1.21594e+006
401.632
7.34086e+009
16316.7
64178
22460.2
38984.2
8.17469e+009
309001
89826.1
13072.8
5.90047e+006
24111.8
19883.5
5.72685e+006
2.10402e+011
21016.1
14308.8
1.68682e+007
3.95623e+007
7026.68
398539
11740.3
1.98954e+007
18873.5
3.36184e+007
127924
156778
2.17602e+006
834.784
3.32583e+006
19875.4
6.15481e+006
3493.26
8.19251e+008
2.24446e+006
4.51323e+007
1.78637e+011
54899.9
7.03476e+009
605834
7.16228e+007
2.40741e+006
79286.1
5172
5766.45
12379.1
75591.6
208.188
8.73798e+010
13167.8
605249
3.60919e+006
22475.4
655760
4.2909e+010
79.7216
454315
8.76686e+008
17163
532834
29738.7
44704.5
319294
1761.46
1.78156e+012
192052
1579.11
516642
31279.3
1.21222e+006
389.736
1593.13
2.74475e+006
44392.6
96266.3
45153.4
1.67466e+009
4.56033e+007
6.48703e+006
503859
1.36063e+016
675404
1.27514e+006
1.71064e+008
2.25328e+006
3.25932e+006
9.07045e+008
1.57903e+006
4.04761e+006
745.599
139626
6.81077e+007
7762.2
18326.5
42444.6
1.26202e+006
4.06656e+007
564677
4.76044e+012
122753
20595.5
2.72476e+006
1.12111e+012
81623.4
606.761
591241
427672
18900.3
162670
6.66556e+008
1.57561e+007
458.714
60730.5
1.65566e+007
2268.89
1.49306e+011
7165.87
481170
805.052
903427
1.08264e+009
1789.67
59394.4
9.91335e+006
71651.2
13680.2
1.15262e+006
1.94374e+007
2878.32
1.8276e+013
2.255e+007
3.31199e+007
3.43139e+010
4.74946e+006
7589.38
20420.4
3.93532e+006
3.44593e+007
2232.04
2.92978e+007
14147
9.73376e+006
8.32512e+006
7.30812e+009
44146.2
2.58618e+016
2.40506e+006
4.04681e+009
4.23853e+007
27400.7
644506
338961
26018.9
10085.4
2.66416e+007
511460
908022
293301
2.52191e+016
315141
1.02838e+008
1.25303e+006
208216
1.1666e+010
491270
5.66392e+007
529846
251655
1.76726e+008
357899
2565.79
2.09393e+006
1.51881e+008
1.14589e+006
387697
1560.43
11141.2
26152.9
292.869
4663.64
232.129
3840.63
377132
1.37324e+007
41066.4
1.93792e+006
1646.43
1.0321e+010
1.44344e+014
28250.2
685711
2.32256e+008
350.698
3.24098e+006
2.34226e+009
5.92174e+008
1.42671e+006
859.051
1.6148e+006
39675.9
5.73862e+007
2.52927e+006
962926
2.38427e+006
852716
8147.87
3290.02
1.10694e+006
846.452
2.06784e+006
3.84541e+006
1.28035e+008
3.87673e+007
785.089
1.07209e+008
2.30538e+006
537.768
26499.1
207865
37365.6
336829
2.39187e+009
84424.6
305885
1.09803e+008
5709.28
1.45793e+009
5.01645e+008
73726.6
36516.9
9276.79
2.86481e+007
1.39201e+009
5.69647e+007
24254.2
17893.1
9.68567e+006
1.80619e+007
1274.11
2.39833e+007
3.78243e+009
399339
4.22815e+006
717510
1543.95
10307.5
17830.1
5.53148e+007
1.3011e+008
1.40904e+008
2.43492e+008
577484
31.799
973694
2.17626e+008
150916
92867.3
1.07315e+006
43727.9
9.13517e+007
166149
15682.6
24405
5799.42
24776.3
5.34711e+008
3.18621e+008
1691.62
81.7211
161681
638487
3.98139e+006
1.03097e+006
2.64276e+007
5.43894e+007
3.08378e+009
1.03315e+010
92937
6.7072e+013
254605
58414.9
14135.2
9190.17
2901.51
139791
7.00723e+010
9196.83
2.35059e+007
3564.54
7610.52
24027.9
27634.8
4303.67
7.51974e+008
1.38918e+007
326703
110928
9210.09
556606
16076.6
9.44223e+006
1.67696e+006
5.55652e+008
5.62864e+007
39988.4
5.08624e+008
889.494
4.29699e+006
58937.5
78421
2.29565e+008
886387
1.4728e+006
1.42786e+006
23544.8
2.78271e+007
27328.6
96683.4
4.81891e+007
2.37298e+007
298471
1.86266e+008
4598.84
6837.13
2.48969e+007
113094
61986.5
126122
1.39323e+007
1720.36
318495
7623.23
7.25767e+009
93607.3
19633.5
227296
1.97377e+009
1.25369e+010
5464.98
168635
8.58619e+007
3.52302e+006
146236
19135.6
864801
1.49461e+009
201124
16096.3
4.03665e+007
109135
579358
1.75323e+009
6.55852e+006
3.42729e+008
4614.49
1062.12
33526.9
1.19177e+009
4294.65
106190
153426
4709.35
3.37262e+010
7.61119e+008
172309
759.499
2.02362e+006
51565.7
968682
2802.71
45950.2
736874
1.05193e+007
1.80502e+007
3.11562e+006
168595
7716.84
1987.27
733680
119847
1.10804e+006
132811
61140.9
1.13374e+011
993508
3782.2
609181
12887.3
2348.67
3072.1
1.61672e+006
1.32712e+007
27498
5.65361e+011
43796.5
1890.98
314.729
190194
1.66196e+009
348704
13465.3
6.95662e+007
6.88888e+009
4350.91
10128.3
5975.44
2.33396e+017
2.84047e+009
4.83335e+009
8824.28
3.98978e+006
1.2268e+007
773048
1.92338e+008
44762.4
3.14069e+006
1.78852e+008
31891.4
1.49784e+008
1.65657e+006
54494.1
98012.1
1.25068e+006
3.14879e+009
2.13592e+010
125.928
1.74495e+006
3.50185e+006
58026.6
3.91549e+008
582539
6.68269e+010
1.25074e+007
1.28155e+006
84644.2
32190.1
1.05433e+007
2028.85
7.20795e+006
80.5345
72509.4
3829.78
7487.23
465183
2744.51
63735.5
19214.1
363738
2648.84
6.21674e+006
4.31781e+007
2450.47
86897.7
2.87755e+006
3.30716e+006
723.41
55533.3
297705
59589
55352.6
346615
342626
5.75709e+007
420468
2.74447e+006
1.69235e+007
311761
7106.68
1.42201e+008
1.75692e+006
9950.24
1.22209e+007
765035
21415.9
32186.1
61739.8
2.23797e+008
3.94399e+006
596.013
4.22218e+007
4.89701e+007
3.10593e+008
4.1564e+006
9421.68
9.43398e+008
1.03837e+019
721633
9.78318e+006
6333.72
6.4751e+007
3203.76
16142.7
7039.58
34243
3.61491e+008
156462
21966.8
225516
3.23638e+006
3168.63
2.17979e+006
29488.5
3002.01
6.33042e+008
3.93783e+008
3674.75
1.56533e+010
2.81807e+008
8004.3
1.88039e+006
2.78818e+013
2.44061e+007
6699.89
6.47282e+008
588819
6.89412e+007
176471
2.80715e+006
6.97936e+006
135653
9.52156e+007
2.37938e+008
8.59595e+008
3.39278e+007
4.98812e+010
679306
2021.97
11685.5
96340.7
31103.9
5.97866e+008
1.2313e+013
1.08997e+011
1.38613e+008
1.71984e+008
5927.2
6.5855e+012
4000.78
7055.26
9.74038e+009
1.25504e+009
6635.29
6592.91
5.28242e+007
460633
3434.37
251840
503604
1.4171e+009
92798.2
7.27142e+006
2.24814e+012
1554.15
1.7119e+007
235866
504.983
27722.7
1.0521e+009
142236
2924.54
2.09872e+007
1.95531e+007
160527
581860
141194
7119.68
7491.05
1.79646e+008
78775.9
7.97096e+006
38901.5
14854.6
100107
1.41978e+006
1.0629e+012
4.685e+008
1.19956e+010
5.55358e+006
3.20933e+006
3.91269e+008
5.52563e+010
68299.8
1.12229e+011
5.04634e+006
2.08627e+009
9.73971e+007
1721.17
23827.7
5.93747e+006
9.08516e+006
47446.5
20840
1.57343e+007
178259
7.27785e+007
2.03196e+006
143581
623972
1.18007e+010
2.70936e+006
1.43518e+008
1.63312e+009
1.52473e+007
2.53506e+006
488842
1.85225e+009
42945.7
1.0401e+006
428.726
9.32217e+007
38526.2
1.05971e+007
7.71628e+006
11336.6
3.34052e+007
8.33926e+008
17890.3
170082
4.8426e+010
133562
3.15538e+007
2.80461e+008
17412.6
1.30285e+007
1.21858e+006
171485
2390.3
1.10354e+006
2.36325e+008
1.70828e+006
1908.65
479.469
4011.34
33482.5
977327
27426.2
2.16979e+007
7.05982e+006
1.29135e+007
668.438
1.6621e+008
1.52583e+006
1.50015e+012
527266
7.83667e+010
15390
3.78065e+006
1.41387e+011
2.50317e+007
2.37036e+007
3.14885e+007
9.18021e+006
258020
1.31841e+013
1.4835e+006
110651
230484
1.704e+006
121744
1.21748e+010
49245.9
97749.1
15600
41846
6.34608e+009
2.17538e+006
