135597
-27.5223
-27.5559
-27.2139
-26.4905
-28.4225
-26.558
-27.5559
-26.4839
-28.4225
-27.5559
-27.5452
-26.4644
-26.3739
-27.4797
-26.3623
-27.4797
-26.5314
-27.4797
-26.5314
-27.1901
-26.5792
-27.4797
-27.2139
-26.3199
-26.4839
-27.5559
-27.1149
-28.4225
-27.2139
-27.4797
-28.4225
-26.558
-25.5268
-27.2139
-27.2139
-26.3287
-27.4468
-27.5559
-28.4225
-28.4225
-27.5559
-27.4797
-27.1149
-26.4184
-26.5217
-26.558
-27.4797
-26.5217
-27.5452
-27.1149
-27.2139
-27.274
-27.2139
-28.4225
-19.1258
-27.2139
-27.2139
-27.5452
-27.4797
-26.4905
-25.4434
-26.6226
-27.5559
-27.5559
-27.4797
-27.5223
-28.4225
-27.5223
-26.5955
-27.3723
-27.2139
-27.4468
-26.6115
-26.5314
-27.5559
-27.4797
-28.4225
-27.4468
-28.4225
-27.5559
-27.5452
-27.2056
-28.4225
-25.504
-27.1149
1.94518e+006
-27.2139
-26.5314
-27.4797
-28.4225
-23.6153
-27.2139
-26.4429
-27.2139
-26.3623
-26.4839
-26.6233
-26.5314
-26.6233
-27.4797
-27.5559
-27.4797
-27.4797
-28.4225
-27.4797
-27.2139
-27.5452
-25.4144
-27.4797
-27.4797
-26.6233
-27.4797
-27.4797
-27.4468
-27.5452
-27.1149
-27.4797
-27.4468
-23.0984
-25.504
-27.5559
-28.4225
-27.4468
-26.5314
-27.4797
-27.1149
-26.6115
-27.5452
-27.5559
-27.4797
-27.1901
-27.2056
-27.5452
-26.558
-26.7386
-27.4797
-27.4797
-27.5559
-26.4905
-27.4468
-27.4797
-27.5559
-27.4797
-27.4797
-26.5792
-27.4468
-26.6226
-27.2056
-27.4468
-27.4797
-27.5559
-27.2139
-28.4225
-27.4797
-27.5452
-26.4429
-17.0277
-26.608
-28.4225
-28.4225
-26.4644
-26.4905
-26.4644
-27.2056
-26.4165
-27.5452
-26.5217
-26.4839
-27.4797
-27.5452
-26.3623
-27.2139
-26.4644
-26.6233
-27.5452
-27.5452
-26.5314
-26.5908
-28.4225
-12.9987
-27.1149
-26.3623
-27.4797
-27.4468
-26.3287
-27.3723
-27.5452
-26.5217
-28.4225
-27.4468
-27.3723
-26.4429
-26.5886
-26.4184
-26.558
-26.558
-27.5452
-27.5452
-26.5217
-26.5792
-26.5792
-27.4797
-27.4797
-26.6226
-27.5559
-28.4225
-28.4225
-27.5452
-26.4839
-26.5792
-27.1901
-26.3623
-26.5908
-28.4225
-26.4644
8244.42
-27.2139
-20.6365
-27.4797
-27.5452
-26.558
19225.6
-26.4949
-28.4225
-26.558
-26.6226
-28.4225
-28.4225
-27.1149
-27.5223
-27.5223
-26.4905
-26.6226
-27.4468
-27.5452
-27.2139
-27.4468
-27.5452
-27.5559
-27.2139
-27.4797
-26.6233
-28.4225
-27.5452
-27.2139
-27.4797
-27.5452
-22.4071
-27.5559
-27.1149
-26.5217
-27.5559
-26.6233
-27.2139
-28.4225
-18.297
-27.5559
-26.4921
-27.4797
-28.4225
-26.558
-27.5452
-27.2139
-26.5314
-26.5955
-26.6226
-27.4797
-27.4468
-25.504
-27.5559
-26.4839
-26.3623
-26.3287
-26.558
-28.4225
-26.5908
-26.5792
-27.5452
-25.5786
-26.3287
-27.4797
-26.6233
-27.4797
-28.4225
-26.5217
-27.4797
-27.4797
-27.4468
-27.4797
-27.4797
-27.4797
-27.5452
-27.4797
-27.3723
-28.4225
-27.5559
-28.4225
-28.4225
-27.5452
-27.4797
-27.2139
-28.4225
-27.5559
-27.5559
-26.4905
-26.5955
-26.6233
-27.4797
-27.5452
230199
-28.4225
-27.4797
-27.4797
5.05346e+006
-27.4797
-26.5314
-27.4468
-26.3512
-26.5217
-27.5452
-27.5452
-28.4225
-26.6233
-27.5559
-27.4797
-27.4797
-27.5559
-26.558
-28.4225
-26.6233
-26.4905
-27.4797
-26.4644
-27.5223
-25.504
-26.5217
-27.4797
-27.5452
-27.4468
-26.5217
-27.4797
-28.4225
-26.7386
-27.2139
-26.6233
-26.1161
-27.5559
-26.4429
-28.4225
-26.6233
-27.5559
-26.5314
-27.5559
-26.5792
-26.3623
-27.4468
-27.5452
-27.5452
-27.4797
-28.4225
-27.2139
-27.1149
-27.5452
-26.6233
-27.1149
-28.4225
-26.5908
-27.5559
-27.5452
-26.558
-26.6233
-27.4797
-26.608
-26.4184
-28.4225
-27.4797
-27.2139
-26.5314
-26.7386
-27.1149
-27.5452
-26.5217
-26.4644
-26.558
-26.5908
-26.558
-26.1161
-27.4468
-22.1203
-27.5452
-27.5559
-27.4797
-27.5223
-26.4839
-26.5792
-27.2139
-27.4468
-27.5452
-26.5955
-27.4797
-26.4839
-27.1901
-27.2139
-26.3287
-27.4468
-26.558
-26.5886
-25.5268
-27.5452
-28.4225
78800.2
-27.4468
-27.2139
-28.4225
-27.4797
-27.4797
-26.4165
-27.4797
-28.4225
-26.5792
-26.5217
-27.1149
-26.5217
-27.5452
-27.5223
-26.6226
-28.4225
-28.4225
-27.5452
-27.5452
-27.1149
-28.4225
-26.5955
-26.4429
-26.4839
-28.4225
-26.5217
-27.5559
-26.6233
-27.2139
-27.1149
-27.5559
-27.5559
-26.4905
-26.4184
-28.4225
-26.4839
-27.4797
-26.4644
-28.4225
-26.6233
-25.4434
-27.4797
-27.5559
-27.5559
-26.3739
-26.6233
-27.2139
-27.4797
-27.5223
-27.2056
-26.4905
-27.5452
-27.5452
-28.4225
-26.4429
-27.3723
-28.4225
-27.4797
-26.3623
-26.6233
-26.5792
-26.558
-28.4225
-26.2911
-27.5559
-28.4225
-26.4165
-27.1149
-27.4797
-28.4225
-26.5792
-19.3981
-27.1149
-26.4905
-27.2139
92268.9
-26.4839
-26.3287
-26.4184
-26.4921
-26.6233
-26.3623
-27.5223
-27.1149
-28.4225
-27.4797
-27.5452
-27.4797
-27.5559
-26.6233
-26.4644
-27.5452
-26.5955
-28.4225
-27.4468
-26.5955
-27.5452
-26.4839
-26.554
-27.4797
-27.5559
-27.1149
-27.2139
-26.5314
-27.2139
-26.6233
-27.2056
-27.5452
-28.4225
-26.6233
-26.4905
-23.754
-26.4905
-26.5908
-26.5217
-27.5452
-28.4225
-28.4225
-28.4225
-27.4797
-26.5792
-25.5268
-26.5792
-26.5217
-26.5908
-27.4468
-28.4225
-25.5268
-27.5223
-27.5452
-25.504
-27.4797
-27.4797
7.61897e+007
-26.4429
-25.3307
-27.4468
-27.4797
-16.8759
-27.5452
-26.4905
-27.5452
-26.5908
-27.4797
-28.4225
-27.1149
-27.4797
-27.5559
-27.5452
-28.4225
-26.5792
-27.4468
-26.6226
-26.4184
-26.6233
-26.558
-26.4184
-27.5452
-25.552
-25.4434
-26.5908
-28.4225
-26.4839
-26.6115
-27.1901
-27.4797
-28.4225
-27.2139
-26.6984
-28.4225
-27.1149
-28.4225
-27.5559
-27.5452
-27.5559
-27.5559
-28.4225
-28.4225
-26.4839
-27.4797
-27.2139
-27.5223
-27.4797
-28.4225
-27.5559
-27.5452
-28.4225
-27.4797
-27.5559
-28.4225
60584.8
-26.6233
-27.4797
-27.4797
-26.1996
-27.4797
-27.4797
-27.5559
-28.4225
-27.5223
-26.7386
-27.1149
-26.5955
-22.022
-26.4905
-27.5452
-27.5559
-27.4797
-27.5559
-27.5452
-27.2139
-27.5559
-27.5559
-27.4468
-27.2139
-27.3723
-27.5452
-27.3723
-26.4429
-26.6226
-27.4797
-27.4797
-27.1149
-27.4797
-27.4468
-27.4797
-26.4644
-28.4225
-27.4797
-27.2056
-27.5223
-27.4797
-27.5559
-27.1901
-26.5955
-27.2056
-27.1149
-27.5559
-27.4468
-27.4468
-24.6993
-26.4839
-27.4797
-27.4797
-25.5268
-27.4468
-28.4225
-27.1149
-27.5559
-27.4468
-27.4797
-26.4905
-28.4225
-27.1901
-27.3723
-27.5559
-27.1149
-27.5559
-27.5559
-26.5217
-26.5217
-27.4797
-27.4797
-26.4429
-26.4643
-26.4905
-26.6115
-27.5559
-27.2139
-27.4797
-28.4225
-26.5217
-27.2139
-27.4797
-27.4797
-27.4468
-26.5314
-26.5792
-26.4429
-26.5792
-26.558
-27.4468
1.03397e+006
-27.2139
-27.5223
-27.5452
-27.4797
-27.3723
-27.2139
-28.4225
-27.5559
-25.5268
-26.5792
1.15192e+006
-28.4225
-27.4797
-27.5559
-25.552
-27.4797
-28.4225
-27.4797
-27.4797
-27.5452
-26.6233
-28.4225
-28.4225
-26.6233
-26.6233
-27.4797
-27.2139
-27.5559
-27.4797
-27.5452
-27.2139
-26.4905
-25.4434
-26.6115
-27.3723
3854.76
-28.4225
-26.4429
-26.558
-26.6233
-26.5792
-27.4468
-25.427
-25.3378
-26.6115
-27.5559
-27.4797
-28.4225
-26.558
-28.4225
-27.2139
-26.3287
-27.4797
-26.4839
-27.5452
-27.2139
-28.4225
-27.5223
-26.5792
-23.0315
-27.5559
-26.3623
-25.552
-24.2132
-27.4797
-28.4225
-23.5297
-27.4797
-25.552
-27.274
-28.4225
-27.4797
-28.4225
-26.3287
-26.4905
-26.4905
-27.5452
-27.4797
-26.5217
-27.1149
-26.4645
-25.3307
-26.4644
-27.4468
-27.5452
-28.4225
-27.2056
-26.3287
-26.4905
-27.4468
-27.1901
-27.5559
-26.4839
-27.4797
-26.6115
-27.4468
-27.5452
-25.427
-27.5559
-26.4645
-27.4797
-28.4225
-26.5908
-26.6233
-27.5559
-27.4797
-27.4797
-26.4429
-27.5559
-27.1149
-26.6115
-27.2139
-27.4468
-27.3723
-28.4225
-26.4165
-26.6115
-27.1149
-27.5559
-27.1901
-26.4429
-26.5955
-27.5452
-27.4797
-26.6226
-27.2139
-27.5452
-26.5792
-27.4797
-27.4797
-26.6233
-27.4797
-27.2056
-27.5223
-27.5452
-27.1149
-27.4797
-28.4225
-26.558
145892
-27.1149
-27.4797
-27.5452
-27.4797
-27.4797
-26.4839
-26.3287
-28.4225
-27.5559
-26.5314
-26.5217
-26.4905
-26.5908
-27.4797
-28.4225
-27.5452
-26.5314
-26.5886
-25.4434
-26.5217
-27.5559
-27.5452
-27.4797
-27.4797
-26.3199
139941
-26.5314
-25.4434
-28.4225
-26.4184
-27.5559
-27.2139
-26.6115
-26.7386
-27.4797
-18.0066
-26.4839
-26.5217
-28.4225
-27.4797
-27.5559
-27.4468
-27.4797
-27.5452
-27.4468
-26.5955
-27.4797
-28.4225
-24.1024
-27.4797
-26.7386
-27.4797
-26.4429
-27.1149
-27.5559
1.41892e+007
-27.5452
-27.4797
-27.5559
-27.1901
-26.5217
-25.427
-27.5452
-27.4797
-28.4225
-26.4184
-26.5792
-26.4165
-26.4184
-27.5223
-27.5452
-27.4797
-27.4797
-27.1149
-27.4797
-27.274
-26.4921
-26.4905
-27.5223
-27.4468
-28.4225
-27.4468
-27.2056
-27.2139
-28.4225
-27.5559
-27.4797
-25.5666
-27.4797
-27.1149
-28.4225
-27.4797
-27.1149
-27.5559
-27.5223
-26.6226
-26.558
-26.4905
-27.5559
-27.5452
-27.5452
-26.4429
-26.5314
-28.4225
-26.5792
-27.4468
-27.2139
-27.2139
-27.2056
-26.5217
-26.6233
-26.6233
-26.4921
-26.4184
88446.1
-26.5217
-28.4225
-27.2139
-27.4797
-27.4797
-27.5559
-26.4184
-26.3457
-27.5223
-27.5223
-27.1149
-26.3623
-26.5217
-27.5559
-28.4225
-27.5559
-26.6115
-27.2139
-27.5452
-27.2139
-27.5559
-27.4468
-27.5559
-26.4839
-28.4225
-27.5559
-27.5452
-26.558
-27.2139
-27.4797
-27.1901
-28.4225
-26.4184
-27.4797
-27.5223
-27.5452
-27.5559
-26.4905
-28.4225
-27.5452
-27.2139
-26.4644
-27.2139
-26.5217
-27.4468
-27.4797
-27.1901
-26.4921
-26.4644
-26.6233
-27.4797
-27.2139
-26.6115
-27.4468
-27.2056
-26.4905
-27.4468
-26.4839
-26.4905
-27.4797
2413.4
-26.5886
-28.4225
-27.4797
-28.4225
-27.2056
-26.5314
-28.4225
-27.5559
-26.5217
-27.4797
-26.3287
-27.5452
-26.4184
-27.1149
-27.1149
-27.5559
-26.4184
-26.4184
-27.5452
-27.5452
-27.5559
-27.1901
-27.4797
-25.3009
-28.4225
-26.4905
-27.5559
-27.5452
-26.4905
-27.5559
-27.5452
-27.4797
-27.5452
-26.5314
-27.5452
-27.5559
-26.6233
-27.4797
-26.5217
-26.5849
-27.4797
-12.3321
-26.6226
-26.6233
-28.4225
-27.4468
-26.3199
-28.4225
-27.274
-27.5452
-26.5314
-27.5559
-26.4905
-26.5314
-27.5559
-28.4225
-27.1149
-27.2056
-27.5559
-27.5223
-27.4797
-27.4797
-27.5559
-26.5314
-27.5559
-27.5452
-28.4225
-27.5452
-27.4468
-27.5559
-27.2139
-27.4797
-27.4797
-27.4797
-28.4225
-27.4797
-27.5452
-26.5217
-28.4225
-24.6897
-26.4905
-27.4797
-27.2139
-27.4468
-27.5452
-27.4468
-27.4797
-28.4225
-27.1901
-26.6233
-27.5559
-28.4225
-26.3623
-27.4797
-28.4225
-26.4839
-27.5452
-28.4225
-26.4644
-27.5559
-27.2139
-27.4797
-28.4225
-28.4225
-27.4468
-27.2139
-27.4468
-27.1149
-27.4797
-26.4184
-26.3199
-26.4921
-27.4468
-27.4797
-28.4225
-27.1901
-27.5223
-27.5559
-28.4225
-28.4225
-27.5452
-28.4225
-28.4225
-27.5559
-26.5955
-27.5559
-27.5452
-27.5452
-27.4797
-27.4468
-27.5223
-18.9865
-26.5955
-26.558
-27.1149
-28.4225
-26.3623
53565.2
-27.3723
-28.4225
-26.6226
-27.4797
-26.4429
-26.5792
-27.4797
-26.5955
-26.4921
-28.4225
-27.4797
-26.5217
-27.5452
-27.5452
-27.1149
-27.1149
-27.2139
-26.4839
-27.4468
-26.6233
-27.5452
-27.4797
-28.4225
-27.2139
-26.558
-28.4225
-26.5792
-27.2056
-26.6233
-28.4225
-28.4225
-26.5217
-27.4797
-26.4165
-28.4225
-26.5217
-26.5792
-26.4645
-27.5223
-27.1901
-27.5559
-28.4225
-26.558
1.07099e+006
2.54043e+006
-26.6226
34517
-26.6233
-27.5452
-26.4905
-26.5792
-27.5559
-27.1149
-27.2139
-26.5314
-28.4225
-26.5314
-26.6226
-26.4905
-27.5452
-27.5452
-27.2139
-27.5452
-27.2139
-26.4905
-25.7918
-27.2139
-27.4797
-28.4225
-26.4839
-27.1149
-27.2139
-28.4225
-26.5314
-26.4905
-27.4468
-27.4797
-27.2139
-27.4468
-28.4225
-26.5792
-25.504
-26.4184
-27.4797
-27.2139
-28.4225
-26.558
-27.2139
-26.4429
-26.5217
-27.5452
-26.6233
-26.2616
-27.4468
-27.1901
-26.3287
-27.1149
-26.5955
-27.2139
-27.4797
-26.558
-26.6233
-27.4797
-27.5223
-27.1901
-26.4839
-27.5559
1.74635e+006
-27.4797
-27.4468
-25.5268
-27.4468
-26.5886
-26.4644
-26.7386
-26.5314
-28.4225
-26.6226
-27.4797
-26.558
-28.4225
-26.6233
-26.4644
-27.5223
-26.3623
-27.2139
-27.5559
-27.3723
-27.1149
-28.4225
-26.6226
-27.4797
-27.2056
-27.5223
1.31158e+008
-27.4468
-25.5786
-27.5559
-26.4905
-27.4797
-27.5559
-27.2139
-26.4839
-27.5452
-27.5559
-27.2139
-26.5792
-28.4225
-26.4644
-26.5314
-26.4839
-25.504
-28.4225
-26.6115
-28.4225
-26.4839
-27.5452
-26.558
-28.4225
-27.5559
-26.4839
-26.5955
-27.5452
-26.6952
-27.4797
-28.4225
-26.4839
-28.4225
-27.4797
-27.5452
-27.4797
-27.4797
-27.4797
-26.5792
-26.4184
-27.5452
-28.4225
-28.4225
-26.4839
-27.4797
-27.4797
-27.4797
-26.6233
-26.3287
-27.4797
-27.1149
-27.5452
-27.2056
-27.1149
-27.5559
-27.2139
-28.4225
-28.4225
-27.4797
-26.558
-26.5217
-27.5559
-27.2139
2.02802e+006
-26.4921
-26.4429
-27.5559
-27.5452
-28.4225
-26.3623
-27.5452
-26.5886
-27.1149
-27.5452
-27.2139
-27.5452
-26.3199
-27.4468
-27.5559
-27.4797
-27.5559
1.28838e+006
-25.427
-27.4468
-25.504
-26.558
-27.5452
-26.5217
-26.4645
-27.4797
-27.4797
-26.558
-26.5955
-26.5314
-25.427
-17.8357
-26.3287
-27.3723
-26.4429
-28.4225
-26.3623
-27.1149
-26.5955
-26.4839
-26.3623
-27.1149
-27.2139
-26.3287
-27.4468
-26.4644
-27.5559
-27.274
-27.5452
-27.2139
-27.5223
-27.2139
-27.1901
-26.6233
-26.6233
-26.558
-27.1149
-27.2139
-28.4225
-28.4225
-27.5559
-27.4797
-27.4468
-26.5886
-25.552
-27.4797
-27.5559
-27.4797
-26.4643
-25.3442
-27.5559
-26.4905
-27.5223
-27.5559
-27.5452
-27.2139
-27.5223
374040
-27.5452
-27.4797
-27.4797
-27.2139
-26.558
-26.4839
-26.4644
-27.4797
-27.5452
-25.5268
-26.4184
-27.5559
-25.427
-27.4797
-26.5217
-28.4225
35028.9
-28.4225
-27.4468
-26.6233
-27.5559
-26.1996
-26.4184
-28.4225
-26.5217
-27.4797
-27.4797
-27.4468
-27.5559
-27.5559
-27.5559
-27.5452
-27.5223
-27.4797
-27.4468
-28.4225
-27.5559
-25.462
-26.4429
-28.4225
-27.2139
-27.4797
-26.1996
-27.4797
-27.5559
-26.558
-26.4839
-26.4949
-27.5452
-26.4184
-26.5314
-27.1901
-26.558
-26.4429
-28.4225
-26.4905
-27.1149
-26.5217
-27.4797
-27.5559
-26.6233
-27.4797
-26.6115
-27.4797
-26.4429
-27.2139
-27.5559
-27.4468
-25.3378
-25.504
-26.5217
-28.4225
-27.4797
-25.1787
-27.4797
-27.2139
-27.1149
-27.4797
-28.4225
-27.5452
-27.4797
-27.1149
-27.5559
-27.274
-27.4797
-26.558
-26.4839
-28.4225
-25.4075
-28.4225
-27.1901
-26.5217
-27.4797
1.3633e+006
-26.5314
-28.4225
-27.5559
-26.4905
-27.5559
-27.2139
-28.4225
-27.4468
-27.4468
-27.4797
-26.4429
-27.4797
-26.3287
-25.4434
-26.4905
-26.4921
-28.4225
-27.2139
-26.4839
-28.4225
-26.4429
-27.1149
-26.5314
-28.4225
-27.4797
-28.4225
-26.5792
-26.6233
-27.5223
-27.1901
-27.4797
-26.1996
-26.5217
-27.4797
-26.6233
-27.4797
-26.4644
-27.2056
-27.4797
-27.5223
-27.5452
-26.6233
-27.2139
-25.427
-26.5955
-26.4184
-27.4797
-27.5559
-26.6233
-27.4797
-26.4839
-28.4225
-26.4644
-27.5559
-26.4165
-28.4225
-27.4468
-26.3623
-26.6233
-27.5559
-28.4225
-27.5452
-27.5559
-27.1149
-26.6226
-26.4429
-26.5217
-26.5314
-28.4225
-26.5955
-27.5452
-27.5559
-26.4905
-26.4839
-28.4225
-27.5223
-27.2139
-27.4468
-28.4225
-28.4225
-28.4225
-27.2139
-27.5452
-27.2139
-27.4797
-26.4429
-27.2139
-27.5559
-26.558
-27.4797
-26.5314
-27.5452
-26.4429
-27.5452
-28.4225
-26.4839
-27.4468
-26.4839
-27.5559
-26.5481
-28.4225
-27.2139
-26.4429
-27.2139
-27.4797
-24.7425
-26.4839
3.67835e+007
-26.558
-27.1149
-27.4797
-27.4797
-26.4905
-26.4644
-27.5223
-26.6226
-26.5792
-27.4797
-28.4225
-27.4797
-26.7386
-26.4921
-27.2056
-26.5314
-25.3442
-28.4225
-27.4468
-26.5217
-28.4225
-24.9145
-26.5792
-27.5559
-26.5314
-27.2139
-26.4184
-27.4797
-27.4797
-27.4468
-26.5792
-27.5559
-26.558
-27.5559
-26.6233
-27.5452
-27.5452
-27.5559
-26.558
-26.7386
-26.3623
153095
-28.4225
-26.5908
-27.3723
-26.5955
-26.5314
-27.4468
-27.5223
-27.5452
-26.4905
-27.4797
-26.6233
-27.4468
-27.2139
-28.4225
-26.4921
-27.5559
-22.7586
-28.4225
-27.1901
-27.4797
-27.274
-27.1901
3506.74
2.76526e+006
-26.6115
-27.1149
-26.558
-27.5559
-26.3287
-27.2139
-26.4429
-28.4225
-26.5886
-26.4839
-26.558
-26.4905
-26.3623
-26.4429
-26.4839
-26.6233
-27.2139
-28.4225
-26.6226
-27.2139
-27.3723
-27.2139
-26.4905
-26.5376
-27.2139
-26.4184
-27.5559
-26.6226
-27.2139
-27.2139
-28.4225
-26.677
-26.1996
-27.4468
-28.4225
-27.5559
-26.4429
-27.5559
-27.5452
-26.4165
-26.4839
-27.4797
-28.4225
-26.5314
-26.4644
-28.4225
-28.4225
-27.4468
-27.274
-28.4225
-27.4797
-27.1149
-27.4468
-27.1901
-27.2139
-27.1149
-26.5792
-27.1901
-28.4225
401758
-26.5217
-27.5559
-26.3287
-27.2139
-27.5452
-27.4797
-27.5559
-27.4797
-26.4905
-27.2056
-27.5559
-27.5559
-27.4797
-27.4797
-26.558
-26.4905
-27.2139
-27.5452
-27.5559
-26.6226
-14.2925
-27.5452
-26.5217
-27.4797
-27.2139
-26.4184
-27.4797
-26.558
-27.4797
-26.4921
-27.274
-27.5559
-27.4797
-28.4225
-26.5217
-26.5955
-26.2125
-27.5452
-26.4184
-28.4225
-28.4225
-26.4839
-27.5452
-26.4429
-26.4184
-16.703
-26.5792
-27.2139
-27.4797
-26.6233
-27.4468
-27.4797
-27.1149
-26.6233
-27.4468
-27.4797
-27.2139
-28.4225
-26.4905
-27.2139
-27.5559
-26.4905
-27.274
-26.5792
-27.5559
-28.4225
-22.7521
-26.4184
-26.4839
-27.4797
-27.5559
-26.6226
-27.4468
-22.8565
-26.6115
-27.5452
-27.5559
-27.1149
-28.4225
-27.4468
-27.1149
-27.1149
-26.5792
-28.4225
-27.5452
-27.4468
-26.1996
-26.5217
-27.1149
-27.5559
-27.4797
-26.4429
-27.1901
-27.4797
-26.558
-27.4468
-26.4839
-26.6952
-27.2139
-27.4468
-27.2139
-26.4644
-26.4429
-26.5217
-27.4468
-28.4225
-27.2139
-27.5452
-27.5559
-27.5559
-26.6226
-26.4839
-27.3723
-27.2139
-28.4225
-27.4797
-27.274
-27.4468
-26.4905
-26.3623
-26.4429
-27.5559
-26.4644
-27.5223
-27.5559
-26.4839
-28.4225
-28.4225
-27.4797
-26.4644
-27.5452
-26.5908
-26.5955
-26.558
-27.4468
-26.5955
-27.5452
-26.5886
-26.558
-27.3723
-26.4905
-27.4797
-27.5559
-26.3623
-27.5452
-26.4184
-27.4797
-26.4184
-27.5452
-27.4797
-27.5559
-28.4225
-27.1149
-26.5886
-27.4468
-26.6226
-26.5792
-27.2139
-27.4797
-27.4797
-27.1149
-26.4905
-20.8083
-27.5559
-26.6226
-28.4225
-27.2139
-28.4225
-28.4225
-28.4225
-27.4468
-27.5559
-27.5223
-27.5452
-27.5452
-26.558
-27.5559
-27.4468
-27.5452
-27.4797
-27.5559
-27.2139
-27.5452
-27.4797
-27.1901
-27.1901
-28.4225
-27.4797
-27.2139
-26.5792
-27.5559
-27.5559
-28.4225
-27.5223
-26.4921
-27.3723
-27.1901
-27.5452
-26.4184
-28.4225
-27.5559
-27.4797
-28.4225
-27.5559
-26.4905
-27.5559
-26.558
-27.4797
-26.4429
-26.5955
-27.4797
-27.5452
-28.4225
-27.2139
-25.8192
6.53389e+006
-26.4184
-27.5452
-27.5559
-27.1149
-26.4644
-27.5223
-26.5314
-27.4797
-26.5955
-26.558
-27.4797
-26.5217
-28.4225
-27.4797
-27.5452
-27.4468
-26.5217
-27.5559
-27.4468
-27.5223
-26.7386
-26.5792
-26.677
-27.4797
-27.2139
-25.4075
-25.504
-28.4225
-28.4225
-27.5452
-26.3623
-26.5217
-28.4225
-26.5217
-26.5955
-26.558
-26.3623
-27.4468
-27.1149
-27.4797
-25.2887
-15.5759
-26.5792
-27.4797
-27.4797
-26.4429
-27.5559
-27.1149
-28.4225
-27.5452
-26.4429
-26.2616
-26.3623
-25.3307
-27.1149
-27.4797
-25.504
-28.4225
-28.4225
-26.6233
-18.7059
-22.4822
-26.4644
-27.3723
-27.5452
-26.4921
-27.4797
-26.5217
-27.4797
-26.6115
-26.5217
-27.5452
-27.5223
-27.3723
-27.4468
-26.5314
-27.4468
-28.4225
-27.5559
-27.2139
-26.6233
-27.4797
-27.5452
-26.4184
-27.1901
-27.1149
-26.3287
-27.5559
-27.1901
-27.5559
-26.5314
-26.6226
-26.3623
-27.4468
-27.4797
-27.5223
-26.6233
-26.4839
-27.4468
-28.4225
-26.558
-27.1901
-26.6233
-26.4184
-27.5452
-27.2139
-26.5792
-27.4797
-27.4797
-26.5621
-27.4797
-26.4429
-28.4225
-27.1149
-27.1901
-27.5452
-26.3287
-27.4468
-27.4468
-26.4429
-26.5314
-27.5452
-26.2616
-27.5452
-26.5886
-27.4797
-27.5452
-27.1901
-26.4644
-28.4225
-27.4797
-27.1149
-27.5559
-27.4797
-27.3723
-26.558
-25.552
-25.5786
-27.2139
-28.4225
-27.4797
-26.4839
-27.4797
-26.4184
-27.4797
-27.1149
-26.6233
-27.4468
-26.5792
-27.2139
-27.3723
-27.4797
-27.4797
-27.5452
-27.4797
13286.9
-27.5559
-28.4225
-26.4905
-26.3623
-27.5559
-27.2056
-26.558
-27.4797
-26.5217
-26.4645
-26.5955
-27.3723
-26.4644
-27.4468
-25.3442
-28.4225
-27.4468
-26.5314
-27.5452
-27.4797
-27.2056
-28.4225
-28.4225
-27.3723
-27.5223
-27.4468
-28.4225
-28.4225
-26.4839
-27.5452
-27.4468
-26.6115
-27.5559
-27.4797
-27.5559
-28.4225
-27.5452
-26.6233
-27.5559
-26.5908
-26.6233
-27.1149
-28.4225
-25.504
-28.4225
-26.1996
-27.4797
-26.558
-27.5452
-27.2139
-27.4797
-27.5559
-27.4797
-27.2056
-26.558
27077.4
-25.3442
-26.5217
-26.3287
-27.3723
-27.4797
-28.4225
-27.274
-26.6233
-27.1149
-27.4797
-26.4905
-26.5314
56325.8
-27.4468
-27.5452
-27.4797
-26.558
-27.5559
11239.4
-27.274
-27.5559
-27.1149
-26.4644
-26.4905
-27.5559
-16.0663
-28.4225
-26.6233
-27.5452
-27.4797
-27.4468
-27.5452
-25.504
-27.2139
-27.5559
73060.8
-25.552
-26.5886
-26.4644
-26.6226
-28.4225
-28.4225
-27.4468
-28.4225
-26.6233
-27.5452
-27.5559
-27.5559
-26.4184
-27.1901
-27.5452
-24.4043
-27.1149
-28.4225
-26.5217
-27.3723
-27.5559
-27.4797
-28.4225
-28.4225
-28.4225
-25.5786
-27.5559
-26.5217
-27.5452
-26.6115
-26.6115
-26.4429
-21.1262
-23.2886
-27.5559
-26.4839
-27.1149
-27.5559
-27.5559
-27.274
-26.5955
-27.1149
-26.3287
-26.6233
-27.5559
-27.5559
-28.4225
-27.2139
-27.5452
-26.4839
-27.4797
-26.4905
-26.5792
-27.5559
-27.5559
-26.4839
-27.4468
-27.5559
-26.3623
-27.1901
-27.4797
-26.3623
-26.3623
-26.4644
-27.4797
-27.4468
-27.4797
-26.558
-27.5452
-25.8934
-27.2056
-25.552
-26.5792
-26.4644
-26.5217
-27.2139
-27.4468
-26.4921
-26.5217
-27.3723
-28.4225
-27.2056
-26.5217
-25.504
-27.5452
-27.5559
-26.1996
-26.4184
-27.4797
-26.5314
-28.4225
-26.5792
-27.4468
-18.1564
-28.4225
-26.4165
-27.2139
-27.5223
-27.4797
-27.5223
-27.4468
-27.5223
-27.4468
-26.5217
-26.1161
-26.4184
-25.4434
-27.5223
-27.4797
-27.1149
-27.5559
-27.5452
-25.427
-27.2139
-27.4797
-28.4225
-28.4225
-28.4225
-27.4797
-27.5559
-26.5217
-27.1901
-27.5559
-27.5559
-27.4468
-26.5314
-28.4225
-26.3623
-28.4225
-27.4797
-27.274
-26.3287
-28.4225
-26.3623
-26.4429
-26.5792
-27.4797
-26.5792
-15.1481
-27.5452
-25.3378
-27.4797
-26.6233
-25.4434
-26.5886
-27.2139
-27.3723
-26.4905
-27.5452
-26.4905
-26.473
-27.3723
-27.5559
-26.2616
-28.4225
-26.4921
-27.5559
-26.4905
-27.4797
-26.4905
-26.5908
-26.6115
-27.5559
-27.1901
-27.5452
-26.4429
-27.4797
-27.4797
-27.1149
-28.4225
-26.4184
-26.4905
-27.5452
-28.4225
-28.4225
-27.5559
-27.2139
-27.4468
-26.558
-27.4797
-28.4225
-27.274
-27.4797
-27.1901
-26.7386
-28.4225
-26.4184
-26.5886
-27.4468
-27.1149
-27.5452
-27.4797
-26.5217
-26.4839
-25.5786
-28.4225
-26.5314
-27.3723
-27.4468
-26.5792
-27.1149
-26.4644
-21.9678
-28.4225
-28.4225
-26.3287
-28.4225
-26.4905
-27.4797
-25.9166
-27.5559
-28.4225
-26.558
-27.2139
-26.5217
-27.4468
-26.6226
-26.6226
-27.1149
-25.3307
-25.552
-26.5314
-26.3287
-27.4468
-26.5217
-26.5314
-26.6233
-27.1901
-26.5886
-26.5217
-26.6226
-26.4184
-25.504
-27.5559
-27.1901
-27.5559
-26.5217
-27.274
-27.5559
-26.558
-27.4468
-27.4797
-27.4797
-25.427
-26.3623
-27.5223
-27.1149
-27.4468
-26.4184
-27.5452
-24.5646
-27.4468
-28.4225
-27.4797
-27.5452
-27.2139
-28.4225
-25.4434
-26.4429
-26.5908
-27.5452
-27.5559
-26.6233
-26.4905
-27.5223
-15.91
-27.5559
-27.5559
-27.1149
-27.2139
-26.6226
-26.3287
-27.4468
-27.5452
-27.4797
-27.2056
-27.4468
-27.4468
-27.4797
-27.4797
-27.4797
-26.4644
-27.4797
-27.4468
-28.4225
-26.3623
-27.4468
-28.4225
-27.4468
-26.558
-27.4797
-28.4225
-28.4225
-26.4429
-27.1149
-26.558
-27.5559
-27.4468
-27.1149
-27.5559
-27.4797
-26.4905
-27.4797
-27.4797
-22.3734
-27.3723
-27.4797
-28.4225
-27.2139
-25.504
-27.4468
-27.5452
-27.2139
-27.5559
-27.2056
-27.4797
-26.6233
-28.4225
-27.1901
-28.4225
-27.2139
-26.4644
-26.2125
-28.4225
-28.4225
-26.5792
-26.1996
-27.5559
-26.5955
-27.2056
-27.4468
-27.5452
-27.5559
-28.4225
-25.5268
-27.5452
-28.4225
-27.4797
-27.4468
-27.4797
-28.4225
-27.4797
-27.5452
-27.5559
-27.1901
-26.677
-27.5559
-27.2139
-26.558
-27.2139
-26.6233
-26.5314
-26.5908
-28.4225
-26.6233
-27.2139
-24.1381
-27.4468
-27.5452
-27.1149
-27.4797
-27.5452
-27.4468
-28.4225
-28.4225
-26.4429
-26.4645
-26.558
-27.5559
-27.5559
-27.4468
-27.4797
-25.4434
-26.3316
-26.5955
-27.5559
-27.5452
-22.3274
-27.4468
-27.2139
-18.7556
-27.4797
-25.504
-28.4225
-27.5223
-26.6226
-27.2139
-27.4797
-27.2139
-26.4184
-26.5908
-26.3739
-26.3623
-27.4797
-27.1149
-27.4797
-28.4225
-27.1149
-27.5452
-26.6226
-28.4225
-27.2139
-27.1149
-26.4429
-27.2139
-27.4797
-26.5955
-27.5452
-26.5792
-27.2139
-27.4468
-28.4225
-27.4468
-26.5314
-27.2139
-27.5452
-27.1149
-27.5223
-28.4225
-26.4905
-26.558
-28.4225
-27.4797
-28.4225
-25.3307
-26.5792
240658
-27.4468
-26.1996
-27.5452
-26.4905
-27.5223
-27.2139
-26.4839
-26.5217
-27.4797
-27.5559
-26.558
-27.5452
-26.5217
-26.5792
-27.1149
-27.3723
-27.5559
-27.5223
-25.552
-26.558
-27.4797
21742
-26.6233
-26.4644
-27.4797
-26.5792
-26.5886
-27.5452
-28.4225
-27.4797
-27.4468
-27.1901
-26.5217
-26.558
-26.5217
-26.558
-26.5314
-27.4797
-27.1149
-26.5217
-26.558
-26.4184
-28.4225
-26.6233
-26.5792
-27.274
-27.4797
-26.4429
-27.5559
-27.2139
-26.6115
-27.0558
-27.4797
-27.4797
-26.558
-27.2139
-28.4225
-28.4225
-25.504
-26.5217
-28.4225
-26.558
-27.2139
-27.5559
-28.4225
-27.1149
-27.3723
-27.1901
-27.4797
-27.2139
-26.5217
-27.5559
-27.4468
-26.5792
-27.4797
-27.5559
-27.5452
-14.3015
-26.4429
-26.4165
-26.5792
-26.4905
-27.5452
-26.6233
19074.6
-26.5314
-26.6233
-26.6226
-27.5559
-26.4429
-27.5223
-27.2056
-26.6233
-26.6233
-27.1901
-27.4797
-26.5792
-27.5559
-26.4184
-26.6233
-27.4797
-28.4225
-27.5452
-26.4165
-28.4225
-26.6233
-27.5559
-27.4797
-28.4225
-28.4225
-27.4797
-26.5217
-28.4225
-26.6233
-26.558
-27.5559
-27.5559
-25.3307
-26.5217
-28.4225
-27.4468
-27.4797
-27.4468
-26.4644
-28.4225
-26.4165
-26.4184
-28.4225
-27.4468
-26.5217
-27.5559
-27.4797
-28.4225
-27.5452
-27.4468
-25.504
-26.608
-27.2139
-27.5452
-27.5452
-27.4797
-27.2139
-27.5559
-26.5314
-28.4225
-27.5559
-28.4225
-27.5559
-28.4225
-26.4184
-26.4429
-26.4429
-25.3442
-27.5452
-26.5955
-26.7386
-25.552
-26.6233
-28.4225
-26.4905
-27.1149
-26.558
50676.1
-26.4839
-28.4225
-24.6324
-27.4797
-28.4225
-26.4429
-25.4434
-28.4225
-24.4415
-27.2139
-28.4225
-27.4797
-26.4905
-27.5559
-27.5559
-27.4468
-26.3287
-27.5559
-26.5217
-26.3623
-26.5792
-28.4225
-28.4225
-27.4797
-26.677
-26.558
-26.6115
-28.4225
-26.4905
-27.5452
-28.4225
-26.7386
-27.4797
-26.6226
-27.4797
-27.2139
-26.6233
-26.4644
-26.3287
-28.4225
-28.4225
-26.5792
-26.3287
-26.6115
-27.4797
-27.4797
-26.5886
-27.5452
-28.4225
-28.4225
-26.6226
-27.1149
-27.5559
-27.4468
-27.2139
-26.4429
-26.7386
-27.5452
-26.4905
-28.4225
-28.4225
-28.4225
-26.4839
-27.4797
-27.4797
-27.1149
-28.4225
-27.5223
-26.4184
-25.427
-26.4921
-27.4468
-25.5268
-26.4184
-27.4797
-26.4644
-27.5452
-27.5452
-27.4468
-26.4184
-28.4225
-28.4225
-27.4797
-26.558
-26.4905
-27.5452
-26.4644
-26.4839
-26.4839
-27.4797
-26.1996
-27.5559
-26.4905
-26.4429
-26.4429
-23.9611
-26.558
-26.4644
-27.4797
-26.4905
-26.4429
-27.4468
-27.4468
-28.4225
-26.4644
-27.5452
-26.5217
-26.5217
-27.4797
-26.6226
-27.4797
-28.4225
-27.2139
-27.3723
-26.5734
-25.504
-28.4225
-26.558
-26.4839
1.11055e+008
-26.4921
-27.4468
-25.504
-26.4184
-27.4468
-27.5559
-27.5559
-27.2056
-28.4225
-26.5955
-27.5452
-26.5217
-27.5559
-26.6233
-27.5559
-27.5559
-28.4225
-23.7125
-27.2139
-26.4644
-26.558
-26.4644
-27.4797
-27.5559
-26.4921
-27.3723
-27.2056
-26.5217
-27.1901
-27.2139
-28.4225
-27.4468
-28.4225
-26.558
-27.4797
4148.05
-26.6115
-26.6226
-27.4797
-28.4225
-26.5792
-27.4797
-27.5223
-26.4644
-26.5217
-27.5452
-25.504
-27.1149
-26.9858
-26.5792
-27.4797
-27.4797
-27.5559
-27.1149
-27.4468
-27.4797
-26.3623
-27.4797
-26.5908
-25.552
-27.5452
-28.4225
-26.6233
-27.1901
-26.558
-28.4225
-25.504
-26.3287
-25.5268
-26.5792
-27.4797
-26.3287
-28.4225
-26.3623
-26.5217
-27.1901
-26.4644
-27.5559
-27.5559
-28.4225
-26.4839
-27.5452
-14.1686
-27.5559
-27.1901
-26.4165
-27.4797
-26.5792
-26.6233
-27.1149
-26.4905
-27.5452
-26.558
-26.5314
-27.4468
-28.4225
-27.1149
-26.4905
-27.4468
-28.4225
-27.4797
-26.5908
-26.558
-26.5792
-26.4644
-26.4184
-27.5559
-26.6115
-27.1149
-26.558
-27.1901
552159
-26.473
-28.4225
-21.5085
-27.4797
-26.473
-25.552
-27.5452
-27.4797
-27.5452
-27.5452
-23.6093
-27.4797
-28.4225
-26.6226
-28.4225
-27.4797
-26.4184
-26.558
-25.552
-27.4468
-25.5786
-28.4225
-27.1901
-26.4429
-27.5559
-27.4797
-26.6226
-28.4225
-27.5559
-28.4225
-20.5813
-27.4468
-26.558
-26.4644
-26.4905
-26.558
-27.5559
-26.677
-26.6233
-28.4225
-27.4797
-26.4184
-27.5452
-27.5452
-26.5217
-26.4839
-26.558
-25.552
-25.504
-27.4797
-26.558
-27.5452
-26.6226
-27.5559
-27.5452
-27.2139
-27.4468
-27.4468
-26.608
-27.4468
-26.3623
-28.4225
-27.1149
-28.4225
-26.4921
-27.4797
-15.927
-26.4644
-27.2139
-27.5223
-27.4468
-26.4429
-27.5452
-27.4797
-27.5559
-27.2139
-27.4797
-27.4797
-27.4797
-26.6226
-27.5559
-27.1901
-26.4839
-27.1149
-28.4225
-27.4797
-28.4225
-27.2139
-27.5559
-27.5559
-28.4225
-26.5217
-27.1149
-26.558
-27.4797
-27.4797
-28.4225
-27.2056
-26.5314
-26.4905
-26.6233
-26.5217
-28.4225
-24.0534
-28.4225
-27.2139
-27.2139
-26.4921
-26.5955
-27.2139
-27.1901
-26.5217
-27.5559
-27.5223
-27.1901
-26.6233
-25.5268
-28.4225
-27.5223
-27.1149
-25.552
-27.2139
-27.1149
-27.2139
-27.2056
-27.4797
-26.5908
-27.4797
-27.1149
-28.4225
-27.4797
-27.4797
-27.4797
-26.4184
-27.5559
-27.5452
-26.4839
-26.558
-26.3287
-27.1149
-27.5452
-26.6233
-26.6233
-27.5223
-28.4225
-27.4797
-26.4429
-27.5559
-26.558
-28.4225
-27.4468
-27.5559
-27.4468
-27.1149
-26.6226
-26.558
-27.5559
-26.5908
-14.9584
-26.5792
-25.4434
-27.4468
-27.5559
-28.4225
-26.4429
-27.4468
-27.5452
-28.4225
-26.6233
-27.4797
-27.2139
-27.5223
-27.4468
-26.558
-27.4797
-26.5217
-26.4184
-27.1901
-27.5559
-27.4797
-27.1149
-26.6226
-27.5452
-27.1901
-27.2139
-26.5217
-27.2056
-26.4184
-26.1996
-27.5452
-27.1149
-27.5452
-26.5444
-27.5223
-26.4429
-27.4797
-27.4797
-27.4468
-26.4184
-26.4839
-26.5886
-28.4225
-27.5559
-27.5452
-27.5452
-27.5452
-27.4797
128693
-26.4839
-27.4468
-28.4225
-25.427
-27.4797
-26.5314
-26.558
-28.4225
-27.5223
-26.4905
-26.6233
-27.1149
-28.4225
-27.5223
-26.4905
-27.4468
-27.4797
-28.4225
-27.4797
-26.5792
-28.4225
-26.3623
-25.504
-27.5559
-26.6233
-28.4225
-27.5452
-27.5223
-27.4797
-27.2139
-27.4797
-27.4797
-26.6115
-25.427
-27.5559
-28.4225
-26.5217
-27.5223
-27.5452
-25.552
-26.5955
-26.4165
-27.4468
-27.5559
-26.4905
-27.1149
-24.0009
-28.4225
-27.4797
-27.4797
-27.2139
-27.5559
-27.4797
-28.4225
-27.4797
-26.6233
-27.4797
-26.4921
-27.5452
-28.4225
-26.4905
-27.5559
-26.6226
-27.5559
-27.1901
-27.5452
-26.4429
-27.5559
-26.4184
-28.4225
-28.4225
-27.5559
-27.4797
-27.1149
-27.4797
-28.4225
-27.4797
-27.3723
-27.4468
-28.4225
-27.5452
-26.4644
-28.4225
-28.4225
-26.5886
-25.2887
-27.1149
-26.558
-27.4797
-27.5559
-27.5452
-27.4797
-26.5314
-26.4429
-25.504
-27.5223
-25.5786
-26.4905
-25.7918
-26.5217
-26.6233
-28.4225
-26.6233
-28.4225
-28.4225
-28.4225
-27.5452
-27.4797
-26.558
-26.4905
-26.6226
-27.2056
-26.4905
-28.4225
-26.4429
-26.3623
-26.4644
-27.4468
-27.4797
-27.4797
-26.4184
-27.1149
-26.5217
-27.5452
-27.1149
-26.4921
-27.4468
-26.558
-26.5217
-26.558
-27.2056
-27.4797
-26.558
-27.5559
-27.4468
-27.5452
-27.5559
-26.5792
-27.4797
-27.4468
-26.5792
-26.3623
-27.1149
-27.5452
-27.5452
-28.4225
-26.5792
-27.4797
-27.4797
-27.4797
-26.3287
390619
-26.4184
-26.4459
-26.4905
-26.558
-26.4644
-28.4225
-27.4468
-27.2139
-27.2139
-16.8309
-27.5452
-27.4797
-26.5886
-27.5452
-28.4225
-26.6233
-27.4797
-27.5452
-26.4429
-27.5452
-28.4225
-28.4225
-27.4468
-27.5559
-27.1901
-26.5217
-27.2139
-27.5559
-26.4429
-28.4225
-26.4184
-25.552
-28.4225
-27.4797
-26.5217
-26.4905
-27.4797
-27.4468
-27.1149
-26.5217
-28.4225
-27.5452
-27.2139
-27.3723
-27.4797
-27.5223
-26.5314
-27.5559
-27.4797
-26.6226
-27.5452
-27.4468
-26.5908
-27.1901
-26.6233
-26.6115
-27.4797
-27.5559
-28.4225
-26.4839
-27.5452
-27.4468
-27.3723
-25.5268
-26.4905
-26.6233
-27.4797
-28.4225
-27.5223
-27.4468
-26.6115
-26.5908
-26.5955
-26.5217
-27.4797
-26.3623
-28.4225
-26.558
-27.4468
-27.4468
-27.4468
-27.4797
-26.558
-27.5559
-25.3442
-19.5221
-23.2379
-26.5217
-27.4797
-26.558
-27.4797
-28.4225
-26.5792
-25.4075
-25.5268
-28.4225
-25.552
-27.4797
-26.3623
-26.558
-28.4225
-27.1901
-27.4468
-26.558
-27.2139
-27.5559
-27.2139
-28.4225
-26.5792
-27.4797
-28.4225
-27.5452
-27.4797
-27.4468
-27.2139
-26.4429
-26.4905
-26.6233
-28.4225
-27.5559
-26.5217
-25.427
-27.5223
-27.4797
-26.4429
-26.7386
-26.4429
-27.1149
-27.2139
-28.4225
-26.5314
-28.4225
-27.4468
-27.4468
-27.5559
-24.8505
-26.5955
-25.4434
-26.7386
-27.4797
-27.1901
-27.1149
-27.4797
-25.4434
-26.5792
-27.4797
-26.3623
-26.4429
-28.4225
-26.4839
-27.5452
-27.4797
-27.4468
-27.4797
-27.4797
-27.5452
-27.4797
-26.4839
-27.1149
-27.4797
-27.5559
-26.5217
-26.6226
-26.5792
-26.6233
-27.4797
-27.4797
-26.4429
-28.4225
-27.5559
-27.5452
-26.6233
-26.3623
-27.4797
-25.552
-27.4797
-27.4797
-27.5452
-27.5452
-26.4184
-27.4797
-26.4184
-27.3723
1.16778e+006
-27.4797
2.85197e+006
-27.5452
-25.4075
-26.6233
-27.5559
-26.5217
-27.4797
-25.5268
-27.4797
-27.5452
-27.5452
-27.4797
-27.5452
-28.4225
-26.4644
-26.1996
-26.6233
-26.6115
-27.4797
-27.4468
-27.3723
-27.4797
-26.5886
-26.4644
-26.6233
-27.5559
-26.5792
-28.4225
-27.4468
-26.1996
-26.3623
-26.4905
-26.4184
-26.6233
-27.5559
-27.4797
-26.608
-26.7386
-27.4797
-26.4429
-28.4225
-25.4434
-27.3723
-27.2139
-27.5452
4539.19
-26.4839
-27.5223
-27.3723
-27.5452
-26.5908
-26.6226
-26.5792
-27.5452
-27.4797
-26.4184
-27.5452
-27.4797
-26.5955
-27.1149
-26.1996
-27.1149
-27.2056
-27.5559
-27.4797
-27.2139
-27.5452
-27.5452
-28.4225
-27.4797
-26.3623
-26.558
-27.5559
-27.4468
-27.4797
-26.6226
-27.5452
-27.4468
-26.6233
-26.4184
-27.2139
-27.4468
-27.5559
-27.4797
-27.5559
-28.4225
-27.4797
-27.5452
-27.5452
-28.4225
-28.4225
-27.1149
-27.4797
-27.4468
-27.5559
-26.5908
-27.4797
-25.552
-26.558
-25.4434
-24.7126
-27.2139
-27.4468
-27.4797
-27.5559
-26.4184
-24.3398
-26.5955
-27.4797
-27.4468
-27.4797
-27.4797
-27.2139
-26.5955
-26.6226
-27.1149
-27.3723
-26.5886
-26.7386
-27.5452
6932.18
-27.4797
-27.4468
-27.4468
-28.4225
-27.4468
-26.3623
-27.4797
-28.4225
-26.7386
-27.5452
-27.4797
-27.5559
-27.1149
-26.6233
-28.4225
116815
-27.1149
-27.1149
-27.5452
-26.5792
-27.5452
-26.6226
-26.5955
-26.5955
-26.4184
-27.5559
-25.504
-27.4797
-26.4643
-27.5559
-26.4905
-27.4797
-26.5217
-26.4429
-27.4797
-27.2139
-26.5314
-27.5559
-27.4468
-27.5452
-25.2596
-27.1149
-27.274
-23.5559
-27.4468
-27.4468
-26.4905
-20.4621
-27.4797
-27.1149
-27.4797
-25.5268
-27.2139
-27.1901
-26.5314
-27.1901
-27.2139
-27.2139
-27.5559
-26.4429
-27.1149
-27.4468
-27.5559
-26.558
-27.5452
-27.4797
-27.2139
-26.4184
-27.4797
-26.5908
-26.558
-27.5452
-27.5452
-28.4225
-27.5452
-28.4225
-27.5452
-27.5452
-26.4429
-27.5452
-27.5559
-27.1901
-28.4225
-27.2139
-27.5452
-27.1149
-27.4797
-27.5452
-27.2139
-26.6115
-26.4905
-27.5559
-27.5223
-26.5908
-27.4797
-26.5792
-28.4225
-26.5955
-26.4644
-26.3739
-26.5908
-26.4184
-26.558
-28.4225
-27.5559
-27.5559
-26.4429
-26.6226
-27.5223
-27.2139
-25.5786
159674
-26.5314
-26.5314
-27.4468
-26.6233
-27.4468
-27.5559
-26.5314
26264.6
-27.5452
-27.2139
-27.2139
-25.504
2308.18
-27.4797
-27.4797
-26.5217
-27.4797
-26.4905
-26.4644
-27.2139
-27.5452
-27.5452
-27.3723
-27.5452
-27.5452
-28.4225
-26.5217
-26.5314
-27.5559
-25.427
-27.5559
-28.4225
-27.4797
-26.4839
-27.2139
-27.5452
-27.4797
-27.4797
-26.6115
-27.4797
-27.2139
-26.4839
-26.5792
-27.3723
-28.4225
-27.2139
-27.5559
-27.4797
-26.6226
-28.4225
-27.5452
-27.1149
-27.1149
-26.5886
-26.6233
-27.4797
-27.5559
-27.4797
-28.4225
-24.6153
-26.6233
-26.5314
-26.4839
-27.2139
-27.2139
-28.4225
-27.5559
-28.4225
-26.5314
-27.2139
-27.1149
-27.5452
-26.3623
-27.5452
-28.4225
-27.4797
-28.4225
-27.4468
-26.4839
-27.5559
-26.1996
-27.5559
-27.4797
-26.5792
-25.3442
-27.4468
-27.5223
-26.3287
-25.552
-27.4797
-26.677
-27.5452
-27.5223
-28.4225
-26.5314
-26.1996
-27.2139
-26.5314
-26.4184
-27.5559
-28.4225
-25.7785
-26.558
-27.2139
-27.1149
-28.4225
-28.4225
-27.5452
-27.4797
-27.5452
-26.3623
-27.4797
-27.5559
-27.4797
-26.4644
-27.3723
-26.6233
-27.1149
-28.4225
-27.2139
-27.5223
-26.4429
-27.4797
-26.6233
-27.2139
-27.4797
-26.4644
-26.5792
-27.4797
-27.1149
-27.4468
-27.4797
-26.5314
-28.4225
-27.4797
-27.5559
-26.5217
-26.4429
-27.5559
-27.5559
-28.4225
-27.4797
-27.5559
-26.5217
-27.1901
-27.4797
-26.5908
-27.4797
-27.4797
-26.5217
-26.5314
-27.4797
-27.4797
-27.1149
-27.5559
-17.292
-26.5955
-27.5559
-27.5559
-26.4905
-27.5559
-27.2139
-27.5559
-26.4429
-26.4184
-26.4184
-26.4905
-26.4905
-26.5792
-27.4797
-26.6233
-26.6233
-27.4797
-27.5559
-28.4225
-26.6115
-26.4905
-27.1149
-26.4921
-25.504
-27.2139
-27.3723
-27.4468
-27.3723
-27.4797
-27.3723
-27.5452
-26.5314
-28.4225
-26.4839
-26.5217
-27.5559
-26.4905
-28.4225
-27.5452
-28.4225
-26.4905
-27.5452
-28.4225
-26.5217
-27.5452
-27.4468
-27.1901
-27.5452
-26.6115
-26.4839
-26.5792
-27.2139
-27.5223
-27.4797
-26.4429
-27.4797
-27.5452
-26.6226
-26.4905
-28.4225
-27.5559
-27.5559
-27.4468
-27.4797
-27.5559
-27.4797
-26.6226
-26.5792
-27.4797
-27.274
-28.4225
-26.558
-27.5559
-27.2139
-27.5559
-27.4468
-26.4905
-28.4225
-24.9502
-26.4905
-27.2139
-27.4468
-27.5559
-28.4225
-27.1149
-25.3307
-26.5792
-26.4644
-26.558
-27.2139
1.73386e+006
-26.3623
-25.504
-28.4225
-27.2139
-27.274
-27.2139
-27.4797
-26.5792
-28.4225
-26.4429
-26.558
-27.274
-27.2139
-27.5452
-28.4225
-27.5559
-27.4797
-27.5559
-27.4797
-27.5452
-27.4797
-28.4225
-26.5217
-26.3623
-27.5452
-27.4797
-27.4797
-26.4429
-26.6226
-26.4644
-27.3723
-27.5452
-27.4797
-27.4797
-27.5559
-27.1901
-26.4429
-28.4225
-26.4839
-28.4225
-27.4797
-26.6233
-28.4225
-27.5559
-26.5792
-26.5102
-28.4225
-26.5792
-26.4905
-27.4797
-26.558
-27.5559
-27.4797
-27.4797
-26.3623
-26.5217
-26.558
-27.4797
-27.5223
-27.4797
-28.4225
-26.4429
-27.4797
-26.4184
-27.1901
-27.4797
-27.4797
-26.3623
-26.5217
-28.4225
-27.4468
-27.5559
-27.4468
-22.0478
-27.2139
-25.4434
-26.5908
-26.5217
-26.4905
-27.4797
-26.6233
-27.2056
-27.5452
-25.552
1.35353e+007
-26.4839
-28.4225
-26.4184
369435
-26.6233
-27.4797
-27.4797
-28.4225
-27.3258
-27.5223
-27.3723
-27.2139
-28.4225
-26.6233
-27.2056
-26.4644
-27.5559
-27.4468
-26.5886
-26.5886
-27.5559
-27.5559
-26.4429
-26.5314
-26.6233
-27.2139
-28.4225
-27.4797
-27.4797
-26.5792
-26.4905
-26.4905
-26.5217
-27.2139
-26.5314
-26.6233
-27.5452
-26.5955
-27.4468
-26.5217
-28.4225
-27.5223
-17.3727
-27.4797
-27.5559
-27.274
-27.5559
-27.2139
-27.4797
-27.5452
-27.4468
-28.4225
-26.6226
-27.4468
-27.1149
-28.4225
-28.4225
-26.4644
-27.2139
-27.1901
-26.4644
-27.4468
-25.5268
-27.5559
-25.5268
-26.5908
-26.2616
-27.4468
-27.4468
-27.4468
-26.4905
-26.5792
-26.4184
-26.5314
-26.5217
-26.4905
-28.4225
-27.1901
-27.4797
-27.5452
-26.6226
-26.4839
-27.4797
-26.5955
-27.5452
14506.8
-26.3623
-27.1901
-27.4797
-26.5217
-27.4797
-26.4184
-25.5591
-26.4184
-26.4905
-27.1149
-26.677
-28.4225
-28.4225
-26.4839
-26.5217
-27.4797
-26.5792
-27.5452
-26.5792
-27.4468
-27.4797
-26.3623
-27.4797
-27.5452
-26.549
-28.4225
-27.4797
-27.4797
-27.5559
-27.5559
-27.1901
-26.4429
-27.2139
-26.5314
-27.4797
-26.6233
-27.4468
-27.4797
-28.4225
-27.1149
-27.1901
-26.4644
-27.5559
-27.5452
-27.1901
-27.2139
-25.552
-27.4797
-27.4797
-27.4468
-26.6984
-27.5452
-26.5908
-27.1149
-27.2139
-27.1149
-27.5452
-27.1149
-26.4949
-27.2139
-26.4839
-27.4468
-26.5792
-26.4429
-27.274
-26.5217
-27.2139
-27.5559
-27.5559
-26.4905
-26.5217
-27.3723
-27.5452
-28.4225
-26.5217
-27.1901
-27.4797
-27.4797
-26.5886
-26.4905
-26.4429
-26.4429
-27.4468
-28.4225
-26.558
-26.558
-23.62
-26.5955
-26.4839
-27.2139
-26.5792
-27.5452
-27.4797
-27.5452
-27.5452
-28.4225
-27.4797
-27.4797
-26.4184
-27.4797
-27.2139
-28.4225
-26.5217
-28.4225
-27.5452
-26.5217
-27.5559
-26.5955
-28.4225
-26.558
-27.4797
-26.4429
-26.558
-26.6226
-27.5452
-27.5452
-26.4839
-27.5452
-26.4429
-26.4905
-27.2139
-27.5559
-27.5452
-26.4839
-26.558
-27.4468
-27.5452
-26.4429
-26.6233
-27.1149
-26.4839
-27.2056
-28.4225
-25.4434
-26.5314
-27.5452
-27.4797
-26.558
-28.4225
-27.274
-27.4797
-27.4797
-27.4797
-27.4797
-25.4075
-26.6226
-26.4429
-27.4468
-27.5559
-26.4184
-28.4225
-26.558
-26.4184
-27.4797
-26.4644
-27.5452
-27.1149
-27.4797
-26.3623
-27.4797
-27.5559
-27.4797
-26.4839
-28.4225
-27.2139
-26.558
-27.4797
-28.4225
-27.5559
-27.4468
-27.5452
-26.5955
-26.6233
-26.4905
-27.4797
-27.2139
-27.4468
-27.2139
-27.5559
-26.4839
-26.4184
-27.5452
-27.1149
-28.4225
-26.1996
-27.3723
-26.4839
-26.6233
-26.558
-26.6233
-26.4839
-26.5217
-27.4797
-27.4468
-28.4225
-27.5452
-27.5559
-28.4225
-26.4921
-26.4184
-26.558
-26.4921
-27.2139
-25.5268
-26.6233
-27.5559
-26.4184
-28.4225
-26.5908
-27.1149
-28.4225
-26.5908
-27.5452
-28.4225
-27.5452
-27.4797
-27.5559
-27.5452
-26.5217
-27.5452
-26.558
-26.5217
-26.4839
-26.5217
-26.4644
-26.4644
-26.4905
-26.3623
-27.5452
-26.4839
-27.2139
-27.4797
-27.2139
-27.4468
-25.427
-26.4839
-26.6226
-27.5452
-28.4225
-27.4797
-26.5886
-25.5666
-27.5559
-27.5559
-28.4225
-27.2139
-21.5376
-27.4797
-26.4429
-26.4839
-26.6226
-27.5452
-27.4797
-23.3956
-25.552
-27.5559
-27.4797
-27.4797
-26.6115
-27.4797
-26.5955
-27.5559
-28.4225
-27.4468
-26.3199
-26.5217
-28.4225
-26.5955
-27.4797
-27.2139
-27.2139
-26.5955
-26.5217
-26.608
-27.5223
-26.4644
-27.4797
-28.4225
-26.1996
-26.4644
-27.4797
-27.5559
-26.5314
-26.5217
-28.4225
-27.1901
-28.4225
-27.5559
-26.5955
-25.5268
-26.5792
-27.2139
-26.5955
-27.5452
-26.4644
-27.4797
-22.134
-28.4225
-27.4468
-26.6233
-27.4797
-27.4468
-26.4839
-28.4225
-26.3623
-28.4225
-27.1149
-17.3158
-27.4468
-27.3723
-27.4797
-27.4797
-26.4644
-27.5452
-26.5955
-26.4839
-27.4468
-27.4797
-26.5792
-27.1149
-28.4225
-27.4797
-27.4468
-26.6233
-28.4225
-26.4184
-28.4225
-27.2139
-27.5559
-26.558
-25.552
-28.4225
-26.5217
-27.5452
-26.4905
-26.5955
-27.5559
-18.6236
-28.4225
-26.5886
-26.4839
-26.558
-26.5908
-27.5452
-27.4797
-27.4797
-27.1149
-27.5452
-27.1901
-28.4225
-26.3623
-26.6233
-27.4797
-26.4644
-27.4468
-27.1149
-26.6233
-28.4225
-28.4225
-26.6233
-28.4225
-27.4797
-27.4797
-26.5217
-27.1149
-27.4468
-27.4468
-27.4797
-26.5955
-28.4225
-26.558
-25.3442
-26.5314
-26.558
-27.5559
-27.5452
-27.4797
-27.2139
-25.5998
-25.552
-26.6115
-28.4225
-18.2646
-27.5452
-28.4225
-26.6226
-27.4468
-26.558
-27.2139
-27.1149
-27.5559
-27.4797
-26.558
-26.3199
-28.4225
-26.4839
-28.4225
-27.2139
-27.5559
-27.5223
-27.4797
-27.4797
-25.4446
-28.4225
-26.7386
-25.2887
-26.6226
-27.5223
-23.8048
-26.5792
-27.5559
-27.5559
-27.1149
-27.5452
-28.4225
-27.274
-28.4225
-27.5452
-26.5217
-27.4797
-27.1149
-27.5559
-25.4241
-27.5559
-28.4225
-27.3723
-27.2139
-27.2139
-26.3623
-27.2139
-26.4839
-27.1901
-27.5452
-27.5452
-25.3378
-28.4225
-27.4468
-26.4429
-26.558
-27.2139
-27.4797
-26.5955
-27.5559
-27.5452
-26.4165
-26.4184
-27.3723
-27.4797
-27.4797
-27.4797
-27.3723
-28.4225
-27.5559
-27.4468
-26.6233
-28.4225
-27.4797
-26.558
150556
-27.5452
-27.5452
-17.5082
-28.4225
-27.4468
-26.3623
-28.4225
-26.1996
-28.4225
-28.4225
-26.6115
-27.4468
-26.558
-27.1149
-26.6233
-26.558
-25.5786
-27.5452
-27.4797
-27.5559
-26.5217
-26.5886
-27.2139
-27.4797
-27.4797
-28.4225
-26.5314
-27.4468
-27.5559
-27.4797
-26.5908
-28.4225
-27.5559
-27.2139
-27.5223
-27.4797
-27.5559
-26.4184
-27.4468
-27.3723
-27.5452
-26.558
-27.5559
-27.2139
-26.5217
-26.5792
-26.251
-26.6233
-27.1149
-27.4797
-28.4225
-27.4468
-26.6226
43093.7
-26.5217
-27.2139
-27.5452
-26.558
-27.4797
-26.4839
-26.3623
-27.5452
-27.4797
-26.5217
-27.4468
-26.4921
-28.4225
-27.5452
-26.4429
-27.4468
-27.4797
-28.4225
-27.4797
-27.5559
-27.4797
-26.4643
-28.4225
-27.4468
-26.5955
-27.4797
-26.4839
-27.2139
-25.504
-27.2139
-27.1149
-27.4797
-27.4797
-26.5908
-15.366
-27.2139
-26.4644
-26.6115
-27.4797
-26.558
-26.5314
-27.5452
-27.4797
-27.5559
-27.4468
-27.4797
-27.4797
-27.5559
-27.1901
-27.5452
-27.2139
-26.4184
-27.1901
-26.5886
-21.0352
-26.6226
-27.5559
-24.0074
-27.4797
31711.1
-28.4225
-27.5452
-26.5217
-27.4468
-26.5314
-27.5559
-26.558
-17.6139
-27.5559
-26.4429
484.231
-26.5792
-27.4797
-28.4225
-27.4797
-27.5559
-26.4429
-27.4468
-27.4797
-26.558
155912
-27.4797
-27.5559
-26.558
-26.5792
-26.6226
-27.4797
-26.1996
-27.4468
-26.5314
-26.6226
-27.4797
-27.4468
-26.5314
-28.4225
-27.4797
-26.3623
-27.5223
-27.4468
-26.4644
-26.6115
-27.4468
-27.4797
-26.677
-27.4797
-27.4797
-27.4797
-26.4429
-27.1901
-25.552
-27.5452
-27.5452
-26.4429
-27.4468
-27.5223
-27.2139
-26.5792
-27.4797
-27.5452
-27.1901
-28.4225
-27.5452
-26.4839
-27.5559
-27.5452
-26.558
-27.1901
-27.4797
-26.558
-26.5217
-27.2056
-26.6233
-26.558
-27.274
-27.2056
-28.4225
-26.5792
-28.4225
-27.3723
-26.558
-26.6233
-27.5559
-27.5452
-25.4434
-26.5217
-26.5792
-27.4797
160193
-27.4797
-27.5452
-27.5559
-27.2139
-26.4643
-27.2139
-27.5452
-26.5217
-27.5452
-27.4468
-27.1149
-27.5559
-27.5559
-27.4468
-27.5452
-26.3623
-27.4797
-28.4225
-27.1149
-27.4797
-26.6115
-27.5452
-26.5314
-26.558
-26.5217
-26.6233
-28.4225
-26.6233
-26.5314
-26.4644
-26.5792
-26.4839
-27.4797
-26.5217
-26.5217
-27.5559
-26.5792
-27.4797
-27.4797
-26.5792
-25.504
-27.4797
-26.4184
-27.4797
-27.4468
-27.4797
-27.5452
-26.6115
-27.4468
-26.558
-27.4797
-26.5792
-28.4225
-25.5268
165406
-27.4797
-26.4839
-28.4225
-26.4184
-27.4797
-27.1901
-25.2599
-27.1149
-27.4468
-26.4644
-27.5559
-26.4644
-26.5314
-27.4468
-26.5792
-27.5223
-28.4225
-26.6115
-27.5559
-25.3442
-27.5452
-27.4797
-27.4797
-27.3723
-27.4797
-28.4225
-27.5559
-26.4644
-26.5792
-27.5452
-27.4468
-26.4644
-27.1149
-27.2139
-26.558
-27.5559
-27.2056
-27.5559
-26.6233
-26.1996
-26.558
-27.5452
-27.4797
-26.5217
-26.4429
-26.6226
-26.5217
-27.5559
