1.24042e+007
30705.8
1.2935e+007
1.07859e+006
102565
1.47322e+008
2.07283e+011
2.6896e+010
5.82549e+009
5.18134e+006
1.09154e+007
2.79669e+009
3.47532e+006
3.82934e+008
4.81558e+007
4.86138e+008
60519.9
3.28445e+007
650523
2.16449e+007
18338.3
1.00321e+008
2.38212e+009
1.16526e+008
4.05554e+006
3.57155e+009
5.28437e+007
4.1421e+006
448430
1.47816e+008
2.02215e+007
2.47573e+009
6.96728e+009
2.16251e+017
9.52314e+007
1.21598e+006
336359
1.7091e+007
1.8308e+008
2.8309e+011
53791
2.99693e+009
2.98931e+008
1.94435e+008
9.89078e+007
3.08648e+006
8.89724e+008
8.25593e+007
3.93727e+008
32836.8
153235
26296.8
1.66839e+008
3.77958e+007
2.50573e+008
2.41614e+008
4.90767e+007
1.14086e+006
3.93175e+006
583546
1.91954e+006
3.4066e+006
3.408e+006
4.27088e+008
854328
682682
8.44372e+011
26102.7
5.89393e+007
2.63098e+006
3398.79
4.30587e+008
154442
2.90239e+007
813928
3.30315e+006
578621
251463
3.50145e+006
2.97943e+007
9.29701e+007
7.66403e+007
4.54868e+007
404980
7.74235e+006
3.70452e+006
5.45049e+006
531750
2.02887e+006
9.67978e+006
17466.6
8.57739e+009
5.47992e+007
7.01902e+008
1.6826e+010
1.62974e+007
579910
1.07897e+006
1.27707e+006
118346
222890
6.73445e+006
2.18097e+009
2.49931e+006
1.60551e+006
307601
319254
1.5796e+016
8.27653e+007
139437
2.90268e+008
1.35918e+008
5.56951e+007
863450
16326.7
5.07016e+007
1.80742e+013
785038
271381
1.19732e+006
2.62424e+008
9.14102e+007
1.8986e+008
4.4357e+008
2.49711e+008
3.25852e+006
9.83117e+009
1.12519e+007
379149
115087
1.67246e+009
1.12006e+011
246971
8.4408e+006
1.13986e+008
2.17293e+009
460191
982838
1.09852e+008
683868
7.06393e+007
1.33727e+011
6.53741e+009
6.5244e+006
1.7156e+007
445589
2.45715e+007
655495
1.85978e+006
2.00657e+006
616712
1.39332e+007
8.86642e+006
331733
6944.81
6.18114e+006
3.01247e+006
2.29306e+009
6.97556e+006
1.6668e+006
1.12316e+008
8.09836e+006
9.76195e+006
1.33413e+009
7.49811e+007
2.98574e+007
1.3089e+007
1.23073e+009
1.65272e+007
3.08188e+012
882988
173880
1.73251e+010
1.30123e+010
320756
329021
1.69553e+008
1.67775e+007
4.31662e+016
9.54363e+009
3.06002e+008
2.71995e+008
679671
135314
2.61549e+006
3.37481e+009
1.86343e+006
1.35615e+006
675152
1.0547e+006
7.98411e+007
1.20468e+015
2.80887e+009
128937
4.09558e+006
4.76625e+007
395865
1.24168e+007
8.65207e+007
1.49173e+010
579547
6.25774e+009
4.72998e+007
1.0221e+009
472786
2.65786e+006
2.11599e+006
3.40947e+008
49061.3
5.30707e+006
1.06104e+006
1.62132e+015
2.45179e+007
47463.2
2.13172e+009
1.0217e+006
6.62355e+006
1.907e+007
1.59062e+007
509299
2.85239e+009
121000
2.41234e+009
268861
5.64028e+010
55920.2
5.27213e+008
2.77625e+010
9.42067e+010
2.13869e+008
2.27436e+008
4.63855e+010
2.40044e+008
3.66115e+008
1.6205e+007
1.15872e+012
3.29035e+006
3.50622e+006
1.60469e+007
311763
2.02104e+009
1.07014e+008
2.09576e+007
3.25211e+009
4.94187e+007
1.59576e+007
671406
1.01159e+007
5.83111e+006
328441
2.11656e+006
3.25362e+008
1.17286e+010
3.48711e+006
355904
5.21649e+006
4.05791e+008
1.26468e+007
2.79838e+008
84311.6
4.11684e+009
2.85051e+009
15144.6
1.97209e+006
2.06915e+006
3.369e+009
1.7709e+007
81026.3
128323
697096
772608
1.83811e+007
4.52298e+006
505011
1.19427e+009
3.84654e+006
4.16077e+012
3.76071e+010
3.32074e+011
1.5427e+009
3.08587e+007
334779
8.66193e+011
110835
5.15216e+014
803130
8.63141e+007
4.76722e+006
7.52748e+010
3.34268e+006
1.85467e+008
1.38994e+010
14899.4
4.16769e+007
32535.2
2.59601e+006
985217
3.11584e+007
8.70863e+012
1.17229e+007
3.63743e+006
1.2594e+011
6.72442e+007
145489
5.52928e+006
3.36199e+007
497110
3.53983e+007
1.52215e+010
2.11855e+007
4.21767e+011
262537
2.38463e+008
1.04958e+006
7.18771e+008
4.02911e+009
3.14767e+007
3.46618e+007
1.13158e+008
5.00217e+008
1.12844e+008
1.09227e+008
6.0529e+007
690684
6.82798e+007
3.30487e+008
2.38691e+008
3.19479e+010
1.45502e+008
8.75631e+009
2.67358e+011
3.82143e+008
1.09945e+008
98322.2
8.07139e+006
4.48334e+007
1.4908e+008
4.36983e+007
1.21405e+006
2.52404e+008
5.21824e+010
1.6773e+006
6.29949e+008
4.03554e+006
46727.3
9.33799e+008
631310
1.7457e+008
1.86038e+006
193426
4.95901e+006
3.98098e+012
1.60764e+007
7.4361e+006
199314
2.80228e+009
26020.4
359894
8.60395e+006
1.00195e+007
53007.4
1.45604e+007
3.66245e+012
3.55315e+007
4.25401e+008
1.08479e+009
186256
3.98708e+006
1.71241e+006
2.2879e+007
4.4697e+006
228200
4.01877e+010
1.49742e+007
2.1038e+010
7.36208e+011
3.40829e+009
3.46503e+009
2.73029e+007
1.09182e+006
9.49102e+008
393791
4.35078e+008
4.79362e+006
3.1164e+007
2.49868e+006
1.29249e+007
1.13359e+008
5.41112e+006
8.51053e+006
4.3246e+010
1.06203e+007
1.77267e+006
228122
1.34713e+008
2.28611e+006
6.00427e+007
5.16918e+006
3.84637e+006
7.99128e+009
1.40754e+008
1.55899e+010
1.3269e+007
561127
831922
9.21582e+006
418577
5.799e+007
1.00599e+006
4.88134e+009
3.55779e+007
2.50735e+009
5.16858e+008
365097
2.40433e+007
5.17327e+016
593030
1.59987e+014
8.99409e+011
2.62802e+006
2.38717e+006
2.40063e+007
2.05566e+009
1.24865e+006
1.3891e+007
5.10746e+007
1.70468e+006
4.52018e+008
1.58602e+008
2.69126e+007
2.12386e+007
1.94975e+008
4.13189e+011
1.04769e+011
5.07616e+008
1.5378e+007
1.01009e+019
4.34005e+006
958097
1.27326e+008
2.20201e+011
6.78201e+006
5.29247e+009
5.01126e+007
2.21188e+007
2.06945e+006
2.01945e+010
1.28123e+006
2.10851e+007
21576.3
9157.21
4.49563e+006
8.02228e+008
356862
8.43785e+010
5.12421e+007
1.00862e+006
1.96113e+006
4.38157e+006
4.89343e+009
7.21612e+006
23999.1
1.45091e+009
1.28637e+007
2.4626e+011
6.74146e+010
357316
2.06709e+010
5.17918e+006
329244
5.98713e+006
9.60017e+007
7.2744e+008
786823
1.35838e+009
1.06613e+015
9.69228e+009
4.51803e+006
2.04816e+006
8.82857e+008
751298
1.55539e+009
7.3179e+006
217860
4.2184e+006
4.86974e+008
5.34592e+006
5.84943e+008
1.40908e+011
4.86315e+006
2.38459e+006
4.04536e+009
866434
3.18702e+008
129821
3.32742e+006
299446
1.35258e+006
1.17334e+006
2.70843e+008
385441
1.59238e+007
7.45217e+009
2.73146e+006
1.00752e+006
2.60829e+006
1.22071e+006
1.13277e+008
2.22441e+006
1.47598e+009
206754
9.4538e+007
1.34805e+009
1.14592e+009
1.52728e+006
2.45471e+008
1.34792e+008
27516.4
1.81931e+009
8.48914e+006
25220.4
2.627e+008
8.08724e+006
6.03647e+007
4.26791e+006
1.67054e+006
7.17837e+010
8.82222e+008
3.57898e+007
439959
8.32149e+007
1.94737e+009
1.03764e+006
3.92342e+008
3.11685e+007
93421.8
1.658e+011
1.7308e+008
780992
2.4008e+008
337253
1.44271e+007
1.92588e+011
1.68956e+009
2.58485e+006
509482
929178
1.38917e+008
1.45228e+008
4.57914e+008
286487
1.01177e+006
77388.1
2.06155e+007
1.92948e+006
1.62799e+007
4.44883e+006
434579
3.08875e+007
4.81634e+007
9.72751e+006
1.92243e+006
6.07342e+010
9.24624e+008
2.18228e+010
3.96134e+006
527751
7.54902e+008
4.61644e+006
1.68104e+011
152421
42197.8
2.21491e+011
7.82567e+012
4.56381e+010
687284
2.16441e+008
103035
6.17032e+006
17415.6
6.42491e+007
1.50916e+006
945826
1.97633e+007
1.19433e+008
2.32259e+006
2.87485e+006
4.57318e+007
1.02372e+009
3.55761e+008
2.98092e+006
671968
2.75742e+010
8.89197e+010
7.61405e+008
9.51373e+006
9.4573e+006
3.47224e+008
2.7566e+007
7.85602e+007
2.51723e+006
4.08674e+010
1.75726e+006
55137.2
365506
1.51777e+006
2.28323e+007
190597
5.51857e+007
1.54404e+011
1.33097e+009
3.20959e+008
1.14271e+007
6.66786e+011
6.345e+007
2.62561e+006
9.74623e+008
6.56272e+007
4.41787e+007
4.49293e+006
3.06208e+006
6.08149e+009
1.1412e+006
1.24263e+006
5.28283e+009
107503
8.15465e+015
1.43854e+008
1.75815e+010
3.67356e+009
7.11889e+008
2.35101e+008
3.65481e+008
1.12393e+006
348700
399824
51913.9
4.82618e+006
3.47761e+009
4.81997e+007
1.09735e+008
3.48683e+007
1.50072e+008
206276
14517.5
2.24891e+007
8.81052e+010
1.04308e+006
1.15094e+006
1.82963e+008
5.25252e+007
1.94763e+006
1.71845e+006
1.51567e+008
16496.4
1.28109e+007
1.30409e+007
1.92033e+011
3.30765e+008
77394.4
6.98602e+006
1.05205e+008
3.60296e+006
277330
259216
32403.1
1.3463e+006
2.96755e+006
9.66282e+006
3.44779e+009
23233.6
921190
94821.9
158480
3.99694e+007
459043
1.40818e+011
6.56165e+010
2.31137e+006
165624
3.41571e+007
133409
17311.4
986063
279508
1.15602e+006
25966
329683
2.64635e+010
3.04758e+010
746680
1.90086e+011
1.31307e+006
6.5263e+007
2.9311e+007
5.09437e+006
2.38918e+006
5.57754e+011
7.6227e+008
8.50833e+006
1.70756e+007
786073
7.26467e+008
4.82933e+009
8.22983e+010
3.67445e+008
2.38152e+006
1.13202e+006
6.29719e+018
121801
2.68338e+006
1.53624e+011
7.55735e+008
1.9341e+009
323217
1.16674e+007
6.8452e+007
2.72632e+007
131831
3.23048e+008
3.28387e+015
10441.5
1.7256e+010
27448.7
2.5164e+015
152444
37943.4
4.08289e+009
2.21788e+007
1.37644e+008
1.03904e+007
1.41297e+006
4.49742e+009
1.9835e+006
3.01599e+006
7509.51
1.92818e+006
9.61246e+008
284391
500613
4.59362e+009
1.85769e+008
2.00446e+007
2.67503e+006
1.41308e+006
4.63045e+008
5.03468e+007
152334
4.0365e+010
2.20182e+007
1.52216e+008
141287
3.53383e+008
2.17125e+007
5.12058e+006
1.10152e+007
2.93304e+009
2.51164e+013
457613
3.01069e+009
1.197e+010
1.09026e+008
6.39294e+009
2.07109e+007
1.74269e+010
2.77179e+006
131799
1.21929e+007
1.44759e+007
758073
2.45313e+008
7.46489e+007
83668.8
3.64073e+007
2.80725e+007
1.62811e+007
1.50133e+009
208516
266317
3.01465e+008
1.72095e+011
4.69473e+009
3.75663e+009
659191
65026
138942
5.3203e+006
9.00148e+009
5.50157e+006
9.2108e+006
1.25433e+015
4.97595e+008
224866
2.30108e+006
4.69795e+006
102292
141647
5.11481e+006
1.395e+006
86032.7
1.15897e+007
6.46819e+006
2.09481e+009
9.73374e+009
1.10054e+007
1.63483e+007
1.50455e+008
19241.4
555667
6.20585e+007
1.50682e+006
2.49379e+007
1.84749e+013
277148
1.66868e+008
651119
588088
323192
216967
7.54483e+008
17790.1
1.13872e+009
1.07039e+006
1.1905e+006
1.13511e+008
186146
1.6165e+006
3.54859e+009
6.90361e+006
1.01461e+007
2.52304e+007
6.06009e+009
3.92093e+009
124755
9.89194e+008
1.62491e+007
4.92386e+007
1.16181e+010
4.71398e+010
17449.6
7.05793e+010
9.28069e+007
555114
717063
140331
3.01797e+008
1.47043e+006
3.52657e+007
5.21683e+009
269754
372108
148414
4.89735e+011
1.04381e+007
6.68936e+009
7.02971e+008
9.71307e+014
3.77829e+006
1.71576e+007
6.95802e+007
2.06227e+008
286222
1.22661e+007
8.17287e+007
220372
119288
49561
13825.7
1.46222e+008
1.00688e+012
2.63841e+006
5.67872e+006
636424
766040
1.0461e+007
6.47421e+006
2.72429e+008
3.13072e+010
2.63436e+007
59946.3
1.05484e+007
48844.2
6.938e+007
5.82962e+009
225702
1.40169e+008
9.61711e+008
5.04709e+008
7.34137e+007
7.243e+008
1.46825e+009
4.08043e+007
2.49129e+009
1.88378e+006
1.66786e+009
2.02405e+009
630007
1.8236e+010
645768
81767.5
1.23023e+006
1.75452e+008
1.54251e+009
1.19178e+008
1.9793e+006
137783
2.63944e+009
6.53531e+008
1.99289e+009
6.93817e+008
2.46874e+006
2.1564e+006
421193
7.5107e+007
5.5726e+007
5.56654e+007
1.43483e+007
2.40004e+013
1.31671e+006
3.56494e+006
607692
2.88736e+008
1.01846e+010
1.03045e+008
8.84244e+006
1.16041e+009
1.08908e+009
5.5792e+012
32874.7
1.21872e+006
1.11296e+007
306978
2.75077e+006
6.75556e+006
8.51967e+008
81674.6
2.07209e+008
1.24819e+006
863844
1.57888e+008
7.88795e+007
2.78989e+006
71253.4
1.17775e+009
5.89243e+007
387866
518601
1.28485e+010
1.34476e+007
93430.2
650596
6.44594e+013
7.31001e+009
616018
920951
331125
6.88522e+008
6.18076e+008
1.00714e+010
1.66369e+008
9916.81
2.26275e+008
934139
188960
6.84464e+009
1.94559e+010
3.67774e+007
3.08713e+006
200980
212185
6.84616e+007
2.73847e+009
1.07045e+007
1.21661e+007
3.19327e+014
159590
1.63233e+006
1.05586e+010
1.23391e+009
1.90659e+010
448752
4.70655e+009
1.38e+007
2.55269e+006
1.37082e+007
5.34277e+010
4.26005e+008
2.08778e+007
512114
3.25011e+007
6.79421e+008
136115
6.37688e+007
4.47876e+008
3.28756e+008
8.65036e+006
1.15101e+006
1.44522e+006
5.30493e+006
1.43521e+007
657248
11669.7
95761.6
1.35986e+009
1.49763e+007
6.52411e+006
4.06055e+006
2.76455e+009
1.7772e+008
5.21836e+008
469403
2.52689e+008
1.35208e+008
6.33049e+008
5.83442e+012
8.40204e+007
3.62339e+007
1.29052e+010
2.2495e+006
91859.7
4.62186e+007
409524
8.39211e+007
2.28412e+010
1.746e+007
10496.6
949890
1.75161e+006
5.53818e+007
168057
1.12603e+008
2.46652e+009
715233
2.37613e+008
7.61644e+011
1.17452e+007
1.22488e+010
3.08527e+006
9.20186e+009
5.19832e+013
49795.4
173887
87351.1
4.61159e+008
211048
2.99232e+007
1.02675e+009
5.55694e+006
416608
7.42978e+006
8.37161e+006
1.25163e+008
7.45216e+007
1.23011e+008
843572
1.0889e+010
2.02676e+011
127528
107650
87692.2
1.81849e+011
743087
14768.3
1.70196e+011
1.07238e+007
8.02813e+008
7.87096e+008
7.58916e+007
4.8698e+006
2.05637e+007
6.4909e+006
4.30708e+010
9.58329e+006
3.44661e+008
324960
231717
1.08649e+021
858923
719853
134107
3.8197e+006
3.36228e+006
8.43416e+006
4.75143e+007
763201
3.61817e+007
1.85573e+008
2.56022e+011
1.22175e+008
5.33574e+008
6.78014e+007
2.48382e+009
3.54763e+007
1.16152e+008
2.78461e+009
3.73944e+006
40817.9
24952.5
1.17342e+006
478223
137168
124825
57483.8
4.17865e+010
8.9814e+007
2.28108e+006
3.26487e+006
1.38121e+007
5.51422e+006
5.21204e+006
2.59712e+006
3.83844e+010
9.70076e+010
1.37836e+012
1.05711e+009
1.12239e+009
2.75737e+008
4.75191e+009
431961
8138.32
1.16466e+009
9.85267e+007
4.4847e+006
3.62401e+008
1.20172e+007
892268
32051.3
32205.8
423432
9.71853e+006
6.85323e+010
1.0988e+010
6.49741e+006
1.41215e+011
1.68382e+007
71403.4
9.12331e+007
7.1313e+007
20506.5
8.0688e+007
8.84266e+006
1.24884e+006
9.11137e+007
660187
5.36681e+008
1.42305e+009
6.79512e+011
3.5257e+007
4.80562e+011
2.14955e+007
4.45444e+011
1.78144e+015
405553
2.06124e+008
1.04859e+007
1.54605e+008
1.17653e+006
18558.6
747884
846551
1.44865e+007
2.90057e+008
1.41181e+006
2.0429e+007
4.19317e+007
37074.1
3.0246e+010
1.11526e+007
6.10789e+009
7.23832e+010
1.22416e+010
3.99241e+008
3.44351e+007
237168
1.17552e+006
6.50278e+006
9.12879e+006
2.7953e+010
1.03228e+006
285616
3.21879e+007
3.11257e+006
1.3709e+009
1.11807e+008
2.34118e+009
4.03289e+006
1.20937e+008
2.48894e+006
4.2466e+007
3.87855e+007
1.42416e+008
4.39331e+006
1.20112e+006
1.01486e+007
8.62922e+006
4.99539e+007
3.45633e+007
9.8854e+009
1.71761e+006
1.22434e+007
1.32583e+006
5.05835e+007
5.5321e+010
500128
3.29162e+006
3.96015e+006
241237
1.55046e+011
3.83239e+007
4.17281e+006
2.00724e+010
7.15728e+007
4.96336e+007
9.71415e+006
1.24915e+008
1.14524e+006
6.2803e+008
4.22547e+011
1.96331e+006
3.82554e+008
3.9639e+007
223318
5.49703e+006
994455
1.02576e+009
2.94289e+006
9.13782e+006
5.1024e+007
1.41554e+006
9819.88
1.2721e+007
1.25105e+007
2.26326e+009
5.59404e+006
2.22894e+008
7.10043e+007
611652
53514.3
3.19373e+008
8.74087e+007
32639.6
2.92937e+010
261844
4.1545e+008
7.04224e+006
1.34023e+008
1.2594e+008
2.65183e+007
2.68581e+007
1.20367e+013
3.63499e+006
4.25693e+006
4.01595e+013
1.51371e+006
1.04752e+008
24300.3
5.84792e+007
693670
284106
77075.3
1.40525e+007
100236
2.50052e+006
2.5715e+009
1.24242e+009
9.06269e+007
549584
1.46929e+009
236115
9.43825e+010
2.32871e+007
5.83948e+006
4.36604e+006
3.40471e+006
126590
757316
3.39847e+006
4713.49
1.90052e+010
1.68303e+007
4.52545e+006
1.8713e+007
226038
1.28723e+007
2.57136e+008
7.52869e+010
5.16315e+016
1.12872e+007
3.81367e+008
9.35173e+006
5.38545e+007
677781
2.14783e+007
5.52019e+008
1.50592e+006
5.37325e+006
2.59517e+007
4.94127e+011
3.45948e+008
14827.5
163610
1.40188e+011
8.09698e+006
325280
3.32757e+006
360629
2.20713e+006
7.9139e+007
5.22604e+006
5.33042e+007
3.55413e+006
3.07449e+007
244091
2.42747e+007
3.32793e+007
5.28606e+007
1.2021e+010
73028.8
1.0074e+008
198028
2.5119e+006
2.1703e+006
2.36993e+006
1.5139e+007
2.51042e+007
1.09511e+007
1.74955e+006
1.36294e+009
1.1764e+007
1.74151e+008
7.7378e+008
6.32092e+007
2.61657e+007
5.00834e+007
14872.2
3.1185e+012
4.8402e+007
622759
9.42347e+006
3.35264e+008
3.3022e+006
1.89975e+009
3.96349e+006
6.20383e+006
2.91232e+012
38964.1
85706.1
2.10109e+008
5.00599e+008
3.99384e+007
290176
2.33926e+007
2.62914e+008
249641
1.1853e+006
3.67958e+008
1.65005e+006
11842.6
4.46584e+007
1.93743e+007
83714.1
688548
464650
1.12973e+008
131001
331272
1.73652e+009
5.16957e+006
1.73502e+006
7.76764e+006
4.01255e+006
8.93191e+007
9.36822e+006
2.65023e+009
91966.2
2.82326e+006
3.88142e+007
5.60498e+006
1.12873e+007
1.21433e+006
9.88873e+006
3.92323e+007
1.7334e+008
1.58113e+006
7.81544e+009
1.83344e+006
28323.1
3.07375e+006
80660.8
8.16744e+010
5.60979e+006
2.57412e+007
750522
4.76351e+011
4.85879e+008
6.3953e+007
8.11515e+010
5.68018e+007
9.15145e+010
71205.1
530257
3.10595e+010
106056
5.29205e+013
571085
6.25238e+007
1.42153e+008
3.7696e+006
142838
163935
143285
3.29218e+007
167145
1.03784e+010
38106
4.75241e+006
5.13069e+009
3.46956e+006
7.1985e+007
1.73537e+006
7.6521e+007
202664
59302.8
5.93684e+009
446072
70037.9
468155
9.64449e+010
252718
3.12952e+007
3.10376e+007
4.11307e+008
6.74204e+006
1.55427e+010
152360
33883.3
5667.15
3.74706e+010
2.20144e+007
22274.8
1.34989e+006
1.85649e+010
5.09622e+007
4.07447e+006
8148.83
4.64515e+008
15219.3
80354.7
5.77825e+007
2.83594e+008
1.39438e+009
7.00295e+008
23333.3
8.5682e+013
1.47366e+007
65285.4
4.13194e+006
2.74534e+007
310664
7.18954e+013
453660
3.11324e+007
3.8099e+006
283425
3.1477e+007
1.19699e+008
1.60472e+011
1.27529e+011
8.40477e+007
1.72365e+010
684879
534442
7.33356e+006
4.3863e+007
1.20516e+008
2.48647e+008
7.89892e+008
2.16983e+007
3.2646e+007
1.16539e+006
2.89352e+006
5.64803e+006
2.9125e+010
5.61346e+007
3.01533e+009
71906.6
357328
7.69729e+006
626112
1.02857e+011
9.38795e+007
1.37743e+006
689130
5.22003e+007
3.6199e+007
53213.3
77188.4
3.79206e+006
1.68058e+006
342011
669386
2.89012e+010
2.16096e+011
2.15412e+007
2.22209e+009
9.62347e+007
356439
111427
6.61481e+007
1.16192e+009
2.60436e+007
6.38322e+007
6.39667e+008
3.54584e+006
1.03843e+007
6.53994e+008
3.18342e+008
1.11682e+010
3.79127e+007
3.92219e+007
5.97306e+008
4.85576e+007
1.7229e+008
4.03414e+006
115896
3.29185e+007
2.63434e+009
5.21676e+007
1.1298e+007
2.74187e+009
1.10936e+007
2.11746e+009
9.00814e+006
3.39738e+006
1.62489e+009
3.23635e+007
7.08375e+006
5.35821e+006
3.03395e+006
6.82742e+006
6.91898e+007
1.26668e+006
1.24394e+007
1.05598e+010
27499.7
39318.9
3.45372e+006
1.06709e+016
1.93024e+007
4.48661e+007
9.98008e+006
1.97229e+009
1.95963e+007
471838
2.17972e+007
3.45448e+007
9.1383e+006
23709
5.02488e+008
4.52793e+006
169282
6.54474e+015
5.88084e+006
1.37781e+006
1.06289e+007
3.10205e+008
3.5314e+010
4.5578e+007
2.728e+013
1.26556e+006
1.06674e+006
314206
121511
1.56043e+012
2.67797e+007
1.76254e+008
6.52042e+006
7.30644e+007
2.04937e+007
1.17422e+009
62791.4
6.89815e+012
5.8651e+007
612425
8.66176e+008
9.18234e+006
5.74732e+006
1.11888e+008
4.95334e+011
55583
1.33379e+014
1.07573e+006
1.79447e+006
2.93679e+009
4.67784e+007
105080
1.5988e+008
4.65218e+006
1.64412e+008
744453
7.74248e+006
1.20808e+007
3.50457e+007
3.80254e+006
2.59091e+008
1.07011e+010
179694
1.31827e+009
1.13574e+007
1.13429e+009
5.45878e+010
731414
3.27436e+013
1.62916e+011
8.6801e+008
1.8612e+010
2.3092e+010
2.56153e+008
549018
5.92228e+008
47033.2
672879
1.04235e+006
9.60017e+006
1.94476e+009
5.93426e+006
1.11986e+009
827977
2.48413e+009
4.73084e+009
5.02356e+006
7.49952e+006
9.61277e+008
3.56076e+008
1.01094e+006
3.19258e+009
7.67501e+010
1.45235e+006
6.30051e+011
1.08251e+006
124001
1.12591e+007
1.39175e+007
4.54566e+008
69259.7
1.20076e+009
1.05958e+013
46483.8
1.04362e+007
1.91746e+006
9.25425e+007
2.32324e+006
2.92913e+013
450425
2.09661e+007
2.09518e+006
7.03949e+007
628286
9.00514e+006
388267
5.50749e+008
1.63226e+008
4.76492e+007
3.02661e+007
375349
5.07891e+008
7.52983e+007
49683.1
6.71849e+009
503738
1.98528e+006
5.53702e+008
459701
3.33657e+009
1.96041e+006
3.65097e+008
1.78763e+008
8.30877e+008
4.50474e+007
409157
5.94296e+007
1.59906e+013
294554
634226
254064
149052
4.57887e+006
3.78063e+007
6.49336e+012
6.48658e+008
994717
4.63636e+007
1.33113e+008
1.47031e+006
9.79899e+007
2.59641e+008
1.4576e+008
1.13749e+006
2.43805e+009
95245.2
5.18045e+006
330715
3.31832e+010
9069.27
2.16066e+008
48403
5.40665e+008
826711
1.12032e+007
9.22969e+021
1.252e+006
1.90254e+012
1.26975e+010
8.09794e+006
1.07441e+014
5.04107e+006
696553
1.46284e+008
1.67452e+008
4.56519e+010
102428
3.74097e+008
7.24646e+006
2.091e+007
2.46786e+008
2.3407e+008
3.15891e+010
3.9416e+007
1.00367e+006
23027
453500
1.25516e+012
1.13048e+006
107104
116154
326822
2.38656e+008
3.33941e+006
2.96976e+012
2.30021e+009
2.36154e+006
4.28903e+010
54624.5
6.52832e+006
2.30621e+006
1.67463e+009
1.17075e+008
1.30305e+010
2.57908e+007
1.26784e+006
1.79258e+008
2.91707e+012
2.2653e+011
1.33249e+011
4.41113e+006
4.27608e+009
2.13609e+007
3.59058e+009
535441
2.12213e+008
1.91462e+007
1.47216e+006
3.99343e+008
1.88844e+007
3.13494e+018
58865.2
588469
169325
2.38793e+007
156836
1.06396e+006
4.97413e+006
1.27936e+006
5.05932e+008
4.84797e+006
3.50264e+008
3.19646e+014
2.44457e+007
2.09538e+006
1.09915e+008
2.08009e+006
3.6519e+009
2.1727e+008
6.34502e+008
2.78767e+008
3.25052e+006
1.74264e+006
1.50631e+006
4.46693e+010
1.36439e+008
2.42949e+006
1.82918e+011
10568
12862.2
42794.5
3.64528e+006
627848
2.42486e+008
158272
514357
5974.2
850405
88033.7
2.21568e+006
2.5535e+006
8.18885e+006
4.19713e+008
52394.4
1.21095e+007
7.0502e+011
1.1502e+006
4.06093e+008
101229
238730
6.88556e+009
1.00052e+008
656492
3.39998e+009
1.1823e+006
4.49508e+006
3.69247e+007
2.62275e+013
5.83224e+009
1.15763e+008
1.0864e+009
8.42854e+007
4.74902e+010
190655
1.11715e+006
41375.3
9.7935e+007
7.72955e+007
5.54997e+007
205597
417555
187941
4.0394e+007
1.27492e+006
670979
1.32763e+015
415100
3.17818e+006
41299.2
1.81778e+007
9.12239e+007
7.9199e+009
245010
5.72825e+007
1.50674e+008
1.68881e+006
6.84794e+006
2.55339e+007
182118
7.48264e+006
4.72302e+006
73348.8
5.56594e+008
172436
327860
1.04105e+010
5.69395e+007
2.0214e+007
3.00154e+014
5.03413e+007
8.33453e+011
5.45301e+009
4.66582e+008
1.1466e+009
187728
2.42835e+007
2.95796e+006
2.84009e+006
2.44479e+006
2.08947e+007
78903.9
1.94716e+008
1.2458e+008
1.47262e+009
4.67608e+007
2.06744e+008
1.02478e+006
97582.3
717904
1.72868e+008
1.46301e+007
5.43018e+008
1.56542e+006
2.71421e+006
1.16762e+007
5.00595e+006
1.37127e+018
1.3656e+006
9.24255e+008
2.12881e+006
246864
3.73363e+006
3.97552e+007
1.42577e+009
2.33376e+008
110411
7.97972e+007
4.37024e+006
5.56383e+006
2.5804e+012
1.67888e+009
1.43687e+006
1.69548e+007
3.62632e+008
2.96765e+010
5.62997e+008
7.7699e+007
8.06069e+008
3.92932e+008
65892.1
1.39749e+007
478451
465828
1.55576e+008
3.34228e+006
3.98383e+006
1.88727e+008
3.18895e+008
5.1616e+009
7.98133e+008
1.7376e+007
7.29821e+009
7.50113e+007
1.46322e+013
2.9076e+008
2.15622e+006
7658.6
4.9461e+009
1.44093e+008
1.08197e+007
1.80638e+006
13606.8
2.42956e+010
3.76477e+008
758268
1.57663e+006
9.18251e+006
8.80028e+009
6.54969e+006
5.92818e+006
2.46401e+007
2.45573e+016
6.26804e+009
47836.5
2.56094e+011
5.24094e+006
444778
2.83915e+010
7.59457e+011
2.46455e+011
7.01968e+006
1.67371e+007
2.5585e+006
1.19615e+007
7.57544e+008
1.55717e+008
3.94771e+007
3.75646e+009
2.23277e+012
1.62563e+007
2.13562e+006
570981
389137
9.08932e+008
7.45238e+013
7.75803e+006
3.10567e+006
2.24493e+007
1.70707e+010
2.7391e+012
2.8484e+009
1.88672e+014
93282
4.32172e+008
454784
2.64431e+007
307138
374063
91098.6
1.90063e+008
8.09698e+006
2.0281e+008
5.55998e+007
171427
3.35706e+008
188868
95517.7
272152
8.31551e+007
5.01708e+006
1.94787e+009
6.23895e+008
2.57155e+006
4.78614e+007
3.06134e+009
3.46895e+008
1.63846e+010
32627.9
2.16206e+013
61542.1
578203
8.91973e+009
1.45869e+007
5.96684e+008
2.37481e+010
3.16846e+007
1.37324e+007
1.43827e+006
2.86273e+014
997661
5.63941e+007
5.82394e+007
1.80504e+006
6.69983e+011
162301
4.38197e+009
2.57088e+010
5.3489e+009
4.48056e+007
1.227e+007
1.92932e+007
367023
1.06728e+007
3.73899e+008
4.16345e+014
2.3536e+006
191623
4.00148e+012
5.48317e+007
4.51161e+007
8.78279e+007
985184
4.97268e+009
1.04789e+007
129142
446506
5.95327e+006
2.33803e+007
22554.5
73268.2
1.58018e+009
4.79832e+007
1.14354e+010
7.06577e+008
1.58781e+009
2.70518e+008
1.13413e+007
6.57363e+006
2.21267e+006
4.95572e+007
1.21161e+015
2.81582e+006
3.2875e+007
1.67879e+007
107575
4.53753e+010
1.40799e+006
3.95245e+010
1.27386e+007
2.99772e+007
7.87016e+009
1.34914e+006
176941
2.98438e+007
3.81006e+006
6.26123e+006
1.2737e+012
1.30838e+014
2.04546e+012
5.46332e+008
8.07426e+007
1.49045e+010
1.14275e+009
1.27555e+006
9.38272e+007
2.25892e+008
1.68347e+008
8.87036e+010
2.15493e+007
1.21814e+008
161942
4.34644e+007
5.3221e+006
1.61374e+008
3.31437e+010
7.63514e+008
191098
3.38553e+007
371567
1.37143e+012
1.01007e+006
6.86319e+013
1.60775e+007
986713
68604.8
5.97875e+007
7.03738e+011
8.51973e+008
4.50014e+009
6.24606e+008
359498
6.45813e+006
3.50845e+008
1.57041e+006
1.18891e+008
2.35285e+008
2.36783e+006
7.86292e+008
1.58676e+013
1.96552e+007
2.30228e+006
2.88525e+012
1.24729e+007
371629
169229
4.60987e+010
4.08284e+009
1.14372e+008
4.69466e+006
3.4338e+006
2.67162e+006
245443
2.22698e+007
7.41839e+007
3.3312e+006
2.88018e+007
2.1367e+007
1.45664e+009
1.77961e+006
1.11139e+007
1.81618e+007
259387
1.28963e+008
1.84976e+006
3.04923e+010
327081
9.63532e+008
8.06987e+006
67719.9
1.02354e+006
74383.9
496536
5.617e+007
3.76014e+006
219186
468980
11343.4
645123
2.34089e+011
2.58253e+007
2.19914e+009
1.11567e+008
8291.39
5.5321e+006
3.89932e+006
1.99608e+009
5.19773e+007
595517
72929.7
278217
2.98174e+007
8.27598e+006
17973.8
4.70365e+007
2.74492e+010
324552
9.58994e+008
499145
38568.5
167597
2.45331e+007
3.7211e+007
1.26178e+008
1.87574e+006
5.48023e+007
8.92676e+009
1.42407e+010
2.89825e+012
5.37126e+008
2.52317e+007
1.52754e+008
1.73891e+006
249373
4.63233e+008
30368.3
3.18253e+010
7.3396e+008
3.66658e+008
12849.6
727036
5.54082e+008
9.01064e+006
5.25963e+007
1.50493e+008
1.83063e+006
55653.2
2.23182e+010
6.2382e+008
1.92237e+020
1.96997e+006
203718
5.42275e+007
3.61431e+010
1.27309e+006
606751
6.26504e+009
2.67678e+007
1.61834e+010
253084
5.54006e+009
8.61108e+007
3.6322e+009
2.50522e+008
2.25499e+008
4.52557e+006
378817
27153.9
5.74337e+008
1.12303e+013
1.81493e+007
2.77595e+006
533284
359146
4.28733e+012
157627
3.78673e+011
1.77532e+008
1.08775e+008
406345
217253
9.72844e+006
8.5527e+012
2.52102e+010
1.01691e+009
4.38995e+009
9.47153e+007
2.79331e+007
70690.9
9.77555e+006
5.1286e+007
5.42261e+007
114973
1.52449e+009
1.72104e+009
4.15618e+013
6.35792e+007
1.43596e+008
116653
5.84628e+006
494323
3.94796e+006
3.33322e+006
9.29759e+006
236116
2.30735e+009
1.26323e+007
1.79238e+006
4.65796e+010
2.43296e+006
9.90621e+008
2.46739e+006
7.90949e+007
28076.3
8.56913e+008
1.09271e+008
6.20943e+007
449944
6.53388e+011
1.66429e+008
1.98318e+006
3.32428e+007
285244
1.60275e+008
990384
1.7432e+006
2.25924e+006
682909
1.69665e+007
2.86128e+007
468084
3.45262e+011
1.97892e+006
835787
6.63783e+012
9.036e+013
1.53211e+010
8.92327e+007
4.60206e+007
661724
1.84288e+007
664975
9.26325e+006
4.25181e+007
4.90758e+007
4.96264e+008
3.41773e+009
9.28591e+008
2.97091e+008
7.62815e+006
247255
335000
343233
1.55975e+009
57933.6
2.14634e+006
1.30387e+007
4.05642e+008
819372
5.52276e+011
102652
9.43991e+008
3.92823e+007
2.89723e+006
8.33661e+007
8.64816e+006
7.77078e+007
5815.02
1.63032e+006
4.7544e+009
46389.5
5.13067e+006
136065
461720
12867.7
4.91078e+006
4.57441e+008
4.07403e+006
4.1333e+006
5.48114e+007
8.9837e+008
2.61677e+006
8.53059e+009
513784
2.16559e+008
1.41733e+012
7.10194e+008
1.18443e+006
196297
1.15426e+006
1.50367e+006
1.52791e+009
5.79353e+006
3.42032e+006
1.38719e+009
1.28853e+007
1.19181e+006
1.56683e+006
2.75415e+010
3.38395e+008
113483
1.44482e+012
1.33499e+006
2.12772e+009
7.97e+006
473062
1.08962e+008
4.41344e+006
2.54849e+007
2.44906e+010
8.12103e+008
7.37754e+006
6.88823e+006
558497
5.6965e+013
26511.8
423347
784130
6.35855e+006
2.17824e+006
214575
1.52733e+009
3.4192e+007
5.44532e+009
115638
8.30132e+009
4.57554e+008
1.10224e+013
1.12218e+006
3.13914e+007
35372.3
2.22175e+009
5.58532e+009
4.86539e+008
3.23279e+007
4.08914e+006
1.41572e+008
689128
8.86901e+007
902739
1.29712e+007
4.59344e+006
9.37472e+011
643892
1.63836e+006
2.31154e+006
15784.5
17644.3
5.26934e+008
2.82643e+011
4.68781e+010
1.12556e+014
2.08144e+008
8.73188e+007
8.68242e+006
1.17791e+008
65845.3
1.8663e+008
2.9141e+007
66453.9
20112.8
14551
5.87123e+006
2.69802e+008
121879
8.53663e+009
157787
7.28414e+007
281967
9.55025e+009
131113
6.68553e+008
2.98335e+007
8.69098e+006
5.93745e+010
6.26743e+006
2.63823e+006
9.33677e+011
2.08184e+007
2.38017e+007
9.62253e+006
1.62467e+007
3.85359e+006
2.61092e+012
222734
6.04738e+006
5.53063e+006
4.23667e+008
276417
1.02982e+012
1.88584e+006
7.05581e+006
1.91192e+010
4444.88
835259
76068.9
1.39704e+009
2.61994e+014
2.45808e+006
1.32123e+006
51122.7
5.27228e+007
3.68774e+006
2.34742e+009
90042.5
7.13965e+007
1.68867e+008
2.75022e+006
745877
3.095e+007
2.02761e+011
1.94051e+006
162128
5.31687e+006
4.03651e+007
2.85783e+008
8.51597e+007
2.92344e+008
3.15512e+008
2.18132e+006
1.32119e+007
2.74224e+006
1.50945e+006
2.96358e+009
83420.5
5.86266e+007
17677.6
522262
4.12685e+010
1.12909e+008
6.63033e+007
8.5041e+006
53923.6
12528.9
1.11087e+008
2.29626e+008
2.38195e+009
3.50146e+008
4.48063e+007
9.87046e+008
1.76653e+007
1.33957e+008
1.40052e+009
86906.7
1.06467e+006
1.71959e+010
4.44584e+008
1.79208e+010
1.47102e+008
4.81439e+008
6.18532e+007
1.69082e+007
3.73381e+010
2.5401e+008
2.2249e+008
9.04703e+008
7.93911e+006
872832
3.00855e+016
5.30808e+006
2.51024e+007
4.42401e+007
1.07586e+008
2.8174e+008
554091
1.40644e+007
1.13749e+009
13379.9
332970
2.61397e+006
701750
1.8833e+006
2.45779e+010
2.32732e+006
1.66024e+008
1.17939e+009
593259
1.12817e+007
8.41119e+006
1.60385e+009
5.67488e+006
5.94799e+006
5.12656e+009
4.06742e+008
2.97812e+007
832516
1.78521e+007
1.81675e+006
114042
203415
8.67475e+006
9.83137e+013
3.59806e+009
5.78824e+006
3.01884e+008
411603
3.84917e+006
3.40543e+006
1.17899e+010
2.12245e+006
2.00768e+007
1.17086e+006
3.6254e+006
5.40099e+013
842865
15425
2.3624e+006
7.1414e+006
1.37875e+006
596950
5.26312e+006
1.23985e+006
5.7648e+012
2.55051e+007
7.66129e+006
2.87135e+007
7.93108e+006
755895
775689
161023
5.67242e+006
1.19352e+010
1.67263e+006
7.02851e+008
2.31782e+007
1.11742e+008
1.3465e+008
8.4532e+008
8711.65
1.30671e+007
8.21669e+009
1.35885e+006
1.06765e+011
389434
7.99768e+008
1.14579e+006
2.37148e+008
874036
1.18236e+010
1.16509e+008
248144
12261.4
1.53656e+006
7.01641e+007
77357.6
2.10647e+008
5.97477e+007
1.32955e+007
1.17655e+008
872094
5.34807e+007
8.45059e+009
1.29428e+006
1.05239e+010
28659.7
34736.6
8.18183e+011
2.68922e+007
1.22662e+007
2.25397e+011
6.29426e+007
4.37057e+006
4.4433e+008
1.0189e+009
2.02445e+006
1.63156e+007
9.25076e+008
3.89897e+007
371202
4.01749e+008
235400
7.13025e+010
167047
843006
1.75152e+007
1.32716e+009
1.7235e+007
951253
862540
3.25564e+006
2.2298e+009
4.84879e+007
7.06964e+006
3.33821e+007
3.42172e+009
1.10239e+009
5.17952e+007
2.23238e+010
1.56546e+006
5.45415e+009
3.77307e+008
5.17905e+006
1.62949e+007
4.1696e+011
921511
808642
5.33678e+007
167215
1.90116e+010
9.01129e+007
6.83002e+006
5.00755e+007
2.00799e+011
1.84278e+010
5.4191e+006
5.66297e+007
1.68314e+009
386278
1.00065e+008
2.8072e+007
843375
627003
1.44337e+014
8.34088e+011
1.36314e+007
1.41629e+008
235775
7.18064e+007
708337
1.59145e+008
370677
3.72073e+007
1.01199e+017
3.73147e+008
3.36538e+009
4.17381e+007
1.68838e+007
2.97051e+008
3.13535e+007
759.715
1.55844e+008
3.80531e+007
9.25686e+010
7.41011e+006
1.2723e+012
4.67153e+008
8.89868e+008
2.80118e+010
1.60583e+009
2.00805e+006
5.36382e+006
167750
1.3268e+006
9.6488e+006
1.20404e+012
1.43468e+011
14825.4
1.03493e+009
3.38023e+009
1.25163e+008
2.53313e+008
1.5867e+009
8.43383e+006
2.42397e+008
110856
30663.1
38145.9
1.3515e+010
370395
4.64861e+008
9.22963e+009
1.06385e+008
1.81369e+007
3.27813e+006
2.12023e+006
1.4098e+008
2.51051e+009
1.05807e+009
38813.9
1.28923e+009
112688
1.79255e+008
2.83899e+006
1.39019e+009
196391
56392.8
1.6551e+006
4.88116e+006
4.42699e+006
1.49447e+008
1.1892e+008
7.27618e+006
1.17227e+007
3.18795e+009
3.10512e+007
5.29347e+006
3.81108e+009
1.34293e+007
3.47787e+007
1.45606e+010
2.04022e+010
4.72686e+009
2.8066e+008
115227
9.28341e+006
1.73531e+006
480575
7.34343e+006
6.21984e+007
2.23912e+007
3.26666e+007
7852.9
293536
5.84011e+008
563917
2.95667e+008
70640.5
233266
453486
1.63895e+006
2.35589e+006
2.10324e+009
2.91171e+012
4.40985e+008
40692.6
7.23692e+007
714248
201194
116201
1.68009e+009
8.71725e+007
809669
2.1056e+007
2.2061e+008
74857.8
5.59358e+011
61025.5
9.59609e+014
1.56714e+006
195182
1.64423e+007
781165
4.92986e+008
3.05389e+010
7.17786e+006
8.60113e+012
46953
2.54054e+006
1.63248e+007
2.07448e+007
3.06093e+006
471914
1.07553e+007
2.72863e+010
4.41171e+006
1.92417e+007
4.22726e+007
25834.7
4.77735e+006
8.78659e+008
5.26206e+008
2.01181e+007
648382
1.84473e+010
2.81893e+009
8.13642e+010
143283
4.48245e+008
1.06236e+012
55303.8
1.39008e+007
7.59947e+006
2.23099e+006
3.85054e+011
1.59247e+008
237497
2.54183e+006
2.00368e+008
1.80754e+007
1.67808e+007
4.73477e+008
4.03074e+011
2.78939e+008
2.0049e+007
2.20419e+009
796009
8.69129e+006
3.5147e+006
3.78277e+007
2.86025e+008
2.45652e+008
2.563e+006
2.10077e+011
1.13695e+007
2.00138e+007
5.21249e+007
8.60644e+011
1.87623e+009
2.96906e+007
469157
88837.1
794777
265874
1.63551e+007
6.83318e+006
23940.1
1.38245e+007
1.48132e+008
1.29428e+007
957027
1.4193e+007
151631
4.35974e+006
1.36632e+006
2.93122e+009
3.82987e+008
2.01989e+006
1.91493e+011
6.99527e+007
5.03701e+007
5.24044e+006
4.79977e+013
3.17613e+007
693789
1.56126e+009
3.30432e+013
2.96009e+008
8.0719e+009
3.56996e+010
1.47626e+011
1.65424e+009
2.08972e+008
1.02948e+006
2.86819e+009
1.81754e+009
124940
197943
45789.7
1.65474e+007
5.00917e+006
2.72003e+007
3.7685e+006
235690
78377.2
1.4953e+006
1.82761e+009
6.31133e+008
1.17234e+008
1.00046e+009
1.18925e+006
1.42161e+016
8.22751e+007
1.88265e+010
3.11835e+012
1.69482e+008
8.46129e+009
4.26343e+006
1.87679e+007
3.67166e+006
2.15021e+006
1.67284e+013
9.61522e+006
1.62576e+008
3.71855e+008
342927
2.13514e+007
1.24579e+009
87428
1.97764e+007
1.32202e+010
1.7428e+007
1.15597e+008
1.99412e+008
2.49179e+008
310299
2.17604e+009
4.89533e+006
3.32308e+007
3.94549e+013
4.93979e+006
4.88691e+013
8.51029e+008
1.38523e+009
3.12623e+006
1.86559e+006
1.19849e+012
1.32338e+007
9.88195e+006
2.30183e+006
850943
1.96166e+007
1.30118e+010
5.2084e+008
5.41453e+006
3.97267e+009
6.03683e+006
1.08125e+006
1.07751e+010
8.78099e+007
1.48425e+006
2.20087e+008
136829
5.33259e+006
1.07196e+006
33950.4
4.84737e+010
1.29177e+006
2.30434e+009
1.10258e+006
9.75502e+009
1.69236e+008
932384
906429
5.21735e+008
1.02378e+011
4.91075e+007
490259
170855
5.80857e+009
3.73423e+008
615544
1.85478e+006
1.82824e+009
166534
7.09839e+007
7.72139e+009
9.81344e+006
1.26571e+009
6.21104e+006
140083
682618
1.99593e+008
8.10951e+007
180313
7.06282e+011
256878
2.73632e+007
8.54493e+007
8.05364e+007
89695
135522
2.61413e+007
4.79101e+006
9.57476e+008
4.11302e+006
1.08467e+008
2.13826e+007
1.47903e+006
4.28398e+008
4.01117e+006
1.8642e+012
2.68777e+009
2.1958e+008
704199
151168
4.58154e+006
69784
7.94841e+009
4.17142e+012
3.90691e+010
39579.7
1.06177e+007
5.95643e+006
3.51878e+009
6.50571e+008
7.13988e+007
14593.4
1.53937e+013
1.37918e+007
9.50118e+007
1.66897e+010
5.32715e+006
1.35631e+014
22162.6
2.72818e+006
115341
516365
1.62946e+007
8.26313e+010
8.71246e+009
413373
1.62167e+006
299833
438680
9.05834e+007
5.14126e+008
5.61723e+006
8.88889e+009
2.94888e+007
697255
164496
4.69347e+006
3.62049e+006
6.58695e+007
89664.4
3.22583e+008
2.45189e+008
1.92571e+008
6.0576e+007
1.40556e+007
157458
1.83925e+006
1.35596e+009
1.13412e+007
4.91588e+010
2.01986e+007
4.30903e+008
1.90804e+006
1.48123e+006
66192.8
1.38423e+010
2.02031e+013
5.50278e+010
5.07263e+010
1.80061e+008
3.78612e+013
5.10875e+006
6.49608e+007
4.35445e+008
4.83116e+007
1.53199e+008
1.1145e+007
5.96017e+008
9.98876e+008
3.99335e+008
1.64994e+008
5.62547e+007
3.43158e+008
27920.7
3.05213e+006
121187
2.46552e+006
1.27058e+009
1.33613e+010
8.14259e+008
2.28518e+010
7.02715e+009
9.97379e+007
410655
946074
3.50894e+006
5.86143e+006
210397
1.18615e+007
910869
1.45993e+006
1.78915e+008
661476
1.16619e+006
266647
2.77509e+006
2.49175e+010
3.79302e+006
3.07878e+011
5.29053e+006
9.56251e+006
4.40335e+006
1.15016e+006
2.83747e+009
1.31392e+008
4.03643e+007
87721.3
1.1678e+012
1.69436e+009
23904.3
59950.5
29782.6
7.73218e+007
9.32932e+006
2.81068e+007
1.33527e+011
2.90181e+007
6.80367e+006
1.15928e+007
4.93583e+007
4.94454e+006
2.45078e+006
1.20973e+013
2.03864e+010
150411
2.69203e+007
1.21369e+007
1.82389e+012
5.39409e+008
1.88657e+010
7.2594e+007
5.73589e+008
3.98405e+007
8.52741e+007
2.47958e+008
3.09694e+008
8.98379e+006
1.01606e+013
4.68963e+006
448010
3.37878e+006
293252
6.67364e+008
911770
406304
1.50209e+008
1.14843e+011
1.35029e+007
6.31045e+006
126732
2.48346e+012
193712
8.64068e+007
25657.9
3.56715e+008
960485
965669
7.23126e+009
1.05319e+006
4.97582e+008
2.67284e+006
875311
4.82879e+011
438853
2.30317e+008
1.22488e+006
1.96659e+008
2.32253e+007
8.81581e+010
1.72876e+008
1.42786e+007
6.86338e+006
2.66976e+006
1.77167e+008
1.14489e+007
637859
5.63378e+010
2.22742e+006
35387
2.1587e+010
138174
5.43385e+009
6.05243e+007
5.01475e+009
4.62816e+006
1.77683e+009
3.1883e+010
9.97285e+006
5.35749e+012
1.15972e+009
8.76387e+010
1.2554e+006
40935.6
2.47393e+009
7.06287e+006
233129
475618
2.26173e+008
5.06354e+006
1.48557e+006
9.8504e+007
130182
1.18124e+007
3.89054e+010
5.83411e+010
2.36376e+007
428281
119401
4.11259e+006
1.35204e+011
5.47314e+007
1.28987e+013
8.978e+007
1.72614e+008
79770.9
436221
4.78961e+006
8.79395e+008
2.31349e+008
1.63725e+006
18448.1
3.75558e+009
1.75088e+010
6.98363e+009
2.02231e+008
165327
1.23473e+007
111356
907098
2.04441e+009
6.66651e+007
1.28336e+008
9.77305e+008
135560
1.32398e+007
1.12436e+006
345963
1.86276e+009
1.70685e+006
4.74911e+007
1.61727e+007
3.24588e+009
1.508e+006
912546
170601
3.0847e+007
8.98435e+006
5.95052e+006
2.39902e+010
116485
233119
4.99667e+011
39362.2
1.56632e+008
846465
1.74537e+007
2.51116e+006
7.34119e+007
1.58504e+008
20325.3
9.33768e+007
1.22959e+008
3.26639e+007
1.49568e+007
3.25808e+006
2.99666e+006
3.1102e+008
2.10671e+006
1.2132e+006
1.54504e+008
2.40873e+007
1.23612e+008
4.63257e+006
1.59909e+007
37279.9
825374
1.27945e+011
5.40998e+007
2.66405e+007
3.06768e+011
1.43621e+006
7.40818e+009
154470
1.93076e+007
825343
30621
8.12262e+011
2.35791e+007
4.21268e+011
2.55968e+010
1.30917e+009
1.96926e+006
3.89788e+006
4.2832e+012
7.61633e+006
3.07492e+007
545131
7.32487e+006
3.47805e+009
36534
182113
451518
804975
1.26307e+008
14205.3
204539
379345
165941
1.4044e+007
1.03989e+006
1.18664e+007
1.90863e+008
1.15111e+006
1.04367e+006
3.64647e+006
4.2615e+006
7.44257e+009
7.57146e+006
2.18428e+006
2.043e+009
2.9324e+006
2.30825e+007
6.10375e+009
8.28549e+006
1.99697e+008
4.06766e+007
2.36087e+007
123761
2.56233e+010
7.82058e+009
9.53064e+006
512629
6.67301e+006
1.08357e+011
43065.7
2.75964e+007
1.90656e+007
1.47151e+006
1.74679e+010
6.42466e+006
10699.9
1.65878e+007
3.48687e+006
102895
2.527e+008
1.37477e+007
1.02491e+007
50422.3
1.02727e+006
1.44571e+010
1.45909e+008
3.80791e+011
1.36454e+007
2.70671e+007
7.70104e+011
7.74595e+006
2.72799e+006
1.66149e+014
4.31344e+008
56936.9
1.58477e+010
4.73962e+013
1.03993e+006
2.99315e+009
1.30379e+006
2.48277e+007
5.9184e+007
2.56672e+007
1.40397e+009
3.62773e+006
1.44166e+006
2.93784e+010
1.02603e+007
2.06022e+006
1.14186e+006
1.28092e+006
1.36063e+006
6.17719e+007
2.3852e+006
8.90099e+007
8.09642e+007
4.0897e+006
8.93353e+008
1.13178e+010
1.2387e+006
1.24525e+006
8.74217e+008
5.04374e+008
6.07721e+009
2.95957e+007
13993
2.42172e+006
561566
3.20928e+006
1.7805e+007
1.02676e+011
8.59394e+007
2.31863e+006
1.38384e+006
1.84535e+006
6.89316e+008
2.68824e+006
7.45684e+007
4.35304e+006
6.4843e+008
1.19196e+012
9.43916e+008
9.43833e+006
2.86266e+006
9.33468e+006
4.7443e+009
1.27804e+007
1.22101e+007
1.71642e+013
1.16447e+007
4.83872e+009
1.0058e+008
2.94614e+006
947604
77202.9
5.71177e+014
2.19841e+007
9.1183e+007
1.9955e+006
5.97354e+008
2.57528e+008
1.67532e+007
3.34913e+007
6.34298e+011
5.85285e+008
1.38138e+006
400031
1.05404e+006
2.11982e+007
1.52929e+006
1.08773e+012
4.36558e+008
3.04076e+007
1.46542e+006
2.58908e+018
2.55167e+008
4.50313e+006
107591
3.93678e+009
4.51959e+007
1.00749e+010
396994
1.27074e+008
2.45328e+011
1.18951e+007
8.94016e+006
1.15659e+006
3.37728e+009
2.53536e+009
620796
5.4222e+009
228040
1.39297e+008
2.32661e+011
1.57648e+010
56782.2
9.62569e+006
3.48411e+006
1.48322e+008
563397
1.10002e+007
320052
6.77764e+009
2.45746e+007
5.79849e+007
3.05766e+007
3.3406e+008
2.76342e+008
1.28164e+007
1.50923e+007
1.01887e+007
7.71854e+008
1.5196e+010
1.98991e+006
9.13554e+006
320745
2.72861e+014
3.64726e+007
1.16895e+010
2.42463e+006
7.7953e+007
321064
3.50948e+007
391113
3.88504e+008
47797.9
7.66268e+008
704145
3.23242e+008
4.51316e+006
2.02967e+010
2.77036e+008
2.13904e+006
1.02966e+007
9.20077e+010
205244
2.27639e+007
3.57526e+008
1.65651e+008
4.55927e+007
2.07284e+008
4.81191e+009
7.11513e+007
1.71308e+007
1.11527e+006
7.11035e+007
2.063e+006
7.52113e+006
3.42797e+006
2.81447e+008
3.10269e+008
50177.4
4.30613e+007
1.5956e+007
3.57419e+011
2.86015e+009
2.55512e+008
724173
3.30359e+006
4.67904e+006
5.93746e+010
14577.2
1.75564e+009
1.32261e+007
2.89384e+009
2.1854e+007
2.05637e+006
915874
1.24599e+008
2.46471e+006
336731
2.00597e+008
1.17875e+006
3.20325e+007
306098
724811
271979
1.75336e+008
108474
2.3812e+006
52863.2
1.22449e+010
1.10726e+007
1.05708e+006
873215
116453
3.15355e+007
2.06724e+006
3.6557e+010
22046.2
3.16992e+008
4.73298e+007
3.37017e+011
3.35365e+006
1.57605e+006
522164
7.15161e+006
209693
2.09856e+007
3.94333e+008
1.19444e+016
1.78987e+006
77529.6
521666
11270.1
5.74704e+008
3.5195e+006
73881.4
7.69813e+009
2.18672e+008
1.90102e+012
4.25491e+007
2.98099e+007
1.99733e+008
1.06717e+007
3.6638e+014
6.17174e+006
609896
1.43607e+009
7.11748e+009
1.18736e+007
1.77045e+009
840660
840071
2.25372e+011
45776.8
39113.1
901369
1.83113e+007
3.21396e+007
3.3566e+006
873219
1.53355e+010
6.97027e+006
1.61369e+007
6.87016e+007
1.33142e+007
7.52141e+006
9.82876e+009
91248.8
4.13804e+008
4.86557e+007
11162.1
1.29497e+011
5924.26
2.21223e+008
13248.5
3.77143e+007
101372
3.43839e+009
8.12665e+009
980985
1.12195e+006
6.63259e+007
4.58915e+006
2.9202e+009
8.71107e+012
1.67135e+008
6.13196e+010
7.73097e+006
113393
8.01974e+006
1.23236e+013
252119
2.30778e+009
6.26283e+006
1.75001e+009
171872
7.84644e+006
8.29214e+006
41552.1
2.05696e+009
4.30456e+008
177386
2.23574e+010
2.01429e+006
411707
442850
6.97866e+006
7.88334e+007
4.29405e+012
4.43191e+007
1.87667e+006
1.84833e+006
3.24211e+008
7.22734e+006
1.79677e+009
7.20385e+006
4.83186e+008
1.52562e+006
4.37025e+008
2.20238e+009
501632
8.3207e+008
1.14846e+007
243038
1.28869e+015
484504
2.86466e+006
5.58687e+009
3.67957e+009
2.88612e+008
7.27061e+009
1.07317e+007
5.22788e+007
2.20542e+006
75090.5
6.51128e+009
4.56538e+007
2.1333e+006
504427
204238
8.41393e+008
7.22018e+008
29814.5
369495
3.94781e+007
6026.04
1.67381e+007
7.20787e+011
827292
3.13792e+007
1.87915e+011
1.68911e+007
5.2268e+009
5.49867e+008
1.86631e+011
3.24206e+006
5.53408e+007
959471
6.9223e+007
6.72652e+006
1.99404e+011
6.40012e+006
2.0789e+008
3.96363e+011
1.46158e+010
843527
94418.9
5.16519e+006
2.07871e+009
1.24588e+015
52980.4
330704
22895.8
856978
3.19868e+008
7.0129e+006
102836
4.52396e+010
8.00465e+008
5.40989e+006
1.18656e+008
1.54585e+016
1.53809e+009
6.72297e+008
1.73278e+007
662651
7.39352e+009
2.84477e+007
4.67256e+008
2.68784e+006
1.17378e+008
240211
6.59728e+006
3.94789e+008
1.01456e+007
85888.6
5.59653e+008
7.5753e+008
122282
3.32598e+008
4.19928e+007
6.34524e+006
6.40378e+006
697975
4.12738e+006
3.02118e+006
151829
8.65586e+007
9.82453e+006
5.92012e+007
15547.7
809224
2.96904e+008
1.15287e+008
2.7357e+007
80513.1
1.78832e+017
2.97653e+009
8.72582e+006
4.33844e+006
2.12661e+006
3.75355e+006
4.24603e+007
1.68189e+008
3.06163e+007
6.3472e+010
3.98478e+008
2.49227e+007
26806.2
3.49843e+006
9.02694e+007
1.42715e+006
2.56693e+010
1.7422e+008
4.4132e+009
1.99888e+009
581912
2.41936e+007
1.93841e+007
3.33465e+007
6.59393e+006
5.55291e+017
7.53201e+006
9.66607e+008
1.02872e+007
1.41155e+009
2.29583e+007
2.52064e+007
1.49838e+006
282850
1.31681e+009
1.7049e+006
2.56886e+007
1.56905e+008
276982
3.23791e+006
2.51424e+011
2.74279e+007
38032.7
1.52309e+011
1.14855e+007
2.27845e+009
6.95827e+012
4.19043e+006
37142
422282
9.28822e+008
1.06147e+008
7.45081e+008
5.10219e+007
2.81089e+007
1.89234e+006
1.4078e+010
414275
4.50368e+009
2.68316e+007
117621
6.06219e+006
1.8369e+009
2.50308e+007
113616
6.15019e+007
2.7631e+007
6.58776e+008
927117
2.68602e+008
1.69692e+008
1.75072e+010
5.73556e+009
1.5732e+008
4.17698e+007
4.59265e+010
2.18132e+007
2.03875e+008
152501
754562
120562
1.06388e+008
1.16976e+006
1.90525e+010
2.0096e+008
4.52075e+007
5.09594e+007
1.03316e+007
6.42315e+008
4.96561e+008
686018
4.70848e+015
2.18366e+007
1.49018e+008
2.48539e+006
1.94704e+008
96345.8
14132
772766
63311.8
7.50434e+006
1.70262e+010
526405
229482
269847
2.46581e+012
161960
1.55e+012
2.63497e+009
50757.3
493324
1.40269e+009
1.10958e+013
668178
2.29442e+006
5.73419e+008
8.42556e+007
8.68513e+008
1.27093e+011
4.40025e+006
1.09463e+006
2.87545e+006
332910
2.52389e+007
9.20546e+009
6.77858e+009
4.22482e+006
1.14729e+006
2.66071e+009
2.29461e+007
271876
1.42801e+009
1.56149e+006
891268
5.58168e+009
1.94074e+006
7.46382e+008
2.00683e+007
3.40575e+010
2.6616e+011
1.16858e+010
1.03109e+012
388370
4.77305e+013
3.68513e+009
1.45137e+011
4.53947e+006
1.3204e+006
1.07279e+008
8.47333e+007
6.44342e+011
955269
1.36292e+010
2.98428e+011
1.05272e+008
3.03713e+007
782442
8.53156e+007
483257
9.77713e+008
5.37606e+014
1.76158e+010
184312
1.99212e+007
1.27269e+008
2.22788e+006
9.92783e+014
1.44806e+008
445438
554008
5.36686e+006
2.18334e+006
4.68235e+006
8.5075e+007
3.40239e+008
2.58857e+007
9.39163e+009
1.05727e+007
80590.3
6.00221e+009
1.44232e+010
248082
1.60077e+007
163891
1.45489e+006
3.34203e+012
1.31761e+008
6.09179e+007
1.12835e+009
6.77992e+010
422545
1.04595e+010
8.46719e+013
1.68856e+013
122045
1.97468e+009
8.25271e+007
2.64809e+007
1.35221e+009
89047.5
2.01787e+006
4.6904e+006
1.98187e+008
268506
630751
1.33894e+011
1.06889e+011
1.05175e+008
9.75681e+010
1.41135e+007
2.51658e+006
5.49011e+007
1.74046e+006
650528
357611
3.73335e+007
1.85532e+007
1.31412e+007
4.01552e+008
5.17384e+007
1.53008e+010
6.44042e+007
1.54896e+008
3.94704e+010
1.0062e+007
1.36643e+006
1.7774e+007
1.082e+006
7.16792e+010
2.74287e+009
3.13606e+007
162372
4.90119e+007
1.17212e+011
2.87842e+009
2.40524e+007
2.12259e+011
2.00449e+011
4.61282e+009
5.70223e+006
2.21359e+009
1.91282e+010
5.76811e+006
1.24154e+006
818824
260001
85189.3
6.02082e+006
9.92697e+007
8.81411e+007
4.61733e+009
196380
5.57799e+008
1.60605e+008
17303.4
478430
4.90886e+011
1.06957e+008
1.06963e+007
1.29342e+010
4.8793e+008
4.90399e+006
2.80039e+006
4.17896e+011
6.69766e+006
374688
2.42694e+010
944206
1.70039e+007
9.15118e+006
2.16743e+006
155790
9122.22
932508
443164
3.07337e+006
1.46286e+009
45260.8
1.947e+009
3.14571e+006
913851
1.39665e+009
237061
5.21247e+009
1.76649e+012
471600
5.67516e+008
156487
322089
1.7349e+012
2.7876e+008
36066.3
6.82889e+008
5.56411e+006
5.74992e+008
2.6455e+018
1.14857e+013
2.50303e+009
3.58121e+009
1.04983e+008
6.96557e+008
1.49337e+007
2.50523e+007
3.66783e+006
42071.3
8.6423e+009
584830
5.81637e+009
8.15977e+006
5.92317e+006
103146
7.66744e+006
3.43135e+008
168128
2.49665e+007
966761
2.44126e+009
143179
4.30034e+008
451823
1.00161e+007
1.08664e+008
6.85377e+008
2.28777e+010
1.14938e+008
2.40417e+010
3.51909e+006
4.42929e+009
4.6775e+006
9.17452e+009
1.81739e+011
4.70397e+007
8.05017e+007
2.47814e+006
2.1558e+006
1.11194e+007
86647.7
3.55685e+009
1.30354e+006
1.67996e+008
236921
2.29339e+010
8.25452e+010
8.11027e+007
2.33438e+009
1.55978e+008
1.84612e+007
424647
1.36034e+016
145064
657838
1.13196e+007
298326
414763
104137
1.78376e+009
870865
1.35945e+011
296724
7.55449e+007
140671
960077
3.5201e+007
8.62769e+007
2.9421e+006
1.63275e+006
2.9403e+006
7.54629e+007
416210
2.73487e+013
3.77552e+007
1.09938e+007
5.36596e+009
1.85913e+008
1.14834e+007
1.45133e+007
12761.1
7.63789e+007
1.12875e+007
8.7959e+012
1.84989e+008
1.73869e+007
2.71943e+006
669499
29347.6
530694
75679.1
4.04834e+007
5.92536e+008
2.04047e+006
3.63171e+007
1.53146e+009
7.14027e+008
1.0284e+007
1.05498e+008
9.52046e+011
14051
5.47169e+007
47034.1
7.23583e+014
1.64856e+007
7.92694e+006
26966.5
3.59253e+006
134738
4.29634e+006
4.76341e+006
1.12913e+007
3.61621e+008
1.50852e+010
14127.5
2.8746e+006
1.32152e+007
1.62439e+014
2.03902e+007
2.56538e+010
3.30789e+008
3.27507e+007
2.77255e+006
174798
2.71563e+010
222437
1.08097e+006
3.72267e+007
7.24999e+007
1.88631e+007
7.58208e+008
407996
1.97906e+007
5.00853e+006
8.04417e+006
3.86492e+008
1.58699e+008
265386
339376
174242
3.01465e+007
1.9484e+006
3.29813e+006
2.09493e+006
1.6368e+007
2.73028e+007
633822
1.9117e+007
2.20032e+007
595238
4.53197e+008
2.30701e+006
2.08885e+008
6.12055e+006
1.34171e+006
1.79243e+007
4.98546e+006
1.318e+007
8.02154e+007
3.30725e+010
1.687e+010
121276
3.39012e+007
3.78468e+007
3.25231e+007
307201
1.11928e+006
2.21358e+010
4.6308e+007
7.08421e+008
1.27108e+006
529647
62528.6
7.30027e+007
2.67508e+007
2.54126e+006
3.13671e+006
3.53582e+008
130177
2.91052e+013
711051
1.42747e+006
635453
5.99342e+008
12842
2.51791e+007
2.84835e+006
4.97143e+007
2.37917e+007
2.21794e+006
836457
7.22537e+012
473827
2.18643e+008
678759
3.01359e+008
4.44426e+012
9.52026e+006
222200
1.83814e+011
3.76746e+011
1.20501e+006
1.82927e+007
2.85918e+010
7.61685e+010
4.14914e+008
2.50767e+008
2.22838e+009
327024
1.82309e+008
2.4583e+007
5.8551e+006
833961
5.99916e+013
2.1821e+006
1.87267e+007
2.73384e+008
2.86976e+011
1.94673e+008
3.80029e+009
2.849e+006
7.30828e+010
1.02818e+011
1.22113e+011
4.64037e+012
8.47916e+007
1.89946e+011
1.99265e+008
830641
1.75591e+007
9.18439e+006
5.02637e+006
1.08568e+006
1.44176e+006
3.60375e+008
1.91677e+009
4.26298e+007
31173.9
8.95233e+007
3.20686e+010
117655
1.03107e+009
10945.4
8.72187e+008
7.04259e+012
2.53494e+007
6.54767e+006
1.97141e+008
1.23359e+011
1.11731e+006
602987
1.94122e+010
85557.9
104542
2.64504e+006
478628
1.01537e+010
1.253e+009
4.6996e+007
1.04228e+011
278247
1.62143e+008
328243
5.80062e+007
6.36941e+006
3.87235e+009
4.8437e+007
9.74191e+007
1.63639e+007
3.88102e+008
6.75486e+008
1.961e+009
450247
16113.4
1.63235e+006
290960
300264
6.25455e+010
1.08669e+008
1.8805e+007
4.65072e+006
3.78505e+007
2.66033e+006
1.63112e+006
326272
7.892e+008
1.24447e+007
2.10292e+007
6.1735e+007
1.98002e+006
1.16888e+006
1.04551e+007
9.47644e+006
1.53531e+009
966132
3.0957e+007
5.51365e+007
2.46976e+009
3.38449e+008
8.61254e+006
16229.6
310435
17252.4
3.15868e+012
2.04167e+008
2.62927e+008
9.26472e+010
845372
9.55724e+009
4.26547e+007
5.09339e+007
694562
1.25305e+006
2.01211e+007
4.57518e+010
232653
1.57055e+006
2.57691e+010
920045
1.35174e+007
7.95323e+006
178817
4.32726e+009
2.77848e+007
1.55841e+008
1.85924e+006
5.02044e+011
100658
215176
1.32892e+007
3.57942e+007
1.24117e+009
1.04172e+007
2.9526e+006
1.82244e+007
33372.1
426222
444828
9.53522e+006
3.92509e+008
6.92499e+006
1.24744e+008
242277
1.10934e+010
1.46117e+009
2.60385e+007
2.20999e+007
2.32577e+006
2.04151e+010
1.0846e+006
123144
320695
2.23277e+008
1.14966e+007
3.90025e+006
3.43363e+006
714128
5.46366e+007
3.65766e+007
5.17049e+008
9.46e+008
2.49547e+007
491060
4.2569e+007
2.71299e+006
2.4554e+010
8.02766e+007
4.08143e+006
82678.4
7.98828e+006
1.16178e+007
3.69922e+006
1.62395e+007
4.40927e+007
2.56381e+008
1.49995e+006
1.08093e+007
1.64359e+008
66501.9
2.6036e+006
462296
114072
3.07254e+009
3.37865e+008
326568
1.1274e+012
2.23517e+011
4.13629e+007
1.43717e+014
1.44675e+006
651640
2.61376e+007
28523.1
5.08155e+006
9.61512e+007
6.88377e+006
14072.9
72975
8.51515e+007
1.58478e+006
6.04145e+007
2.8205e+012
862669
1.28728e+006
1.56936e+007
3.56001e+008
1.90374e+009
4.21262e+010
3.04608e+006
2.91768e+006
4.99315e+013
1.10183e+007
1.72202e+007
118019
4.47714e+007
2.5551e+009
3.61342e+008
5.46199e+006
1.35911e+009
3.72235e+006
386746
8.0468e+006
6.39274e+007
7.11428e+010
1.46912e+006
2.56798e+007
5.31439e+011
5.26919e+012
2.22872e+008
1.104e+006
1.47002e+009
1.62672e+007
9.13966e+007
1.31836e+008
1.39089e+007
1.07377e+008
4.09165e+006
5.7346e+008
1.36217e+010
3.31301e+007
1.21173e+007
1.4213e+006
1.2709e+007
1.33974e+007
2.8924e+006
5.94423e+006
1.69152e+008
6.6282e+007
996492
9.90164e+006
9.95665e+006
3.23089e+011
3.92962e+006
2.23992e+006
2.15719e+007
1.79629e+007
824583
668308
2.06135e+007
4.1207e+008
3.87156e+007
172408
5.74692e+006
5.49156e+007
8.18945e+010
3.53711e+008
110668
1.13922e+007
61859.4
1.55555e+008
9.45383e+008
7.93991e+006
2.09066e+011
2.34655e+008
2.16952e+007
1.12906e+008
5.421e+006
981472
2.50311e+008
652596
6.71948e+007
5.73533e+013
3.51321e+007
462883
1.52325e+009
429328
3.72985e+006
1.4187e+011
6.12848e+008
5.04835e+008
7.37582e+010
1.59012e+006
4.62832e+007
1.8164e+009
2.54731e+006
5.58048e+007
3.13687e+008
1.8812e+007
9.2478e+008
4.33324e+007
2.36566e+007
5.43343e+006
44448.1
1.62099e+011
1.42099e+010
1.33523e+014
5.68124e+007
454634
4.49206e+008
20485.8
1.19809e+007
8.67883e+006
1.79164e+006
14166.2
2.30799e+007
1.16874e+011
2.02386e+019
5.30655e+007
2.96917e+007
1.65526e+009
605698
5.36144e+007
8.78622e+007
1.80757e+007
8.9737e+010
7.55421e+007
2.1571e+011
2.05352e+010
3.344e+008
1.36534e+009
5.12198e+009
6.08882e+007
176779
2.18749e+012
3.53887e+006
3.59886e+009
1.26899e+010
3.39751e+010
84212.3
1.41951e+008
1.77082e+010
5.35279e+006
4.91922e+007
1.28867e+007
526242
9.7808e+007
5.00131e+010
120699
2.46998e+006
2.42508e+007
156891
8.35713e+010
4.41074e+011
9.36401e+007
1.04237e+006
1.43416e+010
2.35639e+007
27683.2
2.47002e+006
779116
7.2887e+012
3.47067e+012
2.09805e+011
4.46944e+010
7.04889e+008
2.37698e+007
1.34761e+006
1.00167e+007
1.29202e+006
2.30622e+008
897513
4.23963e+007
1.21227e+007
565396
6.52171e+006
2.9522e+006
1.56987e+007
5.52794e+007
1.34661e+007
1.65555e+009
1.74264e+006
2.24025e+008
1.63791e+009
9.42923e+007
9.78293e+007
1.92737e+006
1.35463e+014
1.90391e+007
2.19955e+010
6.36436e+006
9.67182e+014
7.62602e+006
1.57025e+007
3.20112e+014
3.44402e+007
4.97962e+007
4.38281e+007
3.85342e+009
6.95488e+007
4.16078e+011
2.5929e+008
2.59719e+009
3.78681e+007
2.98256e+006
373672
296092
7.40801e+006
1.14918e+006
1.71854e+007
1.1767e+006
5.54095e+006
3.76927e+016
5.98929e+006
1.64779e+006
149901
1.72029e+008
1.30351e+007
251255
5.59755e+009
3.67078e+006
902442
1.52786e+006
59053.2
5.32878e+006
4.82785e+006
113412
1.94815e+008
8.38822e+010
1.73599e+006
3.89085e+006
2.17117e+009
7.61474e+006
4.28658e+006
395417
65331.4
1.95057e+010
210653
226613
1.77947e+006
3.63701e+009
286202
1.28494e+012
1.94309e+007
5.39171e+007
663478
1.78909e+006
146574
5.95341e+006
1.52923e+009
4.8157e+009
9.1452e+006
8.06387e+006
6.10808e+009
127911
6.9399e+009
9.56792e+007
2.10194e+007
2.30331e+009
83492.7
2.60162e+009
101278
4.776e+008
4.25112e+006
1.13572e+008
5.06974e+011
2.69584e+006
1.09408e+007
3.92947e+007
1.68643e+007
1.96367e+008
9.50146e+013
360593
3.21181e+008
2.63369e+006
686864
1.01548e+011
290414
18290.8
7.07958e+006
1.72636e+006
3.43041e+011
3.90297e+007
6.85409e+006
2.67846e+006
2.89315e+006
9.16836e+009
5.97306e+008
2.27343e+006
1.46537e+007
2.31139e+007
9.70727e+007
9.53296e+008
5.08288e+008
1.767e+007
1.04874e+012
2.50165e+007
3.49364e+013
2.30654e+006
1.44928e+012
1.75991e+011
8.25323e+007
3.63084e+006
1.2271e+006
5.95578e+007
1.83993e+016
422303
2.69388e+006
8.25312e+013
1.32844e+006
9.24387e+009
1.24824e+007
11809
1.96489e+006
5.12368e+006
8.20324e+008
342154
1.95556e+007
7.44469e+009
1.55998e+006
7.54472e+006
1.56247e+011
1.49142e+009
2.41063e+007
7.02471e+006
3.39517e+006
1.99629e+013
1.08642e+011
3.32695e+010
365304
3.38835e+007
3.68448e+007
46572.6
8.58248e+006
139040
69163.6
190925
4.30345e+008
8.68865e+006
20945.7
4.70716e+007
2.20597e+006
1.4831e+006
6.25672e+007
1.40739e+009
4.04827e+006
3.26466e+008
1.27885e+008
8.28529e+006
9.96137e+015
1.42358e+006
1.75169e+006
5.56572e+007
8.26325e+008
671060
7.15541e+008
5.27796e+008
677724
4.3141e+009
5.48563e+013
7.5117e+006
78005.5
1.36166e+010
1.25415e+009
1.55425e+007
3.39933e+008
172318
2.81499e+006
3.07172e+007
3.01166e+006
7.02378e+006
2.25429e+007
5.04994e+006
5.63696e+008
135505
4.71881e+006
1.11195e+007
865050
1.06746e+009
2.5837e+007
6.68022e+007
693396
9.96742e+011
1.87958e+016
3.39658e+009
2.50595e+011
4.25259e+008
4.40534e+008
1.6995e+008
5.31208e+006
136631
79350
1.83192e+007
2.83459e+006
3.28028e+006
8.3648e+009
6.97574e+008
2.10685e+006
163244
5.76943e+015
3.16845e+006
2.61565e+006
2.86991e+014
5.51914e+008
1.94917e+007
4.89535e+012
233772
217464
1.06495e+008
1.72583e+008
4.87995e+006
9.73629e+007
7.8139e+006
1.63337e+007
17723.8
2.63239e+007
3.92416e+006
9.42682e+008
7.82934e+010
2.75253e+007
276593
469696
72081.4
371183
10436.3
1.29272e+007
1.8449e+006
3.59088e+006
2.73811e+009
6.75266e+015
1.76651e+009
1.25418e+006
6.38206e+006
153401
2.13822e+007
2.45442e+007
9.57306e+009
123619
1.38321e+010
3.93305e+008
362679
330430
2.24489e+011
9.68591e+008
3.1109e+012
1.34175e+006
7.43676e+008
6.12428e+007
8.59996e+008
1.04257e+007
3.20708e+006
3.20035e+010
3.81982e+008
2.62716e+008
7.97682e+006
264792
1.3466e+011
647276
1.39908e+014
5.78415e+006
2.10123e+008
2.28259e+009
72434.7
7.83731e+009
1.20679e+011
4.29116e+011
1.44742e+007
5.59725e+007
1.27618e+006
1.91395e+007
2.30064e+014
6.06802e+007
138912
9.77187e+008
364171
40625
6.7392e+006
5.13948e+007
269391
1.70569e+007
5.61825e+009
1.06334e+007
77757.2
5.74353e+006
5.30396e+007
7.68269e+006
8.86554e+006
3.2554e+007
1.37111e+008
2.81044e+006
685871
128621
246810
1.04674e+008
202343
830289
8.37253e+007
1.32794e+012
9.6912e+007
2.26678e+006
6.56812e+006
1.92514e+010
258587
97776.4
2.06565e+008
1.36585e+009
35708.5
301991
2.74303e+007
2.3621e+006
2.89048e+008
5.77208e+007
3.56021e+009
6.88127e+012
8.96215e+008
1.90905e+007
7.38351e+007
4.20812e+006
3.81146e+006
4237.2
3.73512e+006
219199
637626
304043
247727
347003
6.85639e+007
737890
5.60441e+006
4.12218e+007
272089
2.07312e+009
137572
176377
7.58636e+009
9.87368e+007
101058
1.05332e+012
1.46352e+006
1.51248e+007
1.33044e+007
5.12911e+010
3.51982e+008
386464
5.50147e+007
276334
1.94752e+010
3.29836e+007
9.45885e+006
8.13636e+010
990680
1.51846e+010
3.16837e+008
114054
