-74.796
-74.3278
-70.4344
-68.4131
-70.83
-72.3887
-74.481
-72.5607
-72.9167
-74.836
-74.9059
-71.5101
-72.5273
-72.0487
-72.4
-71.5538
-69.5852
-70.8715
-74.4259
-72.4001
-72.7971
-77.177
-73.0459
-74.6271
-74.3852
-72.5364
-73.0519
-67.6678
-70.631
-70.7474
-71.8946
-73.5975
-73.0796
-73.2586
-72.9871
-72.2306
-74.2793
-72.7174
-72.4972
-73.5434
-73.6129
-75.5893
-68.2747
-69.697
-72.3703
-72.3036
-77.177
-75.127
-70.9825
-73.4761
-75.2515
-72.4456
-73.4761
-71.4872
-74.3627
-72.2666
-72.573
-70.3135
-74.836
-72.3074
-72.5404
-72.5523
-75.6384
-74.8114
-70.874
-70.741
-74.8291
-72.4007
-74.6314
-75.3155
-71.0225
-75.2515
-73.2811
-71.7106
-73.2937
-75.3155
-74.4597
-74.415
-72.9371
-69.9254
-69.9733
-72.3589
-71.4708
-72.0833
-73.0684
-70.8446
-70.8798
-74.4196
-75.365
-69.9866
-77.177
-72.539
-73.2438
-73.0636
-73.8817
-72.2716
-74.8176
-70.1298
-71.9965
-72.3184
-70.1506
-71.3372
-73.0389
-72.7401
3.56752e+006
-74.814
-72.081
-73.2643
-72.3483
-75.2812
-72.1834
-69.5939
-73.8655
-72.8869
-72.1352
-68.503
-74.5335
-73.9187
-73.1541
-72.2438
-72.0202
-72.3748
-74.4061
-72.8009
-75.2812
-70.4654
-74.4259
-72.5013
-73.798
-73.9334
-70.0549
-73.1541
-72.3259
-73.451
-72.686
-71.5941
-72.5122
-72.4351
-72.9252
-69.2684
-73.5273
-75.2066
-77.177
-73.0965
-71.4454
-73.1814
-73.9643
-71.8095
-73.474
-71.009
-69.2438
-71.0535
-75.5893
-73.9431
-73.5802
-73.9172
-73.9729
-74.2579
-72.3907
-72.0255
-75.4214
-72.3202
-77.177
-72.7935
-73.0043
-73.1503
-71.77
-75.2294
-74.7371
-69.0352
-74.3383
-73.5659
-74.7174
-70.7608
-74.039
-75.2294
-70.5
-69.6062
-73.7427
-72.2355
-72.5806
-71.8219
-74.4696
-73.2632
-74.4148
-71.4101
-73.9548
-74.4376
-73.6779
-73.345
-77.177
-71.9903
-72.7935
-75.3155
-77.177
-73.5093
-73.5975
-71.5186
-75.127
-75.4214
-75.2066
-72.5995
-71.2572
-72.9392
-70.9665
-74.4376
-74.9059
-68.9487
-71.5688
-74.6271
-70.9637
-69.301
-72.6615
-72.067
-72.9836
-71.7021
-74.836
-71.5892
-75.2066
-75.5893
-71.9654
-74.796
-72.0737
-72.6833
-73.4984
-73.1841
-71.8711
-69.9784
-70.5101
-73.3541
-73.9571
-71.3131
-72.3895
-71.7465
-73.584
1.93007e+007
-72.4047
-67.5845
-72.3544
-73.8505
-73.7563
-73.1222
-75.3347
-76.2999
-74.6387
-69.4019
-70.8549
-72.45
-73.9019
2.333e+006
-73.0853
-73.5611
-71.2171
-73.2666
-73.2146
-71.4193
-74.4234
-71.9112
-70.7124
-72.5364
-73.3124
-75.5893
-74.7826
-75.3321
-72.9894
-75.365
-71.1572
-72.9158
-72.9642
-72.992
-69.8526
-72.6695
-72.7688
-74.3299
-73.4648
-69.0658
-75.3347
-72.4023
-71.912
-73.5239
-71.3073
-73.7669
-76.2101
-77.177
-72.3423
-70.7439
-72.7116
-72.6297
-77.177
-69.8717
-71.9481
-73.216
-73.3387
-73.5703
-71.1927
-72.6847
-75.0942
-71.1514
-77.177
-74.3805
-71.4018
-72.8443
-69.898
-72.8986
-71.7163
-72.6413
-71.6949
-71.9757
-72.3118
-74.3648
-73.3142
-70.1014
-72.8445
-73.3343
-75.5893
-71.3246
-73.1565
-72.8562
-73.0177
-73.4125
-70.8581
-73.2937
-75.2294
-73.3116
-74.5624
-74.0008
-75.3113
-73.4066
-72.8254
-72.1599
-72.5273
-72.9057
-74.3227
-71.9925
-72.9376
-76.2101
-73.9551
-69.0421
-73.8112
-75.5893
-68.6887
-70.8039
-74.6271
-71.6132
-75.5893
-71.9733
-71.7982
-75.3321
-77.177
-75.4214
-72.0031
-71.352
-72.5141
-73.8362
-71.6431
-74.3679
-72.4173
-68.0392
-75.2812
-73.3314
-73.5905
-72.8866
-71.6744
-70.964
-74.7174
-73.906
-72.8375
-70.2359
-72.1447
-70.786
-75.2066
-70.3793
-71.2684
-72.7546
-70.1064
-75.3113
-73.6368
-75.3113
-70.3936
-70.6382
-72.5895
-70.9184
-74.8252
-75.3347
-70.2706
-70.2568
-75.5893
-72.623
-72.6786
-72.5614
-73.8655
-74.7826
-73.8884
-59.9483
-73.5703
-75.6384
-72.7496
-73.6111
-73.253
-72.7022
-71.3913
-68.8323
-75.1464
-72.6967
-72.9464
-76.2999
-72.7214
-72.8744
-77.177
-71.8479
31017.9
-73.5175
-77.177
-73.8525
-69.3566
-71.7331
-73.5905
-76.2999
-71.3892
-71.8359
-70.2237
-74.392
-68.7961
-75.2515
-74.7826
-72.9673
-72.2663
-73.432
-72.4265
-75.2066
-75.127
-73.7264
-75.3321
-73.3941
-76.2999
-73.6375
-70.3262
-74.1734
-73.0744
-73.6319
-72.9057
-73.6746
-68.179
-74.0219
-72.2039
-70.8296
-72.4081
3.41062e+006
-72.5364
-73.3124
-70.3739
-71.5524
-71.9904
-74.5111
-72.8181
-74.4228
-72.009
-72.2852
-73.4125
-72.5203
-76.2101
-73.7659
-72.2308
-72.7705
1.35e+006
-71.8338
-73.0394
-74.3234
-70.8797
-73.8934
-68.7056
-72.1029
-76.2101
-72.4921
-74.6387
-73.6129
-74.6152
-70.9039
-73.5276
-73.1531
-70.7262
-77.177
-72.3357
-73.253
-71.0364
-71.3377
-71.9631
-74.4228
-74.485
-72.288
-71.3794
-70.6229
-74.0265
-71.7532
-74.3778
-73.0191
-73.8581
-73.2586
-72.3582
-71.401
-71.8716
-71.7041
-73.8581
-71.6937
-70.1241
-73.5744
-73.4311
-73.1305
-76.2999
-71.1485
-73.1375
-72.7971
-71.8917
-70.1535
-72.857
-71.923
-73.4963
-72.8032
-75.5893
-71.0553
-75.5893
-74.2297
-71.9028
-68.7455
-72.9392
-73.8829
-73.233
-76.2999
-75.0942
-75.2812
-74.415
-72.9899
-71.4124
-72.1055
-73.5398
-71.9998
-71.9311
-75.1464
-77.177
-72.8079
-72.6695
-69.4971
-70.3907
-71.6134
-74.2928
-73.9416
-72.3357
-75.3347
-72.3632
-74.416
-75.5893
-71.9214
-73.448
-72.4631
-72.9871
-74.2579
-72.1705
-73.2123
-72.0511
-75.2066
-69.834
-71.8142
-74.4061
-72.3441
-72.3737
-71.244
-71.1031
-71.0923
-77.177
-69.4045
-73.1629
-73.8581
-70.9528
-72.7375
-73.2297
-74.6309
-70.9278
-70.1394
-74.3627
-77.177
-73.337
-73.214
-70.4971
-71.5504
-73.0491
-72.4693
-71.6767
-69.6103
-70.5783
-74.485
-71.9514
-70.4499
-73.0587
-72.2438
-74.0972
4.32435e+006
-71.2132
-73.7563
-73.048
-72.4759
-71.8767
-67.0708
-75.2294
-74.4259
-77.177
-73.966
-72.3812
-73.4984
-73.5398
-74.363
-72.0912
-74.4376
-73.069
-75.4214
-75.127
-72.5522
-72.4397
-73.7293
-72.3395
-69.1242
-72.8139
-76.2999
-69.783
-74.6387
-72.0496
-71.4919
-70.9002
-73.7502
-74.7325
-74.6729
-73.3061
-72.594
-72.7398
-73.4089
-72.9371
-68.4577
-76.2999
-72.7978
-73.5778
-71.2286
-72.7011
-74.6271
-73.5703
-75.2066
-73.8934
-70.8804
-72.166
-74.9094
-75.3113
-72.4222
-73.5659
-72.3576
-69.747
-73.405
-73.2088
-75.5893
-71.9451
-71.9151
-71.9283
-73.5198
-73.1967
-73.6934
-74.363
-73.9741
-71.2023
-73.5504
-72.5406
-71.8601
-74.3778
-68.0748
-72.5203
-75.3347
-73.8653
-71.5565
-77.177
-71.0311
-70.875
-75.2294
-74.4696
-69.8479
-74.6309
-73.7481
-76.2101
-75.3155
-73.5052
-74.5111
-71.3964
-73.451
-72.9033
-74.3227
-73.1332
-74.415
-72.7945
-72.6351
-72.1464
-77.177
-74.6309
-71.353
-75.2812
-72.6262
-72.9833
-74.3648
-70.436
-74.3686
-71.2012
-72.5545
-73.5504
-73.7293
-72.9376
-72.9167
-71.8365
-75.5893
-73.4237
-74.814
-71.2819
140718
-74.836
-68.4814
1.00784e+007
-72.5236
-68.8714
-72.7398
-71.8124
-68.7033
-70.7875
-72.2249
-73.8209
-74.7826
-68.4225
-70.726
-72.3312
-72.8563
-75.5893
-72.3145
-72.4881
-70.9258
-71.634
-72.2027
-72.7087
-72.0207
-70.6678
-72.4247
-73.3518
-72.7397
-72.0916
-72.0079
-73.8209
-75.0942
-70.6996
-72.9994
-72.6799
-70.0805
-72.0945
-72.2432
-70.9899
-72.337
-74.6271
-72.7971
-73.9132
-72.1208
1.1541e+006
-73.0053
-72.3228
-72.4047
-74.8108
-72.3551
-75.2294
112955
-70.9869
-73.1106
3.31267e+006
-75.3347
-70.7837
-73.2076
-73.448
-75.3321
-72.048
-75.3321
-69.9516
-73.8884
-72.4697
-72.6659
-70.7172
-70.482
-69.3802
-76.2101
-75.3321
-73.8063
-70.2555
-70.8704
-71.7317
-73.8939
-73.8655
-72.6366
-74.3299
-72.0542
-72.1056
-75.3347
-73.8526
-72.6381
-71.6158
-72.2545
-70.6375
-76.2999
-72.4742
-68.0654
-71.0802
-69.9252
-69.7381
-73.1008
-77.177
-72.8855
-72.2251
-71.9733
-72.5803
-75.127
-73.4536
-72.1877
-73.6441
-72.9862
-75.3113
-71.6027
-69.0008
-73.4648
2.52143e+007
-71.6935
-70.7039
-74.2422
-72.8176
-69.8626
-72.1005
-74.6318
-74.6271
-71.9331
-74.3679
-73.8017
-72.1809
-74.2695
-72.4945
-74.5111
-74.0652
-73.2632
-73.5488
-72.0399
-69.8942
-72.6466
-74.3648
-72.9508
-77.177
-71.3781
-71.5413
-71.9009
-72.9083
-72.6153
-73.0212
-75.3155
-75.6384
-70.8075
-73.5273
-71.2519
-72.0793
-73.8437
-72.873
-77.177
-75.5893
-73.4089
-74.9094
-74.3299
-72.6951
85751.4
-72.9871
-71.8258
-73.5295
-74.8252
-71.3729
-71.7975
-71.6027
-70.5433
-74.6387
-73.0053
-72.7451
-71.4055
-71.232
-73.2347
-72.3861
-75.6004
-72.1004
-75.5893
-71.9505
-72.6786
-75.3347
-71.8306
-76.2999
-75.3155
-73.1051
-73.0965
-73.4536
-70.9218
-75.2812
-72.7052
-72.289
-74.3227
-71.9316
-71.8882
-74.4376
-73.6129
-72.7164
-72.4018
-76.2999
-72.3782
-73.4963
-73.1385
-74.836
-72.9115
-72.4322
-72.4713
-72.9266
-72.3683
1.0125e+006
-72.3248
-70.6774
-70.7225
-75.3321
-72.6325
-72.409
-74.735
-72.2194
-72.3128
-73.1889
-74.836
-73.7691
-71.9662
-73.9624
-73.3966
-73.0406
-74.0946
-72.5506
-73.0525
-72.9252
-72.0255
-73.4651
-70.6445
-73.0857
-75.4214
-70.9457
-73.9187
-73.5611
-71.5483
-74.1861
-73.1888
-74.8291
-72.3096
-69.6914
-73.966
-76.2999
-71.4334
-72.567
-77.177
-73.5703
-70.9979
-74.3852
-70.3981
-71.6545
-74.4061
-72.8343
-77.177
-74.7174
-71.5138
-72.8862
-74.9094
463939
-68.7823
-71.6465
-75.6004
-73.3922
-72.7167
-71.704
-73.7669
-73.0476
85113.8
-76.2999
-72.2375
-72.2393
-75.0942
-72.2539
-72.5311
-72.5275
-72.7677
-70.9951
-72.7623
-74.5335
-74.6364
-71.9127
-72.6582
-70.7274
-70.981
-72.0924
-72.3529
-72.5798
-72.4212
-71.5096
-74.8291
-73.8725
-69.8356
-72.4266
-72.9991
-73.4484
-71.6941
-74.4032
-75.5893
-70.4779
-73.5602
-66.8855
-72.1564
-73.4385
-77.177
-77.177
-76.2101
-71.7136
-73.0535
-71.7962
-70.5875
-68.9429
-75.4214
-71.4662
-73.0398
-73.8679
-70.6689
-70.7929
-72.3057
-72.6057
-72.9027
-72.2109
-68.8466
-72.6105
-72.6311
-74.7174
-69.6507
-75.5893
-73.0828
-73.9259
-75.4214
-72.8491
-71.9729
-71.5066
-69.418
-74.8114
-71.3951
-76.2999
-74.7325
-75.2066
-73.1145
-70.7257
-72.6466
-71.4046
-73.6656
-71.556
-73.9031
-71.3053
-71.3736
-72.0892
-73.8815
-76.2101
-69.4759
-71.9922
-70.9763
-74.4196
-73.0968
-71.5393
-74.5268
-75.6004
-73.115
-73.2383
-74.6873
-73.8805
-71.0388
-77.177
-71.8987
-75.5893
-77.177
-69.4727
-72.4685
-73.2202
-75.0942
-73.3544
-70.2265
-71.6598
-75.6004
-74.3278
-71.7589
-73.9008
-74.5111
-72.4187
-75.3347
-70.2252
-73.7494
-68.2686
-71.1501
-73.8437
-71.5804
-65.9399
-72.7867
-72.2473
-72.1335
-75.3113
-74.4376
-74.6309
-74.8114
-70.4286
-71.9725
-73.0519
-74.6364
-74.0219
-72.8635
-72.4013
-73.8505
-72.9777
-72.5956
-77.177
-74.4061
-72.7399
-72.5738
-73.2017
-71.8807
-74.836
-70.9813
-75.6384
-72.0945
-75.2515
-71.9545
-75.3155
-73.2347
-75.2294
-75.2066
-75.3113
-74.4234
-71.8042
-73.8784
-73.2054
-71.97
-74.7325
-62.7502
-72.6431
-73.5171
-74.836
-72.8031
-73.0814
-73.6096
-73.6437
-77.177
-72.3244
-75.2515
-73.9031
-72.2194
-75.3113
-72.1789
-72.2194
-72.4496
-70.7392
-74.8252
-70.6021
-71.7114
-72.9239
-72.5966
-77.177
-70.4124
-74.6271
-70.5213
-70.2865
-75.2066
-74.836
-73.5975
-71.9164
-73.9069
-73.0111
-73.6187
-73.001
-71.1201
-77.177
-73.0394
-72.4441
-70.9034
-74.1233
-72.4945
-73.7427
-71.6399
-74.7554
-74.3688
-73.0808
-69.8016
-73.0345
-75.5893
-72.7154
-72.9779
-73.1541
-72.4066
-74.416
-72.395
-72.2327
-66.125
-74.3299
-73.3683
-74.485
-71.4895
-69.6668
-72.5888
-72.4629
-75.2066
-73.7331
-74.3227
-67.5851
-72.7427
-73.9019
255062
-70.7344
-71.6749
-70.099
-74.8176
-75.3155
-74.6387
-71.1401
-72.7052
-73.9331
-73.4484
-74.6314
-71.658
-70.4755
-72.2054
-71.4017
-70.7132
-69.966
-71.9724
-73.0423
-73.2472
-73.0119
-72.6262
-71.6187
-74.2248
-76.2101
-73.0908
-72.3011
-71.8943
-74.3278
-73.216
-72.4901
-72.164
-73.1673
-72.2718
-67.4524
-72.6194
-71.933
-70.6274
-72.1999
-72.0394
-71.3501
-75.6004
-71.9311
-70.7799
-71.0291
-72.8836
-68.6626
-70.6903
-71.6967
-72.1652
-71.2801
-72.0433
-75.2812
-74.4597
-73.1888
-75.6384
-71.5537
-69.0463
-74.8291
-74.2422
-73.4427
-72.4663
-72.4436
-74.2928
-73.0295
-71.9027
-72.2166
-71.3504
-73.092
-74.7268
-70.833
-72.6567
-74.3627
-77.177
-75.6384
-75.3113
-72.2314
-72.423
-75.2515
-72.0175
-72.7299
-72.9948
-74.0652
-71.5198
-72.1839
-73.0357
-71.782
-73.6678
-71.3117
-72.8744
-71.5757
-68.3933
-73.4385
-71.9164
-73.4648
-75.1464
-75.2812
-73.9187
-76.2999
-71.3226
-77.177
-75.127
-74.416
-68.9521
-74.5837
-71.6269
-74.735
-75.3347
-68.4528
-70.8175
-72.1859
-71.0825
-74.4234
-74.7325
-76.2101
-74.8252
-72.1159
-74.3679
-72.3551
-71.7979
-71.7106
-70.7769
-71.5354
-71.6363
-75.3113
-70.422
-73.3124
-72.1931
-73.4536
-73.9342
-70.7084
-73.0942
-71.922
-71.5277
-74.7325
-72.0138
-74.735
-73.8581
-71.7855
-77.177
-75.5893
-73.6238
-72.3201
-71.0482
-72.246
-72.1831
-73.1925
-69.3811
-73.2088
-72.6113
-74.796
-74.3256
-70.3818
-73.5469
-69.9238
-74.3234
-73.583
-70.1262
-75.6384
-71.5247
-73.1222
-73.8581
-71.403
-73.6592
-67.854
-73.9357
-69.2143
-74.1734
-72.6642
-73.731
-74.481
-72.6466
-74.6314
-72.0072
-72.3788
-73.2848
-75.2515
-73.4667
-77.177
-71.1323
-75.365
-67.9456
-73.9604
-73.6492
-70.8468
-70.6997
-72.664
-72.4323
-71.3487
-73.0423
-73.8913
-73.0161
-73.9156
-72.1652
-73.5273
-77.177
-72.4774
-72.393
-73.0587
-73.756
-67.6525
-73.7502
-73.0491
-73.2355
-72.0803
-74.8176
-70.8858
-73.8655
-72.9393
-71.8185
-72.1497
-72.4141
-73.584
-73.0508
-73.8467
-72.6581
-73.719
-71.9535
-72.6057
-73.2937
-71.0789
-74.8114
-72.4323
-72.6466
-73.1135
-69.57
-72.8013
-75.5893
-75.3113
-72.7209
-72.1029
-72.0025
-71.1896
-74.481
-71.6202
-73.2972
-74.2884
-73.7293
-72.4637
-73.0723
-70.4496
-74.6309
-72.8279
-73.4255
-66.9801
-74.836
-75.2066
-71.7331
-67.084
-73.9019
-71.5589
-72.4397
-72.7028
-71.7295
-73.87
-75.6004
-73.0209
-76.2999
-73.1886
-72.9554
-73.9259
-71.591
-72.617
-71.7667
-71.2453
-73.8829
-71.1314
-74.6309
-75.3347
-68.9099
-72.037
-69.3388
-73.6096
-74.3688
-75.5893
-73.9571
-74.7826
-71.9471
-74.7826
-69.7766
-70.5955
-75.2294
-68.2349
-73.9416
-75.6384
-73.8683
-71.6295
-70.4959
-72.7918
-71.9038
-71.9779
-72.3939
-74.3335
-74.8291
-67.6061
-73.9086
-74.415
-71.8358
-77.177
-71.2103
-74.3227
-73.4678
-70.7766
-69.5057
-72.8412
-75.3113
-76.2999
-72.2987
-74.4898
-74.814
-72.8954
-72.8108
-73.6368
-74.6729
-68.0036
-71.7835
-72.8027
-73.635
-71.2245
-72.1814
-72.5141
-66.5541
-71.1542
-76.2101
-72.9475
-69.4195
-73.8304
-71.3199
-71.8168
-72.6413
-70.905
-72.9812
-71.02
-75.5893
-72.5852
-74.363
-70.8209
-73.9933
-75.2515
-73.7991
-73.8817
-76.2101
-69.9152
-73.5703
-73.9055
-76.2999
-73.5236
-72.641
-77.177
-73.0991
-75.5893
-71.9061
-71.8072
-73.216
-70.7896
-74.836
-72.4948
-72.4371
-70.934
-71.8174
-72.7378
-71.7122
-71.7659
-70.6154
-73.8901
-69.2543
-73.8063
-72.1667
-75.2515
-70.8599
-74.6314
-72.2178
-73.5433
-73.0486
-72.862
-71.7387
-72.3698
-75.2515
-75.3155
581737
-75.3113
-73.6096
-72.5609
-69.7906
-71.6622
-74.3299
-69.7692
-73.7122
-74.3299
-71.7116
-72.2481
-72.4456
-73.1886
-72.5458
-75.6384
-74.4228
-74.6271
-72.875
-75.2066
-72.3972
-73.8437
-72.7916
-71.2318
-71.4789
-72.7577
-70.1107
-72.9964
-74.6314
-73.0209
-70.7695
-72.7406
-74.3299
-75.3113
-73.8369
-74.3778
-74.5754
-74.5754
-74.3852
-69.672
-71.1643
-73.066
-72.2588
-71.6108
-74.2422
-72.3294
-71.5519
-75.4214
-69.5351
-70.5297
-75.2294
-73.87
-71.6245
-73.6746
-72.9991
-75.5893
-73.6092
-69.4704
-73.5273
-73.1111
-75.5893
-75.1464
-75.6384
-71.77
-70.7737
-75.6384
-71.8267
-72.4322
-75.2812
-73.5128
-72.4656
-71.5338
-72.1302
-70.0208
-73.5194
-71.5949
-72.7689
-72.9404
-75.2812
-75.3347
-74.5111
-71.3372
-70.677
-70.0462
-74.1233
-71.9565
-75.3347
-72.9421
-73.9554
-70.3943
-73.9031
-72.8656
-72.7939
-71.1666
-70.3662
-68.6766
-73.4089
-71.6564
-72.3464
-74.6309
-71.8248
-68.2361
454187
-73.5451
-70.7962
-72.6659
-70.7845
-72.4006
-71.4871
-71.3109
-72.5951
-70.2038
-74.6729
-71.97
116287
-74.3092
-77.177
-72.6912
-74.6873
-77.177
-76.2999
-76.2999
-71.9314
-74.6364
-71.0509
-75.3113
-70.9615
-71.9939
-73.6779
-70.3215
-72.4104
-72.1446
-75.5893
-69.9299
-73.0905
-71.9592
-71.4579
-71.4299
-73.9132
-70.6327
-71.6462
-71.015
-72.8533
-72.5203
-72.9871
-69.8581
-72.9508
-70.3242
-71.6928
-72.3455
-75.3113
-73.9896
-73.9019
-73.6437
-73.0929
-72.6533
-75.365
-76.2999
-70.9702
-77.177
-74.5268
-71.5521
-74.6152
-73.9624
-74.8252
-71.206
-69.7287
-75.3113
-71.1045
-77.177
-72.0715
-72.1184
-74.8176
-74.4196
-74.6318
-71.0164
-75.2066
-72.5534
-72.8343
-74.481
-73.448
-70.859
-71.998
-73.1528
-72.7762
-74.8252
-71.5233
-75.6384
-73.8934
-76.2999
-74.8176
-73.731
-73.8526
-73.101
-72.1221
-75.3321
-72.3649
-75.5893
-73.2214
-75.365
-71.197
-75.6384
-73.1075
-72.6064
-74.814
-72.634
-73.0658
-74.836
-75.3347
-73.2355
-69.3293
-72.1022
-71.2384
-72.8775
-73.9055
-72.344
-72.5505
-71.3091
-77.177
-74.7325
-72.3298
-71.6967
-72.8287
-72.2306
-74.392
-73.026
-71.7351
-71.2752
-72.0357
-75.3155
-74.2579
-72.4508
-74.2894
-73.3241
-70.6348
-73.3898
-71.969
-72.7256
-72.7369
-71.4735
-67.1836
-72.3115
-72.1186
-72.3099
-74.7268
5.46486e+008
-73.9548
-75.2294
-69.1217
-69.6265
-73.1889
-71.8358
-72.917
-70.8269
-72.283
-72.3975
-71.7642
-72.225
-73.1145
-73.6054
-73.3144
-71.6108
-73.9259
-76.2101
-71.7882
-75.3321
-74.7325
-74.481
-70.6232
-73.9172
-73.4385
-76.2999
-73.9388
-74.8291
-72.2414
-74.6314
-72.9877
-72.3331
-69.3374
-69.0852
-73.2123
-71.8887
-73.3518
-70.3438
-72.6761
-77.177
-71.8691
-72.1581
-71.7185
-73.7264
-70.807
-72.9622
-77.177
-77.177
-72.3398
-75.5893
-77.177
-75.4214
-71.556
-71.1976
-72.6523
-72.4638
-73.0659
-71.4633
-76.2101
-73.9729
-73.8362
-73.6998
-71.7404
-69.6325
-75.5893
-71.7522
-72.2941
-74.1861
-73.6368
-73.6838
-74.4061
-72.1949
-73.2586
-67.3818
-73.4979
593543
-69.9585
-72.3146
-71.2982
-73.1461
-70.5976
-73.6368
-73.1629
-70.8747
-75.0942
-75.2066
-73.013
-73.5654
-71.6523
-70.1975
-75.2294
-74.4061
-74.8291
-73.1967
-77.177
-72.9293
-74.415
-71.9984
-77.177
-72.5103
-72.2983
-74.8252
-71.8763
-74.8176
-77.177
-72.8181
-72.539
-77.177
-71.5676
-74.8291
-76.2999
-73.8437
-73.8725
-77.177
-72.5458
-75.2812
-74.6152
-75.3113
-73.6441
-74.796
-72.2728
-73.2069
-75.2515
-72.2019
-75.6384
-73.8805
-71.4403
-72.6722
-73.6751
-71.848
-61.7714
-73.0763
-74.415
-70.8827
-73.9551
-67.1966
-69.4471
-73.6092
-74.6387
-70.2417
-74.0652
-73.4089
-76.2101
-73.6016
-76.2999
-71.7886
-71.6227
-71.4887
-73.1985
-72.607
-75.4214
-68.0337
-72.8527
-72.0031
-72.7192
-75.2515
-72.5406
-73.9548
-75.3321
-71.9552
-73.9342
-70.8472
-77.177
-73.9854
-74.3383
-73.9498
-70.9726
-76.2101
-72.6087
-77.177
-70.2326
-76.2999
-70.6632
-74.6152
-74.416
-73.7796
-74.8252
-77.177
282664
-74.7826
-71.9697
-73.5975
-71.9042
-72.734
-72.1514
-73.377
-71.5581
-73.0787
-70.7222
-77.177
-72.8725
-75.6384
-74.4127
-69.5713
-73.9708
-73.9019
-72.9593
-73.0023
-74.4597
-72.3184
-72.1787
-73.9331
-75.3155
-71.682
-72.9266
-75.3113
-74.4898
-75.3113
-72.8002
-73.21
-72.1541
-73.1318
-75.6384
-73.216
-70.463
-71.8663
-73.8209
-71.8137
-73.2689
-75.3321
-75.4214
-72.2739
-75.5893
-71.5288
-75.3321
-77.177
-70.2319
-72.1622
-73.5703
-68.9736
-65.4438
-73.2782
-71.9643
-75.2066
-72.654
-75.2515
-72.5066
-73.5703
-73.3387
-72.1099
-73.9086
-71.9848
-71.7446
-72.4004
-74.0008
-71.0713
-72.0593
-75.6004
-70.7596
-72.4322
-74.0022
-70.1478
-72.897
-76.2999
-69.5798
-74.3805
-71.7163
-70.235
-72.1483
-72.3516
-71.4509
-73.0295
-73.1299
-73.013
-75.127
-73.3941
-71.8057
-70.8024
-72.5364
-70.2662
-75.1464
-70.8823
-72.5082
-75.6004
-69.3657
-72.9252
-70.6426
-73.4979
-71.9083
-72.1599
-73.8653
-70.5963
-69.6667
-71.6687
-71.7272
-72.5856
-77.177
-73.5659
-74.0652
-74.392
-72.3744
-72.763
-72.6231
-71.7959
-72.283
-72.3151
167228
-72.8937
-71.5488
-72.8419
-72.5716
-74.7554
-71.3414
-74.6729
-72.0248
-72.4449
-71.7086
-70.2055
-73.2767
-73.9571
-70.2977
-73.6096
-71.6617
-73.947
-75.3113
-75.127
-70.2587
-75.5893
-72.1474
-72.841
-72.0171
-70.6331
-75.5893
-70.7979
-73.2236
-73.0659
-73.9896
-71.4473
-71.5569
-75.2812
-76.2101
-70.8251
-70.8502
-71.7913
-73.8824
-73.8784
-75.2066
-73.5322
-75.3321
-71.7121
-72.8269
-73.8581
-71.8233
-73.7081
-71.8859
-75.127
-72.735
-73.4123
-76.2999
-72.9971
-71.5519
-72.8347
-72.7945
-73.5295
-71.4529
-71.2452
-71.4771
-74.5111
-72.2861
-72.7857
-72.5141
-71.7951
-69.9799
-71.9625
-73.0357
96022.1
-72.4417
-73.2936
-73.5074
-72.1857
-75.4214
-72.7192
-73.5763
-72.1908
-69.8329
-73.4299
-71.3402
-74.5268
-74.3648
-71.7957
-70.7988
-72.8451
-74.3686
-77.177
2.29786e+009
-74.6387
-70.2611
-70.9982
-73.5239
-69.4266
-73.6262
-74.7174
-71.8337
-73.2643
-71.8306
-70.6746
-74.7554
-75.1464
-74.3299
-65.9588
-72.747
-71.1667
-73.5963
-73.6924
-72.8753
-74.5111
-74.836
-73.5469
-69.8721
-69.0282
-74.481
-73.3646
-71.9232
-71.9321
-71.2217
-73.6277
-71.4436
-72.2367
-72.2807
-69.0528
-73.2347
-70.6694
-74.3278
-73.8679
-73.1113
-73.8901
-73.9055
-72.7072
-75.3113
-73.7331
-70.3641
-73.3374
-74.8252
-72.5275
-74.3256
-71.5002
-77.177
-72.4109
-72.3716
-73.9643
-74.363
-75.5893
4.54761e+006
-71.0878
-74.4234
-74.8176
-70.1235
-73.5475
-72.411
-72.4639
-75.2515
-72.1028
-72.3382
-75.2812
-73.0095
-73.4279
-72.835
-74.5268
-75.6004
-75.4214
-72.0664
-72.4639
-73.2666
-72.7022
-70.1141
-75.3321
-72.8801
-73.5995
-76.2101
-72.0593
-73.9069
-72.5112
-70.7408
-69.8074
-69.0807
-72.6966
-74.4376
-73.4313
-72.4388
-72.8869
-69.3832
-70.7103
-71.9399
-71.8104
-71.8104
-71.6432
-74.814
-75.2515
-72.9115
-70.7156
-74.485
-73.5602
-69.6642
-75.3155
-71.9318
-73.7724
-74.392
-73.8976
-74.9141
-72.0914
-72.7979
-73.8686
-75.2515
-75.3347
-73.9548
-67.299
-73.8112
-75.2812
-73.2472
5.9323e+006
-71.5556
-73.3233
-76.2999
-72.5666
-75.3321
-74.796
-72.9312
-73.583
-71.7752
-73.4678
-70.6094
-73.4041
-75.5893
-72.4639
-74.4376
-73.4226
-71.0825
-73.5236
-70.0795
-73.9121
-72.164
-73.2067
-71.1155
-75.3155
-74.6873
-74.3648
-62.5124
-75.2066
-72.4055
-72.1632
-73.59
-72.2267
-74.3679
-77.177
-69.6397
-74.7325
-75.2515
-71.1896
-74.5624
-72.7803
-73.8437
-70.6096
-71.7982
-72.1971
-73.8913
-72.9096
-72.1335
-72.8971
-73.5398
-73.474
-72.2586
-72.4127
-75.6004
-71.5849
-72.4151
-77.177
-73.1111
-74.5268
-71.9787
-72.4371
-74.2928
-75.3347
-74.2422
-73.6192
-69.4082
-70.8418
-73.4178
-72.8901
-71.8468
-71.5638
-73.8653
-71.5094
-74.1295
-75.5893
-74.7554
-66.772
-73.1612
-71.1164
-73.3634
-71.814
-72.4941
-74.0008
-71.8738
-73.9008
-73.6445
-74.1295
-72.4473
-75.2515
-72.4471
-71.8499
-72.2302
-77.177
-74.7554
-66.7812
-71.4197
-73.0508
-77.177
-71.526
-75.127
-73.5194
-72.9446
-74.5754
-73.7264
-71.4259
-72.3184
-74.392
-69.1052
-70.44
-72.2963
-72.0945
-72.5604
-73.1008
-75.2294
-71.8569
-72.8748
-75.6384
-73.8817
-71.8417
-73.8415
-71.6659
-73.1293
-74.3679
-72.2584
-72.6067
-74.363
-73.1157
-73.1673
-74.481
-73.6437
-71.9569
-72.0584
-68.9623
-77.177
-71.576
-72.8176
-74.3335
-75.5893
-72.195
-76.2999
-73.9431
-71.1144
-70.3593
-72.3956
-74.5335
-71.6157
-70.6398
-73.6492
-73.1495
-71.6783
-72.9964
-77.177
-71.8306
-73.0248
-73.5504
-70.9604
-75.6004
-72.8491
-72.8412
-65.4343
-71.686
-73.2416
-74.7325
-74.7268
-70.5774
-69.804
-71.272
-71.6575
-75.365
-74.3299
-71.7105
-75.5893
-71.1984
-70.8845
-73.3275
-71.8892
-69.7726
-70.7661
-72.2326
-75.3347
-75.365
-72.3331
-73.4536
-71.7945
-73.8295
-74.4196
-71.6625
-74.0946
-70.0187
-77.177
-73.8017
-69.8029
-75.3347
-72.3115
-73.5635
-71.8158
-74.0652
-74.7826
-73.731
-74.0255
-73.4385
-71.933
-72.4572
-76.2101
-73.5633
-71.6072
-71.458
-72.2655
-73.0459
-71.8667
-74.0946
-76.2999
-70.8375
-72.3989
-71.5479
-73.0508
-72.2558
-69.0095
-72.3121
-74.4898
-74.6309
-72.3194
-72.5342
-73.253
-72.9392
-73.8901
-73.5911
-72.2679
-75.3347
-72.6305
-74.9094
-70.981
-75.5893
-73.4089
-75.3113
-73.9036
-72.0541
-73.2936
-73.9896
-73.8829
-69.3636
-72.6523
-70.9835
-71.4371
-72.6933
-77.177
-71.7961
-72.0031
-73.6696
-72.3926
-72.5432
-70.6492
-72.607
-75.2294
-74.6873
-73.5815
-71.7153
-71.4744
-74.2297
-71.6747
-71.4371
-72.9689
-69.7959
-71.3379
-71.1812
-74.5754
-76.2101
-75.5893
-73.6262
-44.9721
-72.0772
-70.9442
-73.6375
-72.535
-74.485
-74.2928
-77.177
-73.87
-73.7563
-77.177
-71.3739
-73.719
-73.9431
1.5797e+006
-71.9486
-70.1965
-71.8311
-69.7284
-74.4148
-72.8661
-75.5893
-73.5601
-73.8467
-77.177
-73.3144
-71.5634
-72.3373
-72.891
-73.0397
-69.9203
-71.8526
-75.2066
-73.9008
-72.8709
-71.8406
-71.9647
-71.9484
-75.2812
-71.0807
-72.466
-72.2415
-72.4553
-76.2999
-75.3321
-72.6248
-68.3232
-73.5469
-70.0795
-73.8295
-72.9033
-73.5703
-72.8491
-73.0468
-68.8947
-72.4004
-71.447
-72.9412
-77.177
-72.4692
-71.6715
-73.8369
-71.954
-68.8241
-74.8108
-72.7935
-75.2515
-72.3861
-70.534
-77.177
-73.5995
-71.2984
-71.3142
-76.2999
-73.7554
-73.5601
-72.6242
-71.4714
-71.8978
-74.4196
-76.2101
-76.2999
-70.6095
-71.113
-71.0802
-74.8252
-72.9874
-73.2858
-73.7312
-70.5561
-72.0431
-71.9625
-72.3197
-71.7604
-72.8388
-74.0008
-75.2812
-72.8404
-72.1712
-73.2204
-74.735
-72.716
-70.6316
-74.6314
-69.6773
-71.7505
-73.6238
-73.5295
-73.5635
-72.3455
-73.7461
-74.735
-71.3049
-71.4074
-70.6945
-74.8291
-75.365
-72.5871
-73.205
-76.2101
-70.1503
-73.21
-74.363
-72.9379
-76.2999
-71.2371
-74.6152
-72.4147
-71.867
-73.6592
-75.3347
-72.229
-71.1485
-74.416
-73.9854
-73.8295
-71.8475
-73.0468
-72.4214
-71.8692
-76.2999
-72.4388
-68.752
-70.9505
-73.4311
-71.6996
-73.0209
-75.3347
-75.6384
-72.9266
-73.8529
-73.4648
-73.4095
-74.6271
-72.9501
-76.2101
-75.3113
-71.886
-74.3092
-69.3897
-71.9417
-73.4178
-72.9125
-70.4639
-73.7996
-74.8252
-70.9049
-72.6325
-73.7122
-71.1772
-75.4214
-71.4436
-72.383
-71.6042
-71.5649
-73.2146
-72.698
-69.1845
-71.1819
-71.5415
-73.0711
-73.6838
-74.7371
-75.2066
-71.7866
-70.6415
-71.5559
-69.3706
-71.8396
-71.2915
-72.3986
-75.127
-72.0698
-72.4151
-73.8581
-67.5467
-73.6656
-73.8829
-71.6908
-72.1653
-70.8116
-72.4799
-70.4324
-74.6314
-73.1944
-72.1793
-77.177
-75.6004
-73.4691
-71.6471
-72.159
-69.0893
-75.6384
-72.1908
-72.9394
-73.1113
-74.5111
-73.5563
-74.416
-73.4539
-69.9843
-73.9019
-71.2492
-72.3748
-68.7582
-74.5335
-71.9491
-71.9011
-77.177
-71.9452
-77.177
-73.9729
-71.2248
-72.6348
-73.2214
-75.2066
-72.4192
-73.9548
-74.5837
-75.3347
-73.9331
-68.3072
-73.947
-73.5398
-74.5111
-71.0133
-73.3116
-74.7826
-72.3888
-74.7268
-75.3347
-70.2568
-69.286
-75.2812
-72.227
-70.7151
-73.6924
-74.7371
-69.3263
-69.4916
-75.3321
-70.728
-74.2768
-73.4638
-75.2812
-74.3852
-73.1153
-73.5995
-72.5609
-74.9094
-73.4648
-75.3155
-75.2812
-71.7516
-73.8563
-71.9375
-73.8641
-71.954
-72.1
-71.462
-74.2928
-74.485
-74.735
-75.2812
-69.0048
-71.5595
-71.1884
-73.4044
-70.3239
-72.1464
-76.2999
-72.2807
-71.3534
-75.6384
-72.1647
-70.9193
-72.3681
-73.9331
-72.4596
-74.2928
-73.9643
-69.9072
-70.54
-72.5339
-73.7669
-73.0684
-75.365
-73.1285
-70.8538
-73.5828
-72.7762
-72.2326
-70.8809
-71.739
-70.2357
-69.5316
-71.4459
-74.2793
-72.4408
-72.366
-70.4985
-72.8287
-72.5343
-72.7022
305924
-71.6668
-74.7826
-70.856
-72.8287
-73.5841
-70.5463
-70.2074
-74.3627
-68.6638
-75.3113
-74.3092
-71.3307
-72.031
-72.0643
-73.6319
-69.0194
-72.5949
-66.6832
-72.9991
-71.9443
-71.9636
-68.7574
-72.2482
-71.1609
-70.5288
-72.4684
-74.392
-71.2434
-73.59
-73.7081
-73.4313
-72.3351
-72.471
-72.0455
-74.481
-75.0942
-73.1385
5.43165e+006
-68.6697
-72.9508
-68.6711
-72.727
-69.3375
-74.2579
-77.177
-77.177
-77.177
-73.7586
-75.1464
-77.177
-72.8453
-75.5893
-71.9682
-75.3113
-74.9094
-75.2066
-72.9446
-73.4759
-69.1139
-72.747
-69.1502
-71.887
-69.8937
-73.4089
-68.4289
-74.6387
-71.9152
-72.6584
-73.091
-70.3413
-74.3092
-74.7371
-73.2811
-75.1464
-72.6258
-73.7913
-71.6328
-75.127
-73.9036
-73.462
-73.8741
-72.654
-70.895
-70.0681
-73.5398
-73.4356
-70.962
-71.6709
-72.5066
-72.7389
-74.836
-70.9939
-74.3778
-73.7634
-73.5905
-72.2026
-72.8445
-72.5545
-69.3633
46201.8
-71.2207
-70.489
-72.8961
-71.9597
-73.5602
-71.5809
-70.2906
-72.1591
-73.3116
-71.7176
-73.2101
-74.1734
-73.4779
-73.2772
-72.2538
-72.6152
-71.8721
-71.6421
-71.6201
-74.5268
-75.5893
-73.1222
-71.7067
-69.5055
-72.9125
-73.2807
-73.3314
-74.039
-68.9558
-72.5694
-72.8867
-67.441
-73.7502
-72.4774
-71.7519
-72.8078
-73.8581
-73.0496
-71.098
-72.1961
-75.4214
-75.3321
-72.5364
-72.3326
-71.2262
-67.2641
-74.0255
-70.7875
-74.4696
-69.7939
-72.6126
-77.177
-73.5703
-74.9094
-73.3152
-75.5893
-74.0058
-70.8443
-72.801
-72.4307
-72.3582
-65.4592
-75.2066
-69.6372
-71.6042
-75.2515
-69.8585
-73.5
-72.7275
-73.3275
-70.9691
-74.6314
-72.4081
-74.4376
-71.3816
-70.4162
-73.1904
-72.4999
-70.1547
-72.5121
-72.0302
-72.6323
-73.9121
-73.4667
-73.5273
-71.9247
-74.735
-70.6855
-73.6402
-71.4096
-74.5111
-71.1464
-75.5893
-71.7593
-71.6189
-69.8068
-73.0535
-69.9684
-73.9643
-72.3888
-72.4678
-73.2914
-72.9556
-74.481
-71.9662
-73.4691
-75.1464
-75.365
-72.6296
-72.9272
-74.2928
-73.6238
-75.2066
-70.7024
-70.5979
-72.1517
-75.1464
-74.814
-75.3155
-72.164
-72.0721
-74.5754
-73.5488
-71.1442
-73.3611
-71.8733
-75.4214
-74.363
-74.4898
-75.5893
-76.2999
-70.8635
-73.6054
-72.0512
-72.7379
-72.7544
-42.0818
-71.9613
-73.5295
-72.9314
-74.8291
-70.7242
-75.2066
-73.3152
-70.7816
-69.4788
-72.4734
-68.7213
-76.2999
-73.2972
-72.5545
-74.3092
-76.2999
-69.698
-72.2326
-74.3778
-70.588
1.49721e+008
-72.5939
-73.0088
-74.6309
-72.0297
-73.8295
-73.5995
-73.5236
-77.177
-70.0162
-76.2101
-74.7325
-71.4699
-72.3969
-72.6659
-74.7325
-73.4558
-71.4826
-72.4424
-73.0161
-75.5893
-73.8815
-73.4047
-72.2262
-72.3433
-73.6368
-71.7483
-71.9424
-73.8526
-74.8291
-76.2101
-70.428
-72.025
-70.6861
104768
-72.4021
-72.1768
-73.9571
-76.2999
-71.5664
-70.7155
-77.177
-71.8719
-75.2515
-70.857
-70.8189
-73.2668
-72.7546
-69.5928
-70.5263
-72.2434
-68.9424
-73.5995
-69.0799
-72.3373
-74.6314
-74.485
-75.6384
-74.3299
-68.3913
-73.337
-69.8395
-72.6863
-71.4608
-73.9431
-72.0054
-72.7803
-72.4611
-75.3347
-73.6252
-75.5893
-74.4898
-73.6129
-73.0423
-72.2944
-70.6791
-72.4676
-73.9055
-76.2101
-71.6584
-70.4709
-71.645
-72.1221
-71.8306
-70.7975
-73.6751
-75.4214
-73.6257
-74.485
-70.8953
-74.2894
-73.756
-76.2999
-72.3496
-69.0202
-72.9393
-74.4234
-73.9334
-71.8154
-73.3219
-72.5195
-70.8598
-73.1305
-73.4963
-73.9416
-76.2999
-71.723
-73.4255
-75.365
-71.0066
-72.2841
-72.7838
-77.177
-72.4566
-72.6989
-73.405
-72.1398
-73.8209
-72.7829
-72.8986
-75.0942
-68.2744
-75.2066
-74.7554
-72.6467
-73.6751
-72.7971
-71.4698
-72.2921
-69.0284
-70.1877
-73.0659
-72.9854
-72.3808
-74.3234
-71.8228
-73.9741
-71.7586
-71.2501
-72.5075
-73.4299
-74.836
-71.5668
-75.3347
-76.2101
-72.9125
-70.4731
-73.6934
-74.7826
-71.1718
-69.7749
-76.2999
-73.5841
-73.8641
-70.8214
-70.3614
-71.5456
-72.1407
-73.345
-71.6597
-73.2586
-72.1597
-69.6243
-71.1629
-73.1947
-69.8787
-70.0255
-71.3648
-70.842
-72.6567
-75.3113
-72.5856
-75.5893
-75.1464
-70.96
-73.2934
-73.8976
-75.6384
-72.2586
-70.6211
-72.5458
-72.0651
-69.2648
-71.4292
-73.4621
-72.9599
-69.8687
-72.2698
-67.9033
-71.2809
-72.5017
-73.9643
-70.8866
-74.5624
-72.5122
-72.3433
-74.8252
-72.8725
-71.2007
-72.6413
-72.2262
-74.2928
-72.1353
-72.4254
-75.1464
-71.1215
-73.8653
-72.7616
-75.5893
-74.1233
-72.9266
-77.177
-74.0444
-71.447
-71.9069
-72.9404
-70.8404
-71.8997
-72.3718
-73.2067
-73.9342
-73.583
-73.1008
-74.3778
-77.177
-71.24
-75.3347
-72.3478
-70.195
-72.316
-69.4503
-74.5335
-74.6309
-72.0814
-75.3347
-73.3702
-73.6905
-70.9448
-70.8258
-71.0721
-73.462
-72.4548
-71.7284
-75.2515
-73.6319
-72.8575
-73.5074
-73.2014
-71.9093
-72.9178
-71.0563
-71.9787
-74.8252
-72.7473
-72.7583
-70.8273
-75.3347
-72.0073
-74.2695
-73.5504
-70.9665
-73.1729
-72.9963
-70.9671
-74.2723
-74.2422
-73.4667
-70.703
-75.6004
-72.0087
-70.6714
-72.1828
-72.1607
-72.6224
-70.8335
-73.4648
-71.0357
-73.8679
-75.2294
-71.9307
-71.7485
-72.8266
-72.446
-73.8805
-75.0942
-72.8597
-72.212
-72.0912
-71.0346
-76.2999
-70.8984
-75.1464
-70.9945
-71.9105
-71.65
-73.4385
-69.9128
-73.2697
-74.3648
-76.2999
-74.5837
-74.3234
-77.177
-70.7499
-74.4061
-72.9942
-72.164
-73.443
-68.7884
-73.3152
-70.4192
-73.2851
-73.59
-71.4449
-72.1339
-72.1545
-71.3454
-73.8939
-73.1541
-71.0926
-71.0711
-74.2793
-73.4648
-69.2763
-67.7009
-68.1052
-74.3679
-73.216
-69.926
-73.5276
-71.8568
-72.7022
-77.177
-71.9342
-77.177
-69.5046
-69.1875
-71.9207
-72.0771
-72.6413
-74.1734
-71.0625
-67.4225
-71.3817
-70.7983
-72.8869
-75.5893
-72.6046
-72.8287
-72.2992
-73.9086
-71.5982
-74.4032
-74.7174
-75.2294
-71.4951
-72.4299
-73.4089
-71.4755
-75.2294
-71.6329
-71.7098
-73.6838
-73.0317
-70.912
-70.5902
-72.5567
-77.177
-74.5335
-72.9599
-75.6004
-72.8692
-72.1548
-73.8467
-73.921
-73.6441
-74.4234
-69.1437
-72.4154
-74.2297
-71.4617
-70.8163
-71.1993
-71.051
-72.5403
-73.9729
-76.2999
-72.3458
-69.1192
-67.826
-77.177
-73.6751
-73.5995
-77.177
-74.2894
-73.6492
-72.7353
-74.6387
-72.9096
-68.4803
-72.9622
-73.8257
-71.4291
-72.522
-77.177
-72.298
-77.177
-75.3113
-71.5877
-70.8746
-72.3704
-74.3648
-72.3788
-74.5624
-73.0095
-74.0255
-73.3924
-71.6502
-74.3627
-74.8108
-71.7487
-72.3412
-75.5893
-73.253
-73.4539
-69.5231
-72.4433
-72.2194
-73.0882
-74.6387
1.13785e+008
-70.6234
-73.069
-73.8686
-72.7366
-73.9378
-71.2452
-74.4148
-74.5111
-73.2456
-72.2437
-74.6873
-71.3777
-72.6966
-72.3851
-72.8744
-72.4109
-74.8108
-71.817
-72.0476
-69.4748
-73.0007
-72.458
200603
-73.6855
-70.7712
295546
-72.4081
-72.1792
-71.5586
-75.5893
-70.3966
-75.3113
-75.2812
-74.8291
-75.2812
-71.1976
-73.9483
-77.177
-71.9418
-70.49
-70.5205
-74.7554
-70.6342
-72.5391
-74.9094
-72.6015
-74.1815
-74.5111
-71.8014
-68.0226
-77.177
-73.8542
-75.0942
-73.013
-73.2972
-71.8559
-73.1131
-72.3563
-73.5398
-72.2012
-75.3321
-74.2884
-69.288
-75.5893
-73.4089
-75.2812
-66.9926
-73.216
-73.5
-70.6905
-74.8176
-72.4316
-72.3084
-72.0116
-70.2995
-72.4441
-71.7009
-73.0991
-74.4597
-74.9094
-73.2643
-73.8641
-72.4397
-73.1584
-73.9431
-72.0297
-74.0652
-71.0218
-69.5625
-69.4437
-71.7318
-74.7174
-72.725
-72.9553
-73.0942
-72.4323
-74.7554
-73.8741
-74.796
-74.6271
-72.9717
-72.5103
-72.1331
-72.7264
-72.8166
-71.5714
-73.5633
-75.2066
-71.6532
-72.7971
-74.6873
-72.3366
-72.4936
-74.2723
-72.6786
-75.3347
-71.105
-69.5594
-72.2966
-72.2306
-72.6562
-71.8338
-73.7554
-72.3248
-73.2416
-70.5363
-72.7762
-75.5893
-72.4054
-73.8657
-69.9411
-70.888
-74.3679
-74.4376
-71.4627
-73.4536
-73.9571
-75.4214
-73.9259
-73.3966
-70.9871
-75.5893
-73.8901
-67.0609
-73.1075
-71.5393
-69.5056
-68.7663
-72.4848
-70.5584
-75.3347
-72.3895
-73.8295
-71.4322
-71.3604
-69.7099
-66.6271
-71.9282
-71.3365
-72.1855
-72.3895
-71.3603
-72.7108
-71.3147
-75.3347
-75.2515
-70.8155
-73.2383
-74.2422
-71.942
-71.7752
-72.1267
-72.5921
-64.501
-75.1464
-72.6202
-71.9054
-72.2565
-73.6656
-73.2807
-72.885
-73.8603
-74.4234
-74.3805
-73.3941
-72.5066
-73.9121
-71.0095
-72.002
-73.5744
-72.137
-72.9057
-74.7554
-72.3112
-73.4733
-73.7122
-72.4157
-70.2798
-72.3074
2.84651e+010
-73.9416
-71.4417
-72.8166
-73.8437
-77.177
-74.363
-73.4779
-70.1668
-72.8937
-74.5268
-73.6127
-73.1714
-74.5268
-73.3012
-77.177
-75.2812
-72.4085
-74.4196
-70.5215
-74.7174
-75.365
-75.4214
-71.6204
-71.2274
-72.8316
-72.8148
-72.869
-72.1302
-72.18
-73.5815
-75.1464
-74.3383
-72.8078
-73.345
-70.819
-70.8311
-74.485
-75.2515
-71.6623
-74.481
-73.1045
-73.0942
-71.8357
-71.3996
-74.8108
-73.9416
-74.9094
-71.6686
-73.216
-73.3422
-72.389
-72.2958
-72.5394
-73.5398
-73.7991
-72.2289
-73.7632
-74.7826
-70.8701
-75.3155
-70.1795
-71.8284
-75.1464
-65.9803
-73.6656
-71.6079
-73.8741
-69.7173
-77.177
-77.177
-74.8291
-74.4597
-69.1046
-73.2937
-72.2427
-73.9571
-72.9503
-75.6384
-72.4522
-75.1464
-73.2914
-73.7481
-71.527
-70.8338
-72.642
-73.7554
-68.8914
-72.5254
-71.3022
-71.5938
-76.2999
-72.3244
-73.4178
-73.6375
-71.6233
-75.5893
-72.0776
-72.7228
7.70807e+006
-76.2101
-71.5411
-70.8205
-72.4057
-73.6496
-74.8176
-68.3979
-73.3314
-74.8252
-74.3627
-72.1683
-73.7331
-72.7052
-73.2214
-69.4051
-73.8679
-71.5464
-72.9672
-72.7923
-72.5012
-70.7202
-74.1734
-73.8362
-70.4834
-72.6431
-75.6384
-70.4718
-71.1904
-71.4739
-73.1198
-75.5893
-72.3836
-71.0652
-73.7586
-69.4065
-73.8784
-73.0414
-73.0199
-73.4779
-71.8625
-73.5995
-75.2515
-72.0957
-72.7577
-71.1319
-74.2957
-75.4214
-73.045
-72.2768
-71.393
-75.1464
-64.5579
-75.3347
-74.836
-73.4667
-67.2401
-73.0398
-71.1709
-75.2294
-72.6046
-74.4196
-71.5033
-73.0406
-72.9299
-73.2934
-75.0942
-72.5247
-70.9824
-72.5485
-71.9258
-77.177
-73.3937
-70.9165
-72.6544
-77.177
-75.3113
-72.9196
-71.1566
-73.7062
-73.5175
-74.3299
-68.9803
-73.1398
-72.3964
470910
-73.0808
-74.2768
-72.3355
-76.2999
-72.7324
-72.7201
-70.7996
-73.4979
-72.5548
-69.7548
-71.9526
-73.6952
-72.4265
-77.177
-71.8499
-73.0515
-69.1276
-70.9172
-71.4419
-71.2724
-73.9121
-70.899
-73.6496
-75.2812
5.36682e+006
-72.9179
-72.7209
-72.2393
-73.4759
-75.3155
-70.4846
-72.7192
-74.9094
-72.5806
-73.2937
-71.7594
-71.3046
-75.2812
-73.4979
-73.7412
-72.541
-75.0942
-66.9142
-75.365
-74.735
-73.6656
-72.1943
-77.177
-72.856
-73.7796
-74.1673
-73.4721
-72.9863
-72.9524
-74.4061
-73.0491
-73.0397
-72.0363
-71.8175
-72.0468
-71.5036
-71.1856
-72.6413
-76.2101
-74.4148
-72.9692
758265
-73.0942
-73.3941
-72.4302
-71.136
-74.2248
-76.2101
-71.5433
-71.9739
-68.1722
-70.2355
-74.2723
-71.8558
-74.3299
-71.5403
-73.6437
-77.177
-71.7017
-72.3145
-71.0926
-74.0946
-73.9388
-70.2171
-70.9092
-69.4449
1.18407e+006
-68.8933
-73.8725
-71.8463
-77.177
-71.9866
-73.4041
-71.697
-71.8479
-72.7306
-73.1888
-77.177
-73.2767
-72.9862
-72.1792
-71.1016
-72.0567
-72.4436
-73.5108
-72.7306
-73.9086
-70.422
-71.8378
-72.8132
-72.7935
-71.9147
-75.1464
-71.9833
-70.7741
-70.8353
-69.7301
-72.6479
-73.8816
-73.6346
-73.7081
-74.2723
-70.3615
-71.9258
-75.3113
-74.5624
-72.8035
-72.3408
-75.2066
-70.9758
-73.4599
-73.0007
-72.0805
-70.1051
-74.6271
-73.5239
-71.4102
-74.3686
-73.5703
-70.9346
-72.6312
-74.7174
-73.0943
-73.4953
-75.3321
14635.7
-72.4448
-74.6309
-70.8205
-72.0357
-75.3113
-72.4066
-75.3321
-74.2793
-74.8176
-72.7192
-70.3089
-74.5111
-73.0543
-73.1001
-72.8618
-72.2087
-75.4214
-69.8418
-71.4105
-72.2893
-74.3092
-70.5939
-74.814
-73.2937
-66.7967
-73.2054
-72.6386
-74.8176
4.62675e+006
-68.7953
-70.921
-73.9098
-75.3321
-72.4553
-74.3227
-71.2492
-75.3113
-73.3541
-73.1862
-71.6575
-73.4648
-70.6056
-72.6278
-77.177
-71.6186
-73.2643
-68.1349
-73.9172
-74.796
-73.6096
-73.5859
-73.9371
-71.9075
-77.177
-73.7481
-72.716
-71.6481
-73.8257
-74.7371
-73.8759
-73.8603
-72.3308
-71.558
-72.9137
-75.3113
-75.127
-71.5036
-72.1378
-73.083
-70.7526
-72.0091
-75.2066
-73.7122
-64.6231
-71.8625
-74.3648
-70.5753
-74.7325
-72.0737
-74.2884
-73.8817
-71.0443
-71.5045
-73.4984
-72.9971
-73.8939
-76.2101
-71.7882
-71.1326
-73.1075
-77.177
-73.8805
-75.5893
-70.4996
-71.4885
-77.177
-72.8785
-71.5281
-73.4667
-72.5186
-73.0095
-73.5763
-73.7634
-75.5893
-72.9445
-73.0423
901361
-75.2066
-75.2812
-71.0347
-69.2745
-70.2854
-75.3321
-71.5375
-71.7616
-75.5893
-72.9392
-75.6384
-71.4887
-76.2999
-71.1215
-75.2294
-77.177
-76.2999
-73.4621
-74.3299
-74.6387
-73.6952
-73.0808
-73.389
-71.84
-73.2438
-71.4791
-71.8079
-73.8437
-70.4304
-72.541
-73.0569
-74.4061
-72.9504
-66.6082
-74.5268
-73.9554
-73.1578
-70.7775
-72.3739
-72.3748
-74.2928
-74.1861
-71.4656
-69.4588
-76.2999
-73.5859
-73.4365
-74.836
-73.6238
-74.3092
-75.4214
-71.9797
-69.0874
-72.471
-69.6816
-74.4127
-73.5995
-73.3422
-77.177
-73.2236
-66.1572
-72.7113
-69.8752
-72.3308
-74.0022
-73.9416
-71.3118
-72.6311
-72.3669
-65.6564
-73.3343
-69.3788
-73.5473
-73.8542
-74.8108
-72.7971
-72.8527
-74.7268
-71.9518
-73.9151
-70.3669
-71.0124
-73.0397
-73.3116
-77.177
-75.2066
-72.7484
-70.4877
-70.9019
-72.0315
-74.814
-71.251
-72.8347
-73.8634
-69.6033
-73.9086
-74.415
-73.5413
-70.3684
-77.177
-71.522
-73.3924
-67.8663
-69.1556
-73.1222
-70.3102
-73.6016
-73.6016
-74.6271
-74.796
-71.8074
-73.0006
-70.3445
-71.9288
-72.9954
-73.9055
-73.2317
-73.5128
-71.3773
-70.5109
-76.2999
-75.3347
-70.9075
-73.9416
-72.5352
-73.3941
-73.2993
-71.4895
-73.0035
-71.3771
-71.7052
-72.5473
-72.8301
-74.5335
-72.7351
-75.3113
-72.7139
-73.9055
-75.6384
-73.5108
-75.2812
-72.5412
-72.1096
-72.1327
-75.2066
-69.8276
-71.3296
-74.0972
-72.3669
-72.2821
-70.0089
-73.5635
-70.6398
-75.3155
-72.0243
-72.2948
-75.2515
-74.7174
-72.5836
-73.2146
-77.177
-73.0357
-72.8445
-74.796
-69.7848
-73.87
-75.5893
-70.3222
-74.4696
-71.5416
-69.7589
-70.0464
-73.2772
-72.0884
-73.5654
-72.1117
-75.3113
-73.6129
-73.9008
-73.6368
-75.6384
-75.3347
-72.2922
-75.3113
-77.177
-70.1794
-72.4881
-74.8114
-74.4898
-73.5108
-75.2294
-73.947
-72.6386
-73.59
-72.0778
-72.8869
-75.2812
-72.7264
-70.2424
-76.2101
-73.1561
-73.0508
-72.6849
-75.5893
-75.3113
-69.3065
-73.6129
-75.2812
-73.0337
-73.2076
-72.9475
-74.3256
-72.3766
-73.1541
-69.4806
-73.0161
-74.4376
-74.3679
-72.8937
-77.177
-75.0942
-76.2101
-72.1632
-72.8375
-73.6277
-71.9644
-73.7634
-75.2812
-74.8291
-72.0407
-72.2655
-72.5254
-72.5966
-72.4104
-73.4311
-70.1362
-71.1151
-71.3331
-75.2812
-71.797
-73.9121
-71.3242
-72.363
-75.0942
-73.0552
-75.5893
-72.8957
-72.4722
-75.2515
-73.7724
-73.756
-71.1091
-73.4733
-75.5893
-74.5268
-70.6159
-73.7293
-71.7022
-72.5201
-72.6532
-71.4972
-72.917
-70.6009
-70.2245
-71.8315
-74.0058
-71.7304
-73.8976
-73.8829
-73.583
-74.3688
-75.5893
-75.127
-71.5058
-71.3154
-72.8412
-73.1299
-71.5472
-73.5398
-68.2904
-71.8728
-70.4894
-71.7756
-74.7576
5.47525e+006
-70.8288
-76.2101
-71.5654
-73.9896
-75.4214
-69.1577
-75.6384
-71.9396
-73.3924
-68.8023
-72.4994
-71.9862
-73.5703
-70.8205
-69.7493
-71.6488
-70.0404
-72.5691
-72.1933
-71.8443
-72.4554
-72.358
-72.4858
-72.4684
-75.4214
-75.365
-71.4735
-75.5893
-73.6492
-75.4214
-69.2826
-72.6634
-73.2934
-73.7122
-70.6721
-77.177
-74.0255
-72.4941
-70.0452
-74.3227
-71.211
-77.177
-72.3962
-72.3254
-68.5463
-73.5504
-73.1135
-75.4214
-74.392
-69.8075
-75.4214
-72.3121
-72.3465
-73.8063
-73.8526
-69.4043
-72.0623
-70.9513
-73.4599
-73.635
-70.4699
-73.7512
-70.0677
-73.4759
-71.6761
-72.1792
-73.0205
-73.0508
-71.9192
-74.0652
-72.0803
-72.1514
-68.8597
-72.1406
-75.1464
-75.3347
-75.2066
-77.177
-72.0733
-70.7931
-74.8252
66884.8
-73.756
-74.6314
-75.3113
-71.7495
-72.5338
-71.7475
-73.1889
-73.4754
-75.2515
-72.6248
-69.4512
-72.4916
-69.594
-73.7586
-72.4616
-74.5624
-72.7072
-75.3155
-73.8529
-69.883
-72.1913
-73.6096
-72.274
-72.9053
-75.3113
-72.6332
-71.7106
-72.9508
-73.0168
-72.1607
-70.622
-72.1353
-73.4089
-73.0754
-73.3314
-74.836
-72.5075
-71.9308
-74.0058
-72.5106
-72.3695
-73.4279
-70.1132
-70.6459
-71.9171
-73.1226
-75.3113
-77.177
-76.2999
-73.5841
-75.5893
-71.4719
-73.4484
-70.7764
-74.7554
-74.2579
-73.5052
-71.768
-72.6948
-75.2515
-70.5049
-75.3155
-74.8108
-74.6364
-72.3871
-74.5111
-69.6664
-74.7325
-71.4367
-72.8316
-73.0714
-72.9005
-72.6189
-71.5093
-71.9359
-72.716
-73.091
-71.3437
-73.0161
-77.177
-74.8108
-73.3941
-68.6215
-71.7706
-74.481
-74.735
-70.8953
-77.177
-74.0972
-71.1549
-72.2164
-76.2101
-73.7563
-77.177
-74.2723
-72.8579
-72.716
-75.1464
-74.814
3.33825e+006
-72.2096
-75.3347
-68.6113
-71.1375
-72.1906
-72.3312
-67.5514
-74.7826
-74.4061
-71.8196
-72.4521
-76.2101
-75.6384
5.6409e+006
-72.0388
-73.0871
-72.0143
-74.481
-74.836
-70.7031
-72.8251
-75.6004
-71.8428
-75.2294
-75.3321
-73.2101
-71.148
-72.8279
-72.3698
-69.0778
-71.0994
-71.7725
-72.8808
-75.3347
-74.836
-71.0305
-72.471
-72.4014
-74.814
-72.8875
-75.3347
-74.0022
-71.0386
-74.7174
-73.7193
-73.5475
-73.1008
-73.443
-68.4986
1.08101e+006
-75.2066
-73.4648
-74.796
-72.1315
-72.0945
-71.6201
-74.7268
-71.5843
-71.6792
-75.5893
-68.7772
-70.8138
-71.9069
-71.4366
-74.5624
-70.8429
-73.0508
-69.5932
-77.177
-71.2816
-73.1853
-69.8188
-72.5567
-71.4958
-74.8114
-73.7563
-74.6729
-71.7704
-68.7533
-77.177
-73.0702
-72.6567
-69.7683
-74.039
-69.8074
-73.5434
-71.9535
-73.8467
-73.9416
-69.3998
-72.2835
-70.4929
-73.2134
-74.7174
-75.4214
-74.7325
-73.5197
-71.8577
-73.1673
-70.8491
-72.0045
-74.1734
-73.9741
-70.9419
-73.9086
-71.5101
-71.3737
-75.2515
-71.7479
-74.836
-72.0057
-71.689
-71.6394
-66.5404
-75.2812
-69.6091
-74.7826
-75.4214
-75.2812
-73.7796
-71.2487
-73.9069
-69.2133
-75.5893
-69.4851
-71.6435
-71.8693
8.22479e+009
-72.8957
-72.0407
-73.7481
-73.1059
-73.2643
-75.365
-75.3321
-73.5763
-73.21
-74.6314
-71.087
-74.814
-74.2579
-68.7223
-73.205
-71.1711
-70.7415
-72.3737
-70.9827
-73.2972
-69.9286
-72.6636
-69.7859
-73.4953
-72.8441
-70.7641
-71.2831
-73.8563
-72.5805
-74.2884
-72.2063
-70.559
-70.6182
157954
-72.7549
-73.7563
-71.3122
-72.2498
-71.6464
-72.8388
-73.7081
-77.177
-71.8299
-75.1464
-70.153
-73.1316
-71.2502
-71.9284
-69.8275
-71.9075
-77.177
-75.2515
-72.4059
-74.5111
-77.177
-72.1353
-73.6375
-74.363
-73.1145
-74.3852
-74.7826
-71.9783
-70.6822
1.12485e+007
-70.2998
-73.0744
-73.9571
-73.9989
-73.1871
-70.6398
-74.4898
-71.2665
-73.5239
-73.1647
-68.9831
-72.3649
-73.3822
-71.5375
-69.7776
-72.6046
1.60749e+007
-73.9551
-73.5633
-70.2198
-74.4061
-73.9334
-72.8744
-73.5413
-70.7466
-76.2999
-74.039
-72.6413
-73.4779
-72.6989
-71.2526
-74.7826
-72.7198
-71.2353
-73.2017
-73.5659
-69.3512
-71.5791
-71.6922
-72.2132
-73.0517
6.03451e+006
-73.4645
-71.2397
-72.9593
-75.2515
-75.5893
-72.383
-74.1362
-72.393
-75.4214
-73.2116
-71.9933
-73.1271
-74.392
-72.5966
-69.2057
-72.8148
-73.9156
-72.9642
-72.2774
-72.8612
-73.289
6.45573e+006
-70.2715
-73.0763
-74.8114
-73.0053
-73.234
