3.34296e+012
6.92926e+008
2.44022e+009
2.67458e+007
1.33503e+006
6.40255e+007
1.97819e+013
1.06294e+011
3.49413e+008
5.64046e+007
1.42414e+010
2.36475e+008
131760
2.87868e+011
1.67306e+009
9.4236e+009
2.10446e+009
5.88591e+008
3.20442e+007
3.49684e+008
9.82233e+006
4.98737e+008
1.08454e+013
3.36464e+006
2.96576e+008
6.94987e+006
9.66233e+008
527680
1.09361e+007
4.80322e+006
3.0298e+008
1.95588e+007
8.27489e+009
7.9705e+007
2.38273e+008
4.15414e+007
1.193e+007
4.42476e+007
1.3135e+011
6.5668e+011
1.83686e+011
9.72384e+009
3.19193e+010
1.25364e+011
8.89766e+007
4.06798e+007
2.26386e+009
8.12689e+011
4.61092e+007
3.22157e+009
1.66768e+011
2.05288e+010
8.44915e+009
1.10374e+016
9.67672e+006
3.79365e+007
1.22934e+006
7.01512e+006
3.70399e+006
3.96835e+008
7.38285e+016
3.79565e+006
1.27079e+006
3.40295e+006
2.05712e+007
1.57401e+011
1.00055e+008
1.88568e+009
7.11943e+007
1.67376e+010
1.23647e+007
5.53136e+008
5.1307e+008
2.91971e+017
4.73548e+007
3.82625e+014
4.21245e+011
165483
1.34447e+008
8.37247e+007
2.67373e+009
2.39281e+008
4.65595e+008
2.57918e+010
1.67371e+009
1.89306e+009
1.9753e+007
1.45787e+008
2.40248e+009
2.21381e+017
7.73532e+008
1.87251e+007
1.95749e+010
7.72752e+006
9.34221e+006
6.31964e+013
1.61252e+008
2.84942e+007
8.53758e+007
1.03504e+009
2.60684e+007
5.74585e+009
7.74793e+008
8.44564e+012
1.82514e+008
2.3456e+008
9.92872e+008
5.03029e+007
6.03457e+008
2.19752e+011
2.26883e+008
1.88869e+007
1.43588e+006
5.76477e+006
4.58611e+006
2.05306e+008
1.47992e+008
1.42019e+007
1.15238e+007
1.2387e+008
2.20877e+007
260550
1.32204e+007
7.15951e+013
5.0982e+011
1.94923e+007
3.61628e+008
2.39188e+012
6.68559e+007
6.83048e+016
8.18964e+006
2.94555e+009
1.50475e+010
3.57683e+010
2.41698e+007
2.10832e+009
2.63234e+007
1.67437e+009
2.23726e+006
5.69294e+008
1.57504e+013
2.01936e+006
3.49509e+007
5.82034e+007
1.61031e+006
4.91161e+008
8.69459e+009
4.05687e+007
1.82229e+008
1.30695e+009
1.97187e+010
1.11335e+006
6.87672e+007
9.65766e+010
4.64739e+006
1.11601e+008
4.59191e+006
4.76282e+011
2.26467e+008
2.07381e+008
2.32465e+006
7.15595e+007
1.60853e+009
5.04428e+007
1.15691e+008
5.33883e+009
573744
76949
6.18027e+006
232217
6.05553e+006
4.99584e+006
1.27808e+008
1.0314e+010
1.5814e+009
2.34158e+007
5.25351e+008
5.8123e+010
2.92625e+013
6.26441e+009
4.62176e+010
2.20143e+007
3.93544e+009
1.77401e+009
1.71067e+008
2.32617e+012
295328
3.48455e+007
3.62122e+014
1.47809e+008
1.12791e+009
3.03676e+009
6.92773e+007
2.64964e+008
1.8403e+009
2.19813e+019
3.85123e+009
5.17924e+009
9.15674e+011
8.63046e+007
3.39663e+006
2.79837e+007
5.40257e+011
7.63519e+006
1.11327e+009
1.16205e+007
1.40653e+017
1.71565e+008
2.70012e+011
2.51716e+007
5.78372e+011
4.89129e+006
2.34415e+008
1.81223e+006
2.1125e+011
2.66714e+011
1.75887e+010
1.6879e+008
3.73946e+008
1.41838e+006
1.19321e+017
1.11696e+009
1.80831e+008
3.41831e+009
8.93382e+006
2.29534e+007
1.70721e+007
1.12314e+011
4.5725e+016
1.60459e+009
5.67255e+008
3.61634e+011
2.18449e+007
1.21519e+009
2.78864e+008
1.02526e+008
1.92591e+008
1.65933e+012
7.1187e+008
1.21311e+007
1.24886e+012
3.21434e+009
7.74984e+010
1.16246e+009
7.15344e+006
236313
1.29051e+007
9.91598e+007
2.50687e+006
1.3898e+006
3.04018e+008
669749
5.23382e+010
2.39422e+008
1.3366e+010
1.13135e+010
2.19445e+006
3.46211e+010
6.17241e+012
2.90913e+008
1.50921e+008
6.837e+007
5.47388e+007
1.32001e+007
1.50288e+012
1.19629e+007
6.75063e+012
1.59994e+008
3.68304e+009
9.35549e+008
7.62729e+008
1.75895e+009
1.26903e+011
1.67233e+013
1.79435e+006
2.11921e+011
1.12329e+006
3.55094e+008
9.00123e+009
3.14167e+006
8.24559e+008
7.43934e+012
2.04417e+008
6.397e+006
3.79085e+006
6.25524e+012
1.10888e+008
1.32185e+007
2.49267e+011
5.96109e+010
8.17862e+008
4.81877e+008
3.21135e+007
2.38891e+010
5.02955e+014
3.08181e+009
1.67933e+012
9.6621e+007
4.70051e+012
1.55554e+006
1.29109e+006
4.56923e+006
4.87626e+009
2.2983e+009
136125
3.05748e+009
7.9391e+006
5.75804e+006
3.15568e+006
2.16027e+009
6.75781e+008
5.75326e+010
1.9907e+009
4.11089e+007
3.68264e+007
9.90439e+006
1.02757e+006
4.00504e+010
2.57784e+007
7.22632e+007
1.00607e+009
2.09446e+006
1.66731e+010
208315
6.31885e+012
4.20618e+012
1.38368e+008
1.6997e+008
459873
1.54728e+009
1.15002e+007
5.26171e+008
2.39488e+012
9.27544e+006
1.68762e+009
1.30985e+007
4.61581e+010
8.99237e+013
1.56423e+011
282380
3.80556e+012
6.80568e+007
1.9327e+010
330739
9.99638e+007
2.27362e+010
1.11382e+009
5.40401e+006
1.21323e+007
1.15433e+008
1.27821e+012
8.22289e+007
8.84974e+008
5.32004e+008
7.96863e+007
2.72763e+009
4.10502e+007
2.06135e+011
3.76956e+008
2.34164e+008
5.98847e+008
3.19721e+006
7.6085e+009
1.61209e+007
9.50187e+006
1.61182e+008
1.15981e+009
7.74587e+007
3.81055e+011
7.94241e+006
7.60445e+014
3.90564e+014
3.73611e+008
7.42337e+009
1.43999e+007
1.00923e+008
2.21752e+011
5.44246e+010
6.18344e+014
78535.1
3.17133e+006
3.49806e+008
2.77575e+007
2.10062e+007
666383
1.33116e+008
1.88962e+011
7.89011e+006
1.03473e+006
1.5748e+011
32101.2
1.29434e+012
1.14147e+007
1.56038e+007
4.32251e+011
5.07513e+007
8.24974e+006
1.72415e+007
3.8317e+007
3.22785e+008
2.65676e+008
1.25812e+010
1.8352e+008
1.68561e+014
792848
2.67649e+010
1.23204e+009
4.61748e+007
2.55246e+007
9.82857e+008
4.04982e+008
7.79658e+009
6.49637e+007
4.38872e+008
1.52864e+009
3.23352e+007
8.48586e+008
8.4706e+010
3.55277e+008
1.58909e+011
1.06158e+006
1.18415e+008
5.15874e+010
1.41164e+010
3.87069e+008
1.2274e+007
1.30462e+007
1.83213e+007
1.55496e+007
6.92874e+011
7.11791e+009
1.06542e+006
62478
223690
5.88982e+007
1.53843e+010
3.02696e+007
1.44604e+012
6.81938e+009
2.17578e+007
1.11354e+009
205719
2.11033e+007
7.42374e+015
4.19212e+007
6.21755e+009
1.63756e+009
163662
2.63546e+008
4.56157e+007
4.85735e+006
2.86363e+006
1.34489e+010
2.31234e+007
2.54464e+008
1.58175e+016
2.36525e+007
1.96271e+009
2.09472e+006
4.61125e+006
1.68751e+007
3.7601e+006
1.27632e+009
1.38429e+014
4.91235e+008
6.0734e+007
2.04095e+009
5.58056e+012
2.12059e+009
6.42917e+007
1.16141e+008
5.29416e+010
3.11552e+009
2.99948e+009
8.02656e+006
3.41222e+006
3.90936e+011
2.01848e+009
2.52888e+012
2.45614e+007
2.86762e+007
2.15313e+008
1.06691e+015
6.42764e+006
1.73312e+010
5.20682e+008
3.73228e+007
5.03606e+007
4.24468e+006
4.00197e+006
1.67644e+009
1.89741e+007
1.16931e+010
200291
2.32781e+007
2.09075e+008
4.80219e+006
8.75673e+006
6.87516e+009
6.79661e+012
1.20644e+006
3.58249e+009
5.50417e+006
2.72857e+007
8.98475e+007
5.14255e+010
8.95446e+008
2.21134e+009
1.00196e+006
6.95775e+008
7.02998e+006
194584
631013
4.05206e+010
5.64135e+006
4.44577e+009
774499
8.9205e+006
3.11104e+008
9.58554e+007
2.50332e+008
2.30189e+009
1.52149e+011
1.40792e+006
9.19322e+006
1.63308e+008
9.06725e+007
3.78872e+013
2.72813e+009
27201
4.42379e+008
6.34368e+009
5.59497e+008
247483
2.21134e+007
2.36584e+007
6.9683e+009
1.95209e+010
7.12798e+007
2.06145e+013
1.40724e+007
9.25035e+007
6.73117e+008
1.49569e+008
4.44511e+006
2.1905e+011
3.15415e+006
1.56328e+010
1.12782e+007
377799
1.37615e+008
4.5107e+006
5.75227e+006
2.98872e+008
8.99509e+011
5.15087e+008
2.97867e+009
4.43338e+007
4.95785e+006
7.81452e+008
3.73474e+009
9.21447e+007
4.36218e+006
1.89725e+012
5.6142e+008
1.43962e+006
1.62037e+008
5.29548e+013
1.58881e+012
1.50824e+006
3.49146e+008
2.64407e+009
2.25475e+012
1.28235e+011
5.30226e+010
9.07516e+009
4.13746e+007
4.03557e+006
476964
2.16798e+008
6.87859e+008
1.48742e+006
2.85642e+009
2.39757e+007
1.33913e+007
7.6907e+010
1.16194e+008
4.72513e+007
1.94325e+007
1.26205e+007
1.19428e+012
1.93863e+008
1.61662e+007
6.81484e+006
1.62547e+006
4.69319e+010
2.94047e+009
312709
2.42673e+006
9.86673e+007
5.19275e+007
2.93317e+006
9.58661e+006
2.15617e+006
2.90864e+011
1.22012e+006
2.96714e+007
7.32394e+007
5.42215e+006
5.89764e+006
9.235e+009
322579
138599
2.86213e+008
2.9112e+008
1.37163e+006
2.2329e+008
2.48842e+009
2.05414e+007
3.09134e+006
1.71686e+009
1.8122e+007
1.40556e+007
38075.9
3.97739e+008
2.62364e+006
2.03946e+007
1.96384e+010
3.48803e+009
3.24984e+007
3.91101e+011
360301
1.02157e+006
1.12689e+007
7.48129e+007
893332
1.35289e+012
7.07269e+006
1.78224e+010
2.88729e+011
5.12344e+007
3.73844e+007
3.1865e+008
9.91139e+010
2.77757e+009
1.07287e+008
1.47751e+006
2.96254e+008
9.51036e+007
4.91113e+007
1.04792e+010
9.64299e+009
2.33344e+009
8.80714e+007
1.99061e+009
3.22725e+007
4.74601e+007
6.50137e+007
273388
6.63153e+007
6.98304e+006
1.46859e+008
1.07e+007
8.72609e+008
1.44754e+012
9.12036e+007
1.84559e+007
1.17535e+008
1.5489e+006
1.83129e+010
4.61581e+008
2.51545e+006
1.72103e+013
5.60574e+007
134196
9.48771e+007
8.77771e+006
2.6979e+006
9.79937e+009
2.51383e+010
1.78852e+007
8.70842e+010
4.13808e+007
1.73674e+010
6.54478e+008
4.60391e+008
4.21056e+006
4.97728e+009
3.87693e+008
228431
3.37408e+008
1.52232e+007
2.52888e+006
7.00563e+008
4.12343e+007
8.13855e+007
3.39282e+006
1.29894e+009
1.99969e+009
5.00187e+009
2.92931e+010
6.95856e+006
1.9709e+010
1.89376e+011
1.43687e+007
5.14518e+010
1.38671e+010
6.16617e+008
635629
1.54281e+009
3.54021e+011
7.74507e+008
3.37787e+008
2.23938e+007
1.82857e+007
5.02908e+007
4.12783e+008
342977
7.3028e+012
2.66861e+007
2.56152e+007
1.51515e+010
4.21729e+007
2.70169e+007
2.925e+007
6.42867e+007
2.81861e+009
8.1598e+007
744279
1.0768e+009
1.25704e+006
8.64902e+007
1.33473e+007
5.30665e+007
2.21941e+006
2.30689e+008
8.42243e+006
4.67514e+008
1.04756e+008
2.56203e+010
1.99718e+007
8.041e+007
1.52567e+007
9.2873e+008
5.57848e+006
1.09959e+006
2.1528e+006
1.2915e+008
7.18969e+008
9.39831e+007
7.67403e+006
1.04212e+008
87258.2
1.17506e+006
1.47497e+014
4.13975e+007
3.76597e+008
678297
1.23127e+009
3.48646e+007
3.51952e+007
968723
8.70284e+008
2.16931e+013
3.28732e+007
1.04086e+007
4.78085e+010
2.89742e+010
6.61452e+007
1.14775e+010
1.05748e+012
2.95604e+011
2.18032e+013
5.30287e+009
126974
282749
1.43194e+014
6.59744e+017
966135
1.28424e+010
1.06392e+008
2.69637e+010
1.49469e+008
2.8383e+007
6.29312e+006
4.59764e+007
2.28997e+007
2.58484e+008
565126
6.62087e+007
1.96678e+009
1.95446e+013
1.37735e+009
1.15168e+008
1.39788e+007
6.74399e+008
5.25153e+006
321906
1.35871e+011
7.66059e+006
1.04162e+014
3.73852e+013
5.47415e+008
9.85294e+010
1.81526e+010
1.96623e+009
5.31466e+007
1.32838e+006
1.23399e+007
1.3393e+008
1.488e+014
4.69001e+009
2.06027e+006
3.98313e+007
1.95304e+009
1.73008e+008
1.70939e+008
2.21364e+006
5.87338e+006
1.20813e+009
558632
7.5779e+008
3.35086e+006
191765
1.44626e+007
7.94215e+006
5.08408e+008
9.01713e+007
153794
8.52839e+009
2.24114e+008
1.7179e+007
1.644e+006
4.04719e+009
7.94793e+007
2.15648e+010
1.7129e+006
2.07653e+008
1.14378e+016
9.7614e+006
5.4179e+009
6.76875e+010
8.14878e+006
1.52631e+011
1.60969e+007
4.34002e+008
1.06841e+009
2.40898e+010
1.06597e+014
7.35229e+009
7.05174e+009
2.33606e+008
2.87736e+010
5.20262e+006
2.68025e+011
2.92953e+009
6.60551e+010
2.11323e+013
8.17591e+006
5.34994e+010
4.1171e+006
6.59484e+008
3.93749e+013
496943
1.09855e+007
655656
3.58982e+006
1.58962e+006
4.66392e+009
1.72054e+009
4.18183e+006
1.58223e+009
3.32121e+010
1.28186e+012
39424.7
1.52959e+011
7.18874e+009
2.00421e+010
3.99078e+013
1.29852e+009
453999
9.38072e+008
1.40885e+010
3.0499e+008
5.87181e+010
2.98729e+009
2.59282e+007
1.63089e+006
2.50021e+008
1.01803e+010
5.20277e+006
3.48894e+012
1.56824e+007
1.38113e+006
2.83286e+007
1.0552e+010
5.38835e+009
2.74856e+008
2.53353e+006
6.44103e+010
6.54988e+006
495114
9.42246e+007
1.55034e+006
393325
2.59038e+008
5.3882e+008
2.44575e+014
1.97499e+009
785192
4.89423e+009
3.72751e+007
2.2773e+009
491385
3.99938e+012
1.8075e+009
5.28815e+009
2.02314e+006
1.4772e+007
2.62027e+008
2.89205e+011
4.76745e+008
6.93711e+007
1.86934e+012
3.85229e+009
3.90734e+009
276265
3.90936e+008
1.5211e+007
4.88334e+010
3.76628e+009
489228
5.87325e+006
1.52892e+010
6.7053e+009
6.11082e+006
6.83119e+006
2.67913e+009
1.40399e+008
1.24526e+006
9.52155e+009
4.6429e+007
3.29039e+010
4.60314e+009
9.58267e+006
2.05649e+006
5.072e+014
2.14458e+010
1.79227e+012
1.90362e+006
7.70324e+008
4.22211e+008
1.10819e+008
8.71413e+006
5.57929e+006
3.67045e+006
1.47035e+014
2.29953e+009
357004
5.19881e+006
4.08275e+006
2.72641e+007
1.01028e+007
9.34348e+007
6.52786e+009
2.24808e+008
4.00137e+015
7.04422e+008
5.69801e+006
3.33346e+007
2.99186e+007
1.05523e+009
3.96157e+008
4.57153e+010
2.79404e+006
77710.8
5.8577e+007
1.01032e+010
1.28249e+007
1.80973e+008
1.99872e+009
1.40929e+009
2.04694e+006
5.99282e+009
5.0216e+007
4.10605e+013
3.84871e+007
1.5707e+007
7.34188e+013
1.79414e+006
3.37808e+009
1.1845e+006
1.49332e+007
4.91137e+015
6.50368e+010
5.21294e+007
3.04109e+009
1.17618e+009
2.51064e+006
5.55053e+006
5.85936e+006
7.77713e+007
4.51432e+008
17107.5
5.78557e+008
3.33319e+012
6.16101e+007
8.2845e+007
3.64319e+009
1.99332e+009
8.93837e+009
2.8203e+007
2.10431e+009
2.98839e+008
3.11054e+009
3.69311e+006
6.04074e+007
2.8732e+007
1.20149e+010
1.6592e+008
8.98937e+009
2.55895e+012
2.2982e+011
1.12075e+009
4.14694e+012
1.34303e+008
1.4254e+008
2.49141e+008
2.40323e+012
5.93492e+008
903405
4.96099e+011
4.2328e+006
4.09567e+008
8.8284e+008
1.22065e+010
2.90108e+006
6.92083e+009
1.13293e+007
9.40893e+006
3.9102e+008
1.95275e+008
2.7533e+009
2.6695e+010
2.43463e+012
510551
5.65525e+008
8.84401e+008
3.40049e+007
1.95551e+006
1.44073e+008
2.17171e+006
4.97299e+006
2.97729e+008
6.98461e+008
6.80878e+008
3.97285e+006
1.50861e+008
4.04434e+008
2.08633e+006
1.24663e+009
6.29183e+010
7.22327e+009
6.44019e+006
3.03272e+006
2.85501e+010
3.74323e+008
1.96785e+009
2.21e+009
2.65882e+007
3.43527e+008
9.02096e+009
2.45512e+006
74120.1
7.01741e+006
1.06797e+008
1.83419e+013
2.89992e+007
1.75425e+006
5.12737e+009
7.04147e+009
4.9685e+008
4.52855e+006
7.57087e+007
6.47712e+012
1.29183e+010
2.86869e+009
9.34528e+006
4.45659e+007
262491
1.66498e+006
1.58324e+008
2.25491e+006
4.56082e+009
1.09435e+013
1.96396e+008
4.03597e+007
9.1975e+011
5.78423e+010
5.89623e+010
4.44144e+011
2.19381e+012
5.91282e+006
5.70944e+007
1.64656e+006
1.85793e+009
2.23893e+008
2.38407e+008
6.46821e+008
4.73863e+008
5.81433e+006
7.35428e+007
1.20976e+010
2.61312e+006
6.2926e+006
3.49104e+007
1.83595e+008
2.57358e+006
3.53895e+008
3.89081e+007
6.94741e+008
1.3692e+008
994639
2.50065e+007
6.39276e+010
1.43154e+006
5.58994e+009
5.7001e+010
1.48364e+012
1.558e+006
7.16505e+007
1.72149e+008
3.84502e+009
1.89573e+009
1.17929e+010
9.3612e+007
1.98796e+010
4.20721e+007
4.39705e+008
1.69114e+009
7.79737e+006
2.78534e+008
1.03862e+017
1.12249e+011
4.52403e+007
7.72287e+010
2.60481e+013
3.16658e+011
1.35095e+008
1.17733e+012
2.64483e+009
5.50918e+006
1.39739e+008
6.99331e+009
1.48053e+007
2.99023e+007
1.87448e+007
6.51336e+006
3.23438e+008
2.91686e+008
5.17867e+010
9.04561e+007
2.72842e+008
3.6741e+008
1.00629e+008
5.44607e+007
7.10048e+006
6.7621e+008
1.63911e+008
5.48404e+011
8.22956e+008
1.5731e+009
6.82813e+006
2.82106e+009
1.70645e+006
1.3831e+007
1.40768e+007
7.45983e+006
2.37304e+007
2.39961e+014
129598
1.70467e+009
9.68417e+009
1.55473e+012
7.99867e+006
3.34167e+009
4.10098e+008
7.89739e+012
1.25111e+013
6.13056e+007
1.11848e+009
3.8071e+009
1.00785e+008
5.37652e+010
9.50809e+007
1.22239e+008
7.95027e+008
3.892e+006
1.36408e+009
6.37655e+009
1.60566e+014
4.8607e+006
8.84197e+010
1.45856e+010
3.24707e+006
4.1166e+007
2.30299e+011
1.99868e+010
6.4809e+011
2.16531e+007
1.31523e+007
6.77848e+015
2.63031e+009
5.34975e+012
1.01342e+009
2.82285e+006
3.16619e+006
5.50528e+008
8.51698e+006
1.62004e+009
965552
7.86466e+007
1.42977e+008
4.31982e+009
6.3494e+009
4.63709e+007
3.21691e+009
2.11677e+009
8.07801e+011
2.5537e+008
1.34637e+006
597785
1.72174e+007
1.08655e+014
8.32493e+011
6.58998e+012
3.06792e+006
8.22016e+010
4.09166e+009
3.19683e+008
1.90768e+009
2.94538e+008
1.3877e+009
3.93452e+007
2.10363e+011
1.85886e+007
2.15292e+010
1.14117e+007
2.71812e+009
5.78152e+009
3.76148e+008
3.04876e+010
878396
9.8233e+009
1.16828e+007
3.43882e+009
3.87106e+008
1.71528e+011
1.47245e+007
8.65718e+008
5.85266e+006
4.47663e+008
1.33734e+006
4.45312e+007
3.17914e+011
2.25984e+010
9.86553e+009
1.2401e+010
3.64017e+007
1.32739e+007
6.74725e+007
7.40246e+009
1.48155e+010
211230
8.95575e+006
3.11084e+008
2.73854e+008
6.88199e+009
1.49925e+006
1.99729e+009
4.41826e+006
5.06596e+006
1.2694e+008
4.42562e+006
6.98736e+009
9.82374e+013
1.76765e+006
1.88303e+011
1.67493e+011
3.81428e+007
1.70934e+008
1.05588e+010
8.93042e+008
1.03919e+010
8.99016e+010
6.64208e+008
8.33581e+009
9.13264e+006
253763
2.49716e+006
3.65431e+008
8.16718e+006
4.68954e+006
963273
8.75807e+009
3.31828e+007
3.22122e+007
3.76247e+007
3.8527e+008
1.25215e+009
3.94258e+006
3.40897e+006
2.191e+008
1.9582e+009
1.37423e+009
4.12769e+010
1.39214e+006
1.46325e+017
7.52794e+007
2.30926e+010
7.94576e+009
4.81179e+007
1.67822e+009
2.97513e+006
1.62568e+007
2.03592e+008
1.87628e+006
8.65485e+010
2.87284e+008
1.14236e+008
4.87673e+007
4.18096e+008
7.01087e+009
3.21345e+013
1.15991e+007
1.84322e+008
1.00596e+006
2.44827e+011
1.92367e+008
3.1889e+007
2.37369e+009
1.58085e+008
6.47182e+009
8.29555e+008
4.18164e+006
7.74934e+007
4.17057e+008
3.224e+007
339492
3.40345e+008
3.61921e+006
3.79551e+008
8.13806e+008
1.41502e+007
2.05485e+007
8.5329e+009
8.44039e+012
2.79398e+007
1.65667e+011
1.56464e+006
4.266e+009
7.45352e+007
554589
7.26298e+007
1.64901e+010
4.85771e+009
1.04524e+011
7.76884e+008
6.60639e+006
3.77356e+006
2.23281e+011
1.30259e+010
4.34653e+010
3.56156e+009
6.74578e+008
1.24666e+007
2.91749e+007
6.10527e+007
6.34839e+008
1.8706e+007
2.48004e+010
9.54076e+012
824831
3.2496e+012
1.01939e+013
5.2483e+010
3.71168e+007
3.60567e+006
1.10695e+009
3.41019e+009
2.30412e+007
4.44191e+006
1.5871e+016
7.99505e+008
2.54295e+009
1.67704e+012
477306
3.77043e+010
4.48931e+007
4.36481e+008
3.73962e+009
2.95038e+007
1.12718e+008
1.9882e+007
3.78352e+008
2.36179e+008
4.84378e+007
9.83578e+008
1.50196e+006
2.0353e+007
1.47155e+006
3.82374e+007
6.35688e+011
2.48656e+007
6.56286e+010
1.40307e+011
5.18937e+008
2.99143e+008
3.88894e+015
3.53199e+010
6.87222e+009
2.55248e+008
1.03479e+007
1.22101e+008
1.04719e+009
3.85876e+007
2.26498e+011
2.5042e+006
1.76051e+008
3.78439e+006
6.5371e+006
5.99275e+008
2.37887e+009
1.5641e+008
4.90903e+008
1.1469e+009
1.38579e+008
6.23842e+008
1.46198e+013
6.09901e+007
734809
7.85823e+006
9.46743e+011
3.34923e+011
3.61529e+006
2.59445e+006
6.52081e+010
1.59879e+007
377941
149874
4.4846e+006
2.85063e+009
1.41133e+007
2.32064e+009
357881
3.41521e+006
1.73994e+007
1.19978e+011
9.83998e+009
2.27842e+009
8.56896e+008
3.8534e+012
3.53197e+007
1.87373e+014
8.67602e+007
2.26269e+008
5.94147e+012
4.03783e+009
3.23167e+008
7.84221e+007
1.24767e+009
7.31999e+009
8.38118e+007
4.57413e+009
457285
3.11686e+009
7.71195e+006
1.37042e+006
5.88962e+008
2.59054e+008
3.46e+014
2.6941e+008
1.42587e+008
1.52782e+007
4.20361e+006
1.79086e+012
5.84196e+006
1.32824e+007
5.19096e+006
9.24104e+006
1.15463e+007
1.96769e+013
8.22362e+006
1.01961e+006
2.35261e+008
3.70011e+008
511578
2.95472e+008
909281
4.75273e+009
8.56141e+009
1.19277e+009
1.00401e+009
2.09485e+009
5.79915e+006
5.7281e+007
8.19325e+006
1.00844e+008
5.37355e+006
2.36079e+012
2.46074e+007
3.86467e+008
1.71189e+007
2.13948e+009
9.61821e+008
1.42885e+007
1.47671e+006
8.90468e+006
7.35379e+008
1.47251e+006
2.79609e+012
3.69972e+007
6.64947e+007
2.75706e+008
2.60312e+009
4.03468e+007
1.38302e+009
8.94623e+007
5.48557e+009
5.52896e+007
1.52222e+008
5.54593e+007
2.86205e+006
1.42038e+012
221766
2.92805e+007
1.1386e+008
6.79798e+008
2.29848e+007
1.38178e+008
1.0554e+007
1.92893e+010
2.86462e+011
791125
1.09225e+007
2.14942e+006
7.15052e+010
2.07037e+011
1.02294e+010
9.68904e+008
8.77929e+011
3.1158e+008
1.84262e+009
1.45724e+011
1.12903e+006
1.22597e+009
8.89928e+006
2.31777e+014
1.16841e+007
1.32337e+008
4.92966e+006
1.95816e+009
1.17725e+008
7.17037e+009
8.05319e+010
6.35319e+006
1.53777e+008
1.01174e+006
2.66694e+010
1.44346e+012
4.53418e+009
2.366e+011
2.21618e+009
5.09484e+008
6.39639e+006
4.63576e+007
1.0083e+008
1.14916e+008
8.77013e+008
1.70422e+006
9.32282e+008
7.71677e+009
2.72489e+007
5.76803e+007
3.03435e+007
2.00394e+008
8.25026e+007
2.32704e+006
1.16604e+007
2.12713e+009
1.38492e+012
8.36174e+007
2.89966e+010
6.0438e+008
4.11469e+008
2.85695e+007
3.40987e+007
6.40239e+009
1.20418e+007
5.25005e+008
1.27141e+009
9.73011e+007
2.55567e+008
1.11192e+008
1.22321e+011
8.45072e+007
1.03702e+009
674953
1.40117e+009
2.98189e+007
1.78462e+009
4.34908e+008
4.02146e+007
6.84011e+013
669401
4.19419e+007
1.70859e+014
1.04208e+007
7.33332e+008
1.97997e+011
1.21197e+008
6.79214e+006
4.46034e+009
1.75784e+011
7.79622e+007
2.48181e+007
2.81101e+006
1.7635e+006
5.37e+008
1.67733e+011
9.50868e+006
6.02807e+006
3.36112e+006
9.44772e+006
6.34483e+006
2.63347e+008
6.29322e+009
654206
2.75388e+010
1.44756e+006
2.75335e+006
1.04133e+006
8.00984e+006
4.47872e+011
1.55682e+007
1.46243e+008
90675.9
1.26979e+014
6.06372e+016
4.10518e+007
238428
8.80429e+006
1.12058e+009
1.49104e+009
2.54983e+010
1.54481e+009
89341.5
1.56301e+013
2.52717e+008
204897
1.46459e+011
2.85084e+007
1.11985e+011
6.94648e+008
2.41853e+006
3.92407e+009
1.52223e+012
2.52809e+009
3.53482e+008
266124
3.77946e+007
2.32092e+013
538913
4.301e+008
5.53894e+009
5.05414e+007
5.00532e+006
2.39739e+006
8.23732e+006
1.63947e+011
5.40809e+006
3.33376e+008
2.17942e+015
3.87385e+009
3.09877e+007
3.11715e+006
2.20938e+008
7.53867e+008
4.66643e+006
1.72513e+009
5.98557e+008
1.00867e+007
1.13259e+009
2.89467e+010
2.39656e+007
2.20606e+009
2.1838e+011
3.05597e+006
6.64671e+010
9.76285e+006
5.56123e+008
2.76157e+013
5.75163e+006
8.67306e+009
8.17945e+007
1.44013e+010
1.48682e+009
2.21378e+007
4.20659e+008
1.24425e+010
3.75144e+009
1.40782e+008
5.72498e+010
5.85357e+008
1.69918e+008
1.13566e+009
2.77295e+010
6.27809e+006
3.01655e+008
1.51126e+007
6.26397e+006
1.54988e+010
1.77176e+006
3.84897e+008
4.81082e+014
7.3994e+007
399440
3.09381e+008
3.3304e+008
3.91536e+011
1.21988e+007
1.87886e+009
1.3971e+011
6.24787e+006
8.4554e+008
5.34947e+009
2.9604e+011
3.97853e+009
1.36449e+008
420222
1.13913e+012
5.37709e+007
1.50224e+011
8.2775e+008
5.28587e+011
1.96063e+006
1.7502e+012
364313
2.35344e+008
2.03198e+009
452648
4.47781e+007
2.50347e+007
6.15299e+011
3.18284e+008
1.12451e+008
1.59252e+013
1.19711e+007
3.09012e+007
2.91897e+008
1.1478e+008
1.3278e+008
1.00511e+010
3.0667e+011
1.13261e+008
9.14057e+010
6.98126e+014
4.62473e+007
2.81308e+012
2.73831e+007
4.93299e+009
1.5452e+007
2.18505e+006
6.57281e+011
1.04419e+007
1.2782e+007
2.1608e+007
3.10197e+008
3.12095e+007
785432
5.49916e+009
1.17497e+009
9.61373e+014
8.42953e+008
1.06924e+009
8.38594e+007
9.77899e+008
541308
1.41977e+008
2.08515e+007
6.4427e+006
3.43078e+011
1.30556e+010
4.57356e+006
395249
1.45025e+008
409642
2.73705e+007
2.01905e+014
134561
1.4026e+007
1.68547e+012
4.37533e+006
1.17848e+007
3.40229e+010
8.73218e+010
2.0269e+012
5.04458e+008
1.00547e+011
4.86378e+010
1.47494e+011
3.34428e+008
5.48564e+007
1.00274e+012
2.48113e+015
1.23218e+016
3.22383e+007
168231
4.70815e+011
9.32049e+007
1.62969e+009
2.79552e+008
9.1021e+013
1.10626e+008
673313
1.05579e+008
9.38221e+010
5.03791e+008
2.68717e+009
6.56239e+007
698391
516958
2.91226e+007
9.9682e+009
7.46348e+009
394258
2.19214e+008
1.10881e+010
4.01621e+009
1.30529e+009
7.11006e+009
735341
1.46314e+013
4.8421e+010
4.31303e+009
2.12858e+006
1.0288e+007
5.3796e+007
1.16962e+008
6.53856e+010
1.69454e+009
971863
1.74949e+006
747559
4.82019e+007
852850
2.31421e+008
8.57255e+010
4.46568e+008
4.76492e+009
2.03457e+013
3.53744e+009
6.32177e+009
2.26561e+007
3.83844e+008
2.20608e+011
1.33777e+008
1.67958e+013
1.71925e+016
1.03439e+009
1.53201e+010
8.45258e+006
3.80299e+007
4.8864e+006
776399
2.86402e+008
5.08787e+008
2.9079e+012
8.4674e+007
1.17693e+011
2.09125e+009
1.80416e+010
2.24132e+008
3.40785e+010
1.17996e+007
2.27111e+006
6.51217e+009
1.78972e+008
8.08658e+011
9.99236e+008
1.86918e+007
9.81878e+008
3.6913e+008
1.465e+007
157104
5.98502e+006
2.38569e+008
1.97149e+008
6.07112e+007
2.08408e+011
2.33499e+007
2.19035e+011
7.80134e+008
1.4545e+007
2.76739e+007
3.20223e+010
2.69464e+006
5.0691e+009
3.4123e+008
6.24886e+006
3.17661e+007
334768
1.64106e+009
1.16061e+007
5.43904e+009
6.62588e+006
1.07615e+007
1.54053e+007
1.16141e+012
9.76506e+007
7.18764e+009
5.29963e+007
1.68372e+008
1.60114e+007
1.28199e+007
2.23623e+009
4.9478e+011
3.24663e+006
3.58575e+006
5.56469e+007
189358
4.52417e+006
5.45039e+008
7.33674e+007
2.6127e+009
5.85529e+006
1.87038e+012
2.60183e+008
4.15163e+008
1.38113e+012
1.63572e+008
3.68786e+007
9.69025e+009
1.51737e+011
5.41643e+010
5.04855e+007
9.81623e+006
2.8155e+008
2.90247e+006
4.30832e+007
1.37929e+008
3.87932e+006
3.13038e+006
8.74298e+011
1.27686e+007
287197
1.19419e+011
1.17697e+013
1.31042e+007
1.06803e+008
529828
1.44155e+008
4.10089e+008
1.04077e+010
1.19642e+007
1.73096e+006
3.53267e+010
8.34919e+007
1.07922e+008
3.61832e+011
9.42525e+009
1.74659e+010
5.8035e+006
6.30067e+013
3.26422e+007
1.28074e+007
2.01335e+010
761250
2.39978e+008
2.07104e+006
9.03441e+008
275474
3.27394e+009
5.75719e+013
1.5284e+009
1.04783e+008
6.25589e+012
3.53728e+008
5.62575e+008
8.55033e+006
2.29886e+008
2.87706e+009
7.74715e+013
5.83858e+007
3.50035e+006
1.19865e+009
8.52244e+008
4.0793e+006
1.96899e+008
3.58929e+008
8.12983e+008
1.66516e+007
5.8096e+006
5.57319e+008
2.22293e+009
4.37568e+012
8.6289e+007
4.25942e+007
4.72043e+007
1.62454e+008
1.35852e+008
1.13502e+009
3.01086e+006
1.27034e+009
5.14855e+007
4.85392e+009
2.45806e+017
8.81588e+010
3.96363e+010
1.09222e+007
4.26691e+006
8.30946e+006
1.50679e+010
2.0972e+008
1.02123e+013
1.35972e+009
1.46252e+009
2.35891e+011
193977
3.92242e+008
5.90666e+007
2.51579e+006
3.08269e+011
3.24123e+007
8.15726e+007
1.21277e+006
5.13404e+007
8.95178e+009
1.57434e+007
8.71445e+009
2.83864e+010
9.02868e+012
7.13194e+006
6.84625e+008
1.35817e+009
4.35289e+006
7.87628e+010
1.06574e+007
3.05827e+008
2.53986e+007
1.07122e+007
1.72375e+006
1.24785e+013
7.23644e+007
5.42808e+011
2.49848e+007
912208
6.13014e+008
3.43243e+010
1.00809e+007
1.07662e+007
3.25014e+008
2.69787e+007
6.5281e+008
4.80405e+009
3.49548e+009
605565
2.2228e+007
3.26415e+013
1.24481e+008
1.98596e+012
6.30827e+010
1.1419e+010
746139
526161
258513
3.30506e+006
2.34794e+007
4.8264e+009
3.38582e+010
7.36046e+006
5.15574e+007
1.95936e+010
7.91472e+009
8.61139e+007
6.56153e+006
1.62011e+007
2.14606e+013
3.47901e+006
6.74498e+006
3.10283e+007
2.98982e+006
8.22066e+011
1.06699e+008
9.13357e+008
8.55919e+008
3.85458e+010
1.22326e+011
1.39167e+008
7.21374e+008
7.81019e+014
3.51644e+006
3.31172e+011
3.21953e+007
6.0793e+008
1.2409e+008
686191
1.32292e+007
2.4633e+007
6.7847e+007
6.0291e+012
187100
1.74761e+013
2.2545e+013
1.2293e+007
1.94485e+006
3.16375e+009
4.2522e+006
1.44004e+009
2.80867e+006
2.28478e+012
5.90739e+008
2.38924e+008
3.65926e+009
3.76359e+006
1.2415e+011
4.38305e+006
1.562e+008
1.27384e+007
4.85642e+009
2.58043e+008
4.69801e+007
1.75274e+008
9.37783e+009
3.75102e+006
63283.9
1.14459e+009
1.06238e+007
2.58143e+006
2.90933e+012
1.59002e+012
1.21046e+007
1.32632e+009
3.91915e+010
6.92305e+007
2.0202e+006
1.33147e+007
5.53684e+007
2.62879e+006
1.97737e+007
1.8745e+013
1.33266e+007
1.61133e+008
4.62056e+006
3.33583e+007
1.13996e+010
8.63033e+008
5.20092e+009
1.63957e+006
1.34484e+008
1.83084e+016
3.37569e+008
2.09634e+006
6.62877e+007
3.02217e+008
6.004e+006
4.99477e+011
5.72856e+009
7.73341e+006
7.9167e+009
1.46335e+008
7.38203e+007
2.89774e+006
3.08008e+006
1.2504e+008
9.64712e+007
1.16016e+008
9.58447e+007
5.21144e+011
6.70432e+007
5.31419e+006
1.22078e+010
3.52559e+009
3.03028e+007
1.57518e+010
9.80804e+006
1.01387e+010
1.11873e+006
7.15114e+008
2.92456e+010
1.85892e+012
3.44856e+006
1.81985e+007
3.05451e+009
7.23675e+006
6.09324e+007
4.64575e+006
1.08044e+015
2.34859e+006
7.39099e+007
4.51093e+011
5.43015e+009
7.83078e+006
2.77805e+006
2.16328e+008
4.59022e+007
2.44795e+007
3.72841e+009
1.69897e+012
2.2322e+011
7.31938e+008
1.57602e+008
6.98658e+010
5.11762e+010
5.99977e+007
1.72479e+012
1.46648e+011
6.01101e+008
5.81213e+008
8.2698e+007
2.97367e+011
4.20052e+010
2.26667e+010
1.42282e+008
6.58906e+006
6.77679e+008
1.0757e+007
2.49152e+010
2.92233e+007
4.68047e+006
6.89481e+007
5.31617e+007
2.29375e+007
9.25305e+006
1.2275e+008
3.74212e+009
1.28525e+007
1.34533e+006
171357
1.33657e+008
2.71945e+007
3.73772e+007
1.47238e+008
5.14483e+007
1.1019e+007
2.80041e+009
2.60682e+008
5.88706e+008
1.65857e+007
1.4672e+009
7.42472e+009
1.50265e+009
8.17421e+007
2.16098e+007
7.62659e+007
2.41088e+006
9.63805e+006
1.02699e+011
368513
1.47114e+008
8.70337e+006
4.17408e+006
1.88698e+009
1.06532e+006
9.03708e+009
1.06252e+008
2.53599e+008
2.21965e+014
2.38315e+009
6.87347e+008
9.28335e+009
2.99251e+009
4.53503e+008
4.07863e+007
4.94489e+008
1.08021e+007
2.64752e+009
1.13773e+011
399174
2.41258e+010
5.28297e+006
1.94233e+008
2.99182e+012
4.17623e+006
2.06255e+007
882639
7.98135e+006
1.60101e+009
3.56048e+018
3.45453e+006
1.39694e+008
4.66654e+008
1.93461e+010
319547
8.38687e+008
8.33609e+011
6.58626e+013
7.99802e+010
5.45961e+006
7.26746e+008
191043
8.71817e+010
186353
2.73666e+010
2.63907e+008
1.52317e+010
5.81387e+011
4.12284e+012
4.52717e+009
5.43576e+008
6.18587e+006
7.38935e+008
3.63321e+008
9.17927e+010
1.26252e+008
4.88443e+006
1.10581e+009
7.90967e+007
7.50312e+007
9.47627e+006
2.30169e+008
2.39923e+007
9.66236e+008
2.60098e+007
3.17928e+007
2.88824e+008
4.97488e+012
5.86195e+007
1.10147e+009
3.83615e+007
5.43847e+008
56621.1
1.77131e+008
5.05837e+006
1.29517e+010
4.26507e+007
1.63256e+008
9.82918e+009
1.42511e+007
412906
1.15797e+010
5.57788e+006
3.64945e+012
3.03691e+007
8.3669e+012
2.20442e+006
1.31306e+011
6.90609e+010
3.0204e+009
9.02707e+009
8.69239e+014
582024
3.49179e+009
2.17174e+009
5.10079e+007
5.13075e+011
7.76386e+006
1.40839e+008
2.19517e+007
6.90219e+011
9.45563e+012
5.11988e+009
3.63081e+007
9.66032e+009
1.07517e+006
1.13561e+008
3.53761e+010
1.00499e+008
3.27869e+008
4.16194e+007
7.73217e+006
1.30061e+009
6.29931e+006
8.41698e+011
1.31633e+010
2.85708e+008
1.43529e+010
7.45295e+006
1.33173e+006
1.8704e+009
1.92559e+008
2.44157e+010
8.24608e+007
1.09542e+008
311055
1.50163e+009
6.84584e+008
6.14274e+008
3.04555e+006
2.40072e+011
2.59913e+006
1.49799e+006
4.57589e+007
9.58019e+016
4.5322e+006
3.92179e+006
1.07661e+013
2.43794e+007
4.1296e+008
2.59117e+008
1.96419e+007
438242
4.22248e+007
2.39619e+016
6.77052e+007
1.05255e+008
6.75443e+008
2.48367e+007
3.44203e+008
1.0746e+006
4.75772e+009
5.75706e+009
8.07953e+007
7.14002e+009
1.1712e+006
3.09816e+008
1.01574e+008
5.20872e+007
6.42467e+015
3.66261e+006
902105
1.22495e+010
2.67454e+009
1.04474e+008
5.64749e+009
2.34222e+007
9.1524e+006
2.08702e+008
3.58787e+008
1.66954e+007
8.93897e+007
4.88516e+007
231451
7.6859e+012
3.97254e+009
6.71084e+021
8.25191e+007
1.65025e+009
2.38195e+008
5.13078e+006
6.95083e+009
1.10439e+009
5.92709e+011
5.39509e+006
1.36137e+008
2.9795e+008
1.3139e+012
41153.9
1.97998e+010
4.03946e+007
4.74543e+006
9.01798e+008
7.79297e+009
5.28e+007
1.52727e+010
5.23008e+009
576691
6.81899e+013
3.26686e+006
7.63489e+008
7.36732e+006
1.62665e+009
1.20174e+009
2.59312e+008
1.55041e+007
6.43287e+008
3.32546e+010
5.42636e+007
656191
6.11622e+007
2.01522e+007
2.42547e+010
7.94542e+007
1.59395e+008
2.66554e+008
3.12408e+008
1.12169e+015
6.12113e+006
5.52274e+008
1.09322e+010
3.10351e+008
1.48237e+009
9.32705e+010
2.28436e+009
3.38556e+007
1.60189e+009
1.18478e+008
3.47052e+006
9.95061e+008
483646
379807
8.23107e+010
2.43106e+007
6.49053e+009
2.1172e+008
4.08191e+008
1.35498e+008
6.20065e+006
1.27145e+008
2.03924e+008
8.1909e+015
1.20758e+010
8.33625e+006
4.41288e+008
8.01579e+010
4.91657e+007
2.10749e+006
2.30565e+008
4.98781e+008
1.234e+009
3.00326e+008
1.24423e+009
4.78223e+008
1.04155e+013
3.25007e+007
3.182e+006
74971.5
2.98545e+007
2.66254e+008
5.26416e+006
2.18928e+009
852986
4.32615e+006
2.85557e+006
1.22522e+007
1.03611e+010
7.35025e+006
6.01314e+006
7.32499e+009
871597
1.36004e+007
1.92486e+013
1.329e+007
4.0485e+008
1.69236e+010
2.36964e+009
772458
2.44778e+013
7.55534e+006
4.45386e+008
4.53344e+009
5.56951e+007
1.2553e+006
1.24067e+008
2.7074e+007
2.02329e+008
2.67937e+009
1.59731e+010
82836.1
1.72428e+017
2.12103e+009
1.13627e+009
3.35887e+008
7.73053e+006
2.25071e+010
4.35875e+012
8.37094e+007
8.7857e+011
6.17532e+010
4.06213e+006
615926
2.60377e+011
7.68334e+013
2.08193e+010
215770
2.60893e+007
2.09623e+008
1.72024e+009
3.77366e+017
8.3888e+009
1.43975e+009
2.38781e+011
1.38834e+009
4.60349e+006
6.87489e+009
1.28268e+010
2.92718e+009
9.94682e+007
6.37976e+008
1.90651e+010
4.86738e+010
1.52805e+007
3.55815e+009
255283
1.76196e+007
1.39429e+007
8.82551e+009
315917
1.31393e+007
4.28284e+006
1.83237e+009
9.23121e+008
6.68611e+008
1.50588e+006
7.58017e+007
1.09591e+008
4.00226e+008
9.47859e+007
4.82153e+006
6.73605e+007
3.16617e+011
6.85935e+009
4.52784e+008
1.46411e+015
6.59565e+009
5.31196e+008
1.79961e+009
1.97966e+007
3.92609e+010
2.2892e+006
2.94489e+010
3.13387e+010
1.17086e+006
5.44089e+009
3.37883e+008
9.61872e+007
1.11887e+012
661478
1.61951e+006
1.49697e+014
9.45204e+007
3.28568e+009
3.37445e+007
311835
2.54329e+014
1.15716e+007
1.42901e+008
2.78208e+007
1.47805e+008
5.78484e+006
473068
2.98352e+007
9.49514e+007
1.18954e+011
1.08187e+009
5.00181e+013
1.13202e+006
1.05398e+009
3.07921e+006
3.14232e+010
2.83561e+006
2.44996e+008
4.88997e+008
7.55602e+006
1.0453e+008
4.99267e+007
1.03011e+008
675272
1.73554e+007
3.32406e+008
819821
1.46602e+011
1.18823e+009
8.62874e+009
6.03236e+008
4.66172e+008
7.54458e+009
7.81953e+007
8.72203e+006
1.41546e+013
2.61382e+009
7.20044e+007
1.05209e+008
1.84589e+007
1.01141e+007
3.49711e+007
2.12588e+007
1.36977e+013
2.11004e+007
1.23405e+007
1.14328e+007
7.36838e+006
1.65698e+011
1.06587e+008
8.88304e+006
4.10403e+009
2.64108e+007
3.29377e+006
3.49353e+006
8.42514e+007
1.89542e+009
4.37488e+006
1.44069e+007
5.4654e+006
6.08033e+006
3.90799e+006
3.48986e+008
1.30611e+010
1.2342e+006
896863
2.57178e+012
6.28379e+008
1.27063e+009
5.68701e+008
3.48404e+011
6.50689e+008
1.5321e+010
3.30763e+013
5.17519e+008
5.41118e+008
9.81612e+007
1.29714e+009
1.43135e+008
1.45867e+007
2.19816e+007
2.7979e+015
2.43474e+006
1.73468e+008
1.11916e+007
67739.7
6.67801e+011
7.45688e+009
2.98401e+009
2.30089e+009
1.21178e+008
1.26128e+009
2.41427e+007
4.76765e+008
2.77739e+006
1.84893e+007
6.85249e+007
1.8812e+006
1.23658e+008
3.37718e+011
1.15936e+014
2.09492e+008
2.33128e+007
4.63883e+009
5.74216e+007
6.20153e+012
2.69834e+008
2.12147e+010
9.8442e+007
1.38745e+011
3.74304e+009
1.64678e+009
7.44372e+006
2.92114e+006
2.32504e+009
3.54337e+009
5.52627e+008
4.09677e+008
1.32634e+008
2.8251e+007
1.24512e+009
6.16635e+009
3.35521e+012
8.72602e+006
2.91717e+008
3.74317e+007
9.41349e+007
1.25512e+007
126026
5.94756e+009
8.46335e+008
7.25359e+007
782176
7.00064e+017
1.84911e+011
5.81328e+008
1.13359e+007
1.31646e+010
1.20165e+007
9.53062e+010
4.54062e+006
8.68813e+007
4.35732e+010
1.44819e+006
273822
8.32953e+009
3.93663e+006
7.79874e+007
1.26143e+009
341688
8.32812e+017
1.26763e+008
1.5131e+007
8.0525e+007
1.13089e+007
2.31332e+012
4.07406e+009
171407
8.2005e+006
461577
4.66112e+008
9.45544e+006
6.79669e+006
2.39927e+007
326271
3.74518e+006
6.23853e+008
1.0506e+015
438453
6.75191e+009
1.00219e+007
126301
671516
4.37659e+012
5.05594e+008
4.94379e+007
7.0322e+006
2.15708e+010
1.11223e+010
8.96885e+007
1.40465e+009
4.30557e+009
2.85563e+008
3.17829e+008
3.09223e+007
6.88288e+008
7.58824e+006
423720
6.1482e+009
2.23362e+008
3.0544e+007
1.04199e+008
2.66709e+008
1.70125e+009
2.40903e+014
1.37261e+006
4.76525e+007
1.13713e+009
559729
7.66618e+008
1.19048e+008
2.46821e+011
2.88699e+009
6.03834e+008
3.09245e+012
3.33153e+009
2.33584e+009
2.94649e+007
1.28321e+007
2.73667e+012
2.4621e+013
7.4968e+010
255967
1.36749e+009
2.6795e+006
1.41226e+013
3.42151e+007
3.18554e+009
3.05594e+010
1.7654e+007
4.60359e+008
6.96328e+008
2.09955e+013
8.25303e+006
2.75262e+006
1.04219e+012
1.411e+011
2.46483e+006
2.36619e+006
5.99979e+008
2.12707e+008
2.53362e+007
2.9053e+011
6.12659e+007
3.94627e+008
2.91896e+013
3.17192e+013
3.30266e+010
4.2798e+008
2.34737e+006
2.98962e+007
4.5699e+009
4.31825e+007
6.95383e+007
9.41862e+008
853894
1.69572e+009
5.84109e+008
5.08568e+011
2.34035e+008
5.5191e+008
1.47964e+006
651470
1.53714e+009
5.20063e+006
6.84635e+008
934551
2.54392e+012
6.77391e+012
1.20137e+008
157236
1.30625e+012
1.02955e+007
9.1829e+006
3.96456e+008
2.2871e+009
8.72293e+008
4.7946e+006
8.05818e+006
6.15788e+008
1.52844e+013
2.74979e+012
6.2861e+008
4.28276e+006
2.78774e+006
4.2112e+013
7.29806e+007
1.57887e+010
1.01927e+007
6.98244e+008
6.76223e+007
4.72138e+012
1.01804e+007
4.36275e+018
1.31376e+007
5.80743e+007
5.47581e+008
1.34812e+007
9.38232e+006
1.35447e+016
859695
3.07063e+010
3.55905e+006
4.2926e+009
2.06957e+009
6.4831e+008
2.29939e+007
3.81543e+007
3.17211e+009
2.88114e+008
2.54057e+006
1.57074e+018
2.4474e+010
3.59088e+007
4.46032e+006
1.21271e+006
4.86365e+007
913449
1.12725e+013
8.32273e+008
1.12648e+017
1.3828e+007
2.76606e+006
441155
4.31971e+007
327238
1.00956e+011
2.25501e+010
2.3135e+006
9.46412e+009
1.02225e+007
7.71699e+006
1.22977e+013
6.38159e+023
1.41682e+010
1.60775e+012
7.47655e+007
1.26948e+009
7.41299e+012
1.43773e+006
2.01144e+006
1.6013e+006
1.802e+010
2.57118e+011
6.19596e+008
8.78386e+014
8.06749e+006
9.02124e+007
8.27801e+007
2.1583e+018
1.1285e+006
1.36782e+010
8.66052e+009
4.52178e+008
2.43306e+006
1.26876e+012
1.60394e+009
1.27006e+011
1.27428e+010
903674
1.47806e+010
2.20173e+007
5.25366e+008
2.51638e+008
1.73717e+009
5.5499e+011
8.76404e+007
6.79728e+007
5.14146e+008
4.18077e+006
2.30557e+008
2.73143e+008
9.20154e+006
9.26715e+006
1.29445e+007
4.62198e+008
7.53455e+007
3.03582e+008
3.09109e+009
2.9399e+009
1.74987e+007
7.26635e+007
9.46987e+007
1.59891e+009
1.87465e+011
1.4247e+009
4.80754e+009
8.85703e+007
214338
1.09578e+009
9.27723e+009
4.33813e+009
3.99603e+008
3.34903e+008
179115
2.2262e+008
5.74248e+010
4.09298e+009
7.9274e+006
1.63441e+010
9.25312e+010
6.76704e+011
6.16225e+006
1.11284e+008
1.40848e+007
9.76161e+010
4.13769e+010
3.48328e+009
3.66507e+014
2.89135e+006
1.90459e+007
1.58111e+006
8.23738e+007
8.83229e+006
6.21834e+006
310099
9.43816e+007
1.12673e+007
608672
1.45737e+008
2.79766e+007
1.02681e+008
1.99817e+010
3.96628e+010
1.96796e+006
2.62832e+008
7.11975e+011
1.4681e+012
6.09193e+007
1.54817e+007
2.91157e+010
1.51371e+009
3.58308e+006
3.51129e+007
1.97717e+011
3.73589e+006
7.52469e+006
6.39152e+010
1.8254e+009
1.55727e+006
1.9777e+007
1.72137e+008
2.38687e+009
4.25869e+007
60849.2
5.47697e+009
2.26772e+009
1.22577e+008
739802
1.71272e+013
6.15456e+008
2.75115e+008
5.55876e+006
4.00283e+006
2.8653e+012
2.00606e+006
1.16867e+007
1.58934e+006
1.80673e+007
7.4228e+009
6.52145e+009
1.19865e+008
4.40869e+010
6.81957e+007
2.88167e+006
3.94329e+009
1.88853e+011
2.76121e+007
2.55914e+007
5.62361e+008
1.08793e+008
297454
3.64824e+007
1.06262e+009
1.43042e+006
1.77092e+007
2.03881e+008
1.83525e+007
1.55876e+011
2.87288e+007
3.59344e+007
5.1719e+008
1.41348e+009
4.22139e+008
2.80204e+011
1.60715e+008
3.52358e+007
3.9673e+010
578692
5.56162e+006
1.0019e+010
3.7009e+008
2.56083e+008
1.0792e+010
1.21268e+009
1.13281e+010
483028
1.98181e+011
3.23973e+007
4.53703e+008
1.55402e+007
343851
3.02967e+008
4.11609e+008
1.48685e+008
2.30473e+008
6.7291e+007
197705
2.19525e+008
2.77498e+010
2.38e+006
1.9944e+008
1.39444e+007
1.59602e+014
1.36745e+007
1.49127e+010
1.33686e+007
1.42183e+006
9.14278e+007
1.91096e+013
7.56294e+012
1.75674e+007
2.37224e+008
1.0762e+008
345872
9.55316e+009
4.03514e+008
1.96887e+007
3.33454e+008
9.01184e+009
2.39669e+006
5.10408e+007
9.34719e+006
9.25575e+009
3.15662e+009
1.06652e+006
1.80879e+008
1.20529e+009
9.53161e+007
3.66379e+007
1.26548e+007
2.75947e+007
9.42923e+006
1.44499e+011
3.51362e+012
4.89791e+006
1.23234e+008
4.93177e+009
151221
7.10264e+007
4.88711e+010
6.58805e+006
8.55453e+006
1.56413e+006
1.1437e+010
6.51454e+008
1.60152e+006
5.63636e+006
4.97497e+007
3.08188e+007
1.05112e+007
6.72598e+006
310101
3.55336e+007
4.16827e+009
9.39309e+007
2.51509e+007
2.2533e+010
1.23118e+007
5.01881e+009
1.36663e+011
1.20398e+006
2.11628e+006
8.2393e+006
1.80267e+006
2.55429e+009
5.36856e+008
2.68055e+008
3.22604e+007
9.65686e+008
3.43625e+010
4.3289e+007
7.33315e+007
9.26817e+011
2.98352e+009
6.1559e+008
3.13947e+010
5.5762e+006
1.39456e+012
1.37403e+006
1.84691e+010
4.67642e+009
5.58475e+009
1.49665e+007
1.97538e+009
8.83305e+009
2.32888e+007
3.83339e+006
9.43597e+008
4.42903e+007
3.47154e+008
9.61773e+008
1.07379e+010
1.87944e+007
2.10116e+008
1.78847e+008
1.13449e+008
3.87251e+007
1.73371e+009
1.30152e+006
3.85092e+008
167626
8.6053e+009
3.42655e+007
1.46424e+007
1.36207e+015
3.4432e+008
571981
7.71765e+008
4.42984e+010
7.67897e+013
3.50796e+010
183121
2.12929e+007
6.58202e+014
1.11882e+006
1.61442e+008
2.28374e+009
1.0574e+009
8.31965e+009
2.11068e+008
758817
1.9634e+008
1.26965e+007
4.27543e+009
1.66141e+009
7.52346e+008
1.06568e+007
1.09531e+008
2.51193e+007
7.6538e+009
7.89766e+008
7.98634e+006
5.86758e+009
1.21129e+008
556594
3.20909e+006
7.04754e+006
781973
231512
4.90233e+006
1.07039e+009
2.48027e+006
171776
4.00418e+008
3.11359e+009
9.7749e+008
2.50083e+007
198968
7.63838e+009
4.23154e+011
8.18727e+008
601923
1.89024e+009
4.8591e+008
1.04619e+008
2.48751e+008
3.90643e+007
8.4696e+010
1.06359e+009
1.3603e+013
3.86022e+007
31517
1.0406e+008
3.85908e+007
1.27911e+010
1.39419e+007
8.34087e+006
1.42681e+009
8.16365e+008
1.38071e+010
1.6803e+008
1.20935e+006
3.70592e+007
6.11887e+006
2.45311e+008
1.61141e+009
3.09595e+007
1.07676e+011
986966
7.38659e+006
1.74949e+011
1.55959e+007
2.84228e+009
6.74268e+007
2.74609e+009
4.30785e+008
1.6328e+009
2.15051e+009
1.50864e+008
2.82099e+007
5.09358e+008
1.77283e+010
7.85523e+013
2.43142e+008
3.91606e+008
1.35656e+009
5.61632e+009
8.73815e+007
4.30229e+009
5.26751e+007
5.26763e+008
4.54195e+009
1.32489e+010
4.20031e+007
4.83413e+006
2.17284e+009
2.30446e+007
2.59407e+008
6.96027e+008
96493.7
1.1385e+015
7.47426e+008
3.68527e+009
7.47976e+006
2.99395e+007
6.59408e+008
3.61535e+007
7.64855e+011
3.60484e+009
9.07723e+007
5.58334e+009
1.61955e+012
5.97904e+008
9.91376e+007
4.15537e+011
1.16398e+013
1.13742e+006
1.25991e+007
1.06275e+011
7.73152e+007
1.50436e+008
8.69854e+006
8.50913e+007
2.42407e+014
8.92617e+010
2.87375e+008
2.9691e+007
1.78905e+011
3.71302e+009
9.51088e+008
1.35643e+009
3.07762e+012
7.73759e+008
2.70685e+010
1.73612e+009
2.96924e+008
2.81743e+008
3.83119e+006
1.25996e+009
1.57674e+009
1.50966e+007
2.23951e+006
274372
4.69655e+006
415194
4.43533e+006
1.28394e+007
4.5481e+014
394773
1.09074e+007
2.85612e+012
6.8269e+006
3.13109e+007
252582
1.42764e+007
3.38131e+009
3.64898e+006
2.23194e+006
1.07633e+009
9.91814e+008
5.13774e+008
3.08388e+008
7.19821e+015
9.63177e+006
2.25841e+010
5.79209e+012
6.19371e+008
7.44401e+008
7.0445e+013
1.30562e+007
1.60211e+007
5.67342e+009
2.34172e+011
5.08923e+008
6.55693e+009
6.73462e+009
1.84573e+007
847582
1.55595e+007
1.34455e+007
3.26826e+007
7.71347e+008
1.52413e+010
1.2628e+007
671042
4.8377e+011
1.38579e+012
1.28946e+008
1.14013e+008
1.55298e+010
7.01183e+006
4.73798e+009
8.96451e+006
2.64697e+009
2.12102e+010
9.81172e+006
5.98779e+007
2.30219e+009
9.88698e+006
4.01716e+008
1.49493e+007
2.90087e+010
1.88644e+008
1.40952e+007
3.30701e+006
6.25999e+009
4.77591e+008
1.92269e+010
4.22955e+011
2.29504e+008
1.95344e+009
2.2635e+008
5.05212e+010
1.10562e+012
3.17337e+008
3.46944e+008
1.60946e+007
397971
4.18527e+016
104076
1.90079e+011
1.26224e+010
9.34906e+007
3.34328e+008
1.42797e+007
1.26893e+008
6.903e+007
2.70218e+006
3.81304e+008
1.73981e+008
1.92732e+007
4.96052e+006
4.28827e+011
2.80655e+008
1.53884e+011
1.54768e+007
3.38002e+008
1.67961e+007
2.4939e+007
5.26826e+007
1.69477e+008
6.9595e+006
1.18598e+006
1.13915e+008
2.13972e+008
5.49949e+007
1.00124e+008
822477
6.13324e+007
2.14989e+006
7.24839e+010
1.38394e+007
2.25219e+006
1.3155e+008
4.7712e+008
8.56427e+008
3.23886e+007
2.73738e+008
2.04758e+011
2.12494e+009
5.82675e+006
1.80536e+012
3.89242e+006
2.2531e+008
2.81303e+010
1.18449e+007
4.41261e+013
5.73754e+009
2.95568e+020
4.77423e+007
2.27371e+006
4.97316e+009
1.84611e+007
1.52399e+007
1.00764e+010
1.35424e+007
848819
5.03213e+006
1.03627e+009
598449
7.51755e+006
4.91263e+014
8.74017e+011
3.44303e+010
2.03978e+008
2.71427e+007
5.03272e+008
3.54395e+007
8.28922e+010
2.11875e+009
1.76297e+007
7.50143e+007
5.25999e+007
1.34189e+012
1.43931e+006
3.40645e+008
2.25923e+007
2.89978e+007
9.53864e+009
7.07413e+006
4.27364e+013
2.72389e+009
2.54765e+007
1.01874e+007
6.31217e+008
3.93795e+008
1.16029e+006
4.45088e+006
1.37131e+010
1.09185e+008
7.75609e+007
3.76243e+009
4.01913e+008
4.68256e+006
1.43447e+006
1.81475e+007
1.15104e+007
1.4417e+010
5.66736e+008
1.52674e+007
2.09641e+006
335842
2.36912e+010
312671
1.23855e+006
1.85505e+008
7.5002e+006
7.60955e+008
5.76432e+011
61583.9
1.03694e+006
5.92173e+006
2.51152e+007
1.08641e+007
1.43986e+008
1.51575e+007
1.00915e+008
3.0675e+007
1.88035e+018
663158
2.42421e+008
2.49886e+010
837291
7.69402e+006
1.87821e+010
5.20847e+006
757729
3.34674e+010
2.06045e+008
3.01688e+011
1.41402e+008
1.21951e+010
6.7883e+006
1.38332e+007
7.4191e+007
3.41116e+008
1.47333e+007
1.22369e+010
5.56365e+007
2.11275e+007
4.51643e+008
3.10086e+007
209954
2.78162e+008
6.91943e+007
2.00785e+010
1.14744e+007
590936
3.70841e+010
6.40044e+008
1.65325e+012
9.6287e+010
8.46157e+008
4.10888e+007
1.71047e+008
1.61973e+006
3.48586e+006
7.15756e+007
2.77645e+007
3.25691e+008
7.58016e+007
1.00679e+007
9.1518e+007
2.67414e+008
1.13554e+007
6.23258e+008
31459.1
5.14548e+010
4.58204e+009
1.01278e+008
8.45326e+008
2.57645e+006
9.7211e+008
581527
4.14201e+011
1.15633e+011
4.28691e+007
1.65535e+008
7.5567e+006
387704
3.74799e+008
1.71917e+009
2.8123e+007
6.63827e+007
3.73842e+008
2.08847e+012
1.31175e+006
1.67621e+006
6.60359e+007
5.05054e+008
1.06842e+006
2.77211e+008
4.54939e+007
3.13085e+006
4.95493e+008
4.57535e+006
2.18754e+008
8.93704e+006
1.57095e+009
2.36372e+007
39755.1
4.49168e+008
2.67254e+006
3.43683e+011
1.11324e+008
1.8346e+011
2.29128e+007
7.4737e+011
1.41184e+007
5.97921e+008
5.38615e+006
4.86886e+012
5.96387e+007
2.66814e+009
1.1047e+008
1.2105e+007
206956
7.34395e+010
652981
3.31385e+006
5.08351e+006
9.93392e+011
859125
4.22526e+011
6.44869e+007
1.77856e+009
1.21011e+008
4.53436e+007
3.24225e+007
4.52683e+006
7.65285e+008
2.0991e+007
2.35428e+008
2.8495e+007
1.23776e+008
331939
4.47379e+010
1.52553e+010
1.54704e+013
694638
1.3065e+007
3.37929e+007
1.24549e+011
9.82231e+010
4.86882e+007
1.04002e+013
1.24716e+007
7.8416e+007
2.24443e+008
1.10459e+007
6.93e+008
4.74602e+011
1.66134e+012
6.11072e+007
7.45234e+006
1.00236e+011
8.48559e+006
6.57658e+007
9.84918e+011
8.62132e+011
2.34314e+016
1.74506e+006
284267
9.17427e+007
3.98854e+008
3.06411e+009
8.54953e+006
3.57985e+008
1.8079e+008
7.2689e+007
1.88623e+006
593579
384113
1.00672e+007
1.68096e+010
2.14242e+007
5.09428e+007
2.31462e+011
3.81909e+010
1.48006e+009
5.87064e+006
2.26632e+007
5.60838e+006
2.5113e+007
1.63457e+013
3.96386e+009
4.12937e+006
6.21948e+007
263820
2.7386e+006
8.73011e+007
8.37527e+006
4.7196e+007
5.90865e+011
1.88596e+011
2.69228e+007
7.00414e+006
6.43387e+006
2.85876e+008
1.96204e+007
5.86255e+007
9.043e+010
1.82577e+009
1.2042e+007
5.89298e+008
2.03974e+010
6.92889e+009
3.54508e+007
1.83553e+006
1.90235e+007
1.94582e+010
5.20111e+008
5.89047e+009
1.54072e+006
1.47478e+008
2.27794e+007
3.63331e+010
383211
4.41787e+009
1.3219e+007
1.28063e+009
627058
2.97088e+006
7.06208e+007
2.84715e+007
9.39061e+009
2.27818e+008
165335
2.7858e+006
6.37346e+008
1.30886e+006
6.70323e+009
8.68116e+006
1.62504e+008
2.58405e+006
1.79268e+019
2.47682e+008
2.41232e+009
1.38719e+008
2.92389e+009
5.16891e+009
1.96972e+013
1.83739e+007
5.52715e+009
2.53705e+007
573994
938346
3.33956e+013
9.11093e+011
2.67678e+007
1.87211e+009
4.77879e+007
1.60256e+009
2.53158e+007
1.27006e+007
469238
8.91446e+008
121132
1.13501e+009
1.01766e+008
2.49469e+008
1.03494e+008
2.28841e+007
1.33282e+006
1.00945e+007
8.34954e+009
2.55531e+007
4.60468e+006
269099
2.0735e+011
1.42438e+009
1.10055e+007
3.21475e+008
2.92075e+009
1.4821e+015
1.5774e+007
87435.6
9.01184e+009
2.66257e+009
2.52542e+008
4.93604e+008
7.23133e+008
6.34107e+006
1.44069e+006
1.89153e+009
154898
1.7776e+007
1.63069e+007
1.74294e+007
1.05275e+015
3.69605e+007
4.45578e+012
3.91375e+009
3.11122e+007
228094
4.95682e+010
8.37285e+007
1.44629e+010
2.1133e+007
5.41339e+009
2.17197e+008
7.71062e+008
2.4905e+006
4.8574e+011
1.67126e+007
3.81933e+008
1.28574e+013
1.36252e+008
6.16383e+006
1.31039e+007
8.5399e+015
5.77823e+008
3.82897e+008
2.79984e+011
1.97481e+012
4.57157e+007
3.57211e+006
9.45458e+008
2.35778e+015
1.05953e+011
9.26476e+011
1.27931e+010
6.05648e+007
2.82454e+007
3.13809e+007
4.33512e+010
4.09168e+008
2.46106e+012
1.60804e+006
4.78258e+007
8.8054e+009
2.08847e+010
6.30308e+008
1.45593e+011
3.52815e+008
2.35345e+010
2.9946e+007
2.6963e+007
1.61065e+009
3.18903e+007
3.12727e+009
685274
4.36472e+011
2.15444e+007
3.73289e+007
1.91012e+006
9.41979e+006
1.90061e+007
1.65276e+008
3.74014e+010
2.36305e+009
2.37972e+009
4.47329e+011
8.71194e+010
250512
2.55222e+011
2.70389e+010
2.52264e+013
1.87365e+009
4.52445e+006
9.526e+012
1.61867e+012
2.71393e+007
647470
1.61154e+008
2.80095e+009
2.10563e+010
3.30543e+017
5.19521e+008
1.57894e+011
3.03495e+006
1.73545e+009
2.37894e+008
1.96477e+009
1.14607e+008
1.53047e+013
2.9338e+014
9.61153e+006
8.44995e+013
3.72273e+008
760234
675988
1.13437e+010
1.16616e+010
5.68529e+008
9.88666e+006
8.3239e+013
1.91422e+010
1.26487e+008
4.9503e+006
364192
8.68735e+009
3.90446e+006
1.14246e+009
9.97482e+007
5.27179e+006
58376.3
2.25719e+006
1.68502e+012
1.5041e+009
1.09079e+007
1.05934e+007
1.29186e+008
6.98797e+008
5.66871e+007
9.99642e+007
3.81544e+009
6.93625e+006
3.87697e+006
5.48238e+009
8.21765e+011
3.94937e+006
9.33255e+007
4.87338e+008
7.11429e+011
1.5368e+014
5.65581e+009
1.20416e+011
1.43563e+008
9.82798e+008
6.10984e+006
3.55889e+011
8.60917e+008
5.19057e+007
7.96081e+012
7.20546e+006
1.57957e+009
1.15047e+010
3.57242e+008
6.24083e+008
5.30484e+009
5.82318e+012
1.08955e+006
7.44663e+008
1.85623e+009
1.04775e+007
434449
6.39584e+007
3.98994e+008
2.25208e+008
6.69839e+014
2.45711e+011
1.24747e+009
3.91259e+010
3.3853e+010
6.44171e+008
8.3929e+009
1.56151e+007
7.06506e+007
7.9377e+011
513659
1.19867e+009
2.81168e+007
1.34685e+007
1.33214e+007
1.98033e+008
3.69409e+006
2.73885e+007
1.11218e+006
4.03028e+008
1.35644e+006
1.43518e+006
5.66929e+011
1.0157e+009
3.22984e+008
507897
1.99283e+009
3.35481e+009
1.04888e+009
3.23026e+007
7.58334e+006
5.61549e+009
6.60728e+008
4.60758e+008
2.0666e+008
2.46113e+007
2.50706e+008
1.41523e+006
4.17183e+010
1.83403e+007
2.38065e+008
27246.9
3.2002e+006
9.05564e+006
5.43965e+006
1.63963e+008
1.79385e+007
2.03917e+006
4.70676e+010
1.00006e+008
8.93996e+007
9.53548e+007
3.03449e+007
1.57791e+006
6.14822e+011
893950
2.15981e+007
4.23407e+013
1.4341e+008
1.93305e+007
4.60829e+009
4.40924e+008
3.2797e+013
5.84765e+008
2.21721e+008
1.79316e+006
1.43197e+011
4.18638e+010
6.3735e+011
3.16685e+007
4.95222e+010
6.79498e+009
2.49702e+009
1.22164e+007
1.53133e+008
4.62771e+006
2.01242e+006
7.33506e+012
1.68026e+008
2.42505e+010
1.26888e+008
1.04289e+011
4.3728e+017
5.03137e+006
4.30823e+009
8.13826e+010
9.01276e+006
2.19565e+006
5.83344e+008
5.38093e+010
8.37402e+009
9.12452e+007
2.29e+009
3.36568e+008
3.8738e+008
1.64962e+007
6.78482e+014
3.18566e+013
1.37776e+006
2.12446e+006
3.06503e+009
2.11274e+008
8.38424e+010
3.46747e+010
3.50047e+008
1.79072e+010
2.38211e+008
1.19734e+010
6.98943e+006
1.92383e+008
2.38733e+006
1.22799e+009
3.72274e+007
3.31983e+009
5.02622e+010
9.73962e+008
168246
9.66287e+009
2.25111e+007
2.30149e+007
2.22735e+008
7.24292e+007
1.09258e+007
3.29492e+011
1.58812e+009
285773
2.17714e+011
4.29996e+006
3.13317e+009
5.43491e+008
2.60123e+008
1.63054e+009
788654
1.5342e+010
2.41335e+008
2.461e+012
3.86044e+006
1.39021e+009
1.46873e+007
5.15047e+006
1.92686e+010
899165
5.04788e+006
5.50562e+008
6.80609e+007
1.6798e+010
1.8883e+009
6.16843e+009
1.18354e+014
2.72571e+010
2.5267e+007
7.61293e+006
1.53322e+009
2.42421e+006
3.29075e+008
5.71231e+008
1.32973e+007
1.33641e+009
2.91837e+006
1.29183e+007
6.26063e+007
2.95664e+007
3.56335e+006
1.75672e+014
1.94546e+009
2.62861e+012
2.25217e+009
1.71202e+007
3.01452e+007
4.8799e+011
1.21875e+012
9.4655e+006
2.08149e+013
1.40987e+008
1.61152e+008
5.0405e+010
1.31254e+006
4.13819e+011
4.23171e+006
2.4869e+009
2.19389e+007
1.61143e+006
3.77404e+007
8.09744e+006
3.27717e+015
7.0355e+006
1.55062e+009
4.55709e+008
2.73827e+007
2.41075e+007
1.19367e+007
6.49967e+007
1.07625e+011
3.91032e+006
7.13402e+008
6.19193e+008
1.32093e+006
1.18897e+009
7.00466e+006
2.41518e+011
2.82603e+008
1.53092e+012
1.42686e+009
536600
1.16478e+009
1.14079e+019
8.66985e+014
119303
4.67532e+010
3.1154e+008
1.01104e+009
1.825e+009
6.14366e+008
1.87329e+007
8.88149e+009
7.18972e+008
2.0905e+009
5.26032e+007
6.00916e+006
2.31612e+009
624937
385106
1.66004e+006
1.24023e+009
3.7311e+006
1.69137e+009
1.02566e+006
2.30517e+008
5.52523e+008
4.61935e+008
454642
73199.7
432805
8.50651e+012
1.0477e+010
2.6056e+009
4.63762e+008
7.1057e+009
3.30427e+009
1.44226e+008
4.39019e+006
3.39995e+008
2.70688e+010
7.97406e+007
1.26417e+007
1.02605e+010
2.11789e+007
1.16758e+008
1.33167e+007
7.35629e+007
5.39582e+014
1.16779e+010
7.06768e+006
1.19353e+007
2.5362e+009
2.27071e+015
3.94487e+009
6.6724e+008
2.14592e+009
5.52796e+009
5.31026e+013
1.2662e+006
7.69614e+012
1.78465e+009
1.25024e+008
965299
3.53012e+011
3.26641e+008
242735
7.09747e+007
4.65537e+007
1.53014e+008
2.90822e+006
1.2306e+009
3.23461e+008
1.93008e+007
3.03463e+006
1.6496e+009
4.88122e+006
3.65141e+006
4.21972e+008
1.54803e+007
7.9399e+006
1.12024e+007
797088
1.58951e+010
7.23239e+006
2.52905e+007
4.06586e+010
6.54816e+008
3.37962e+009
7.74629e+007
1.92591e+010
9.20483e+010
2.98814e+009
1.6582e+009
2.12581e+006
1.37843e+008
725199
9.93456e+009
1.38615e+009
2.02755e+008
7.34767e+006
1.46347e+007
1.16122e+007
3.48609e+007
7.03508e+006
6.88677e+006
5.61866e+009
8.28765e+020
2.75901e+007
7.98441e+009
7.66455e+006
2.44869e+007
2.27448e+007
3.8903e+008
7.47685e+009
1.65318e+010
3.64555e+010
1.89459e+007
7.437e+008
1.06433e+012
3.34302e+010
5.33875e+006
3.25871e+007
4.96723e+007
165344
3.36731e+007
2.40437e+008
6.06491e+007
5.19769e+007
2.55685e+006
4.96805e+007
2.32389e+008
705936
2.31359e+010
5.82925e+008
2.21836e+011
2.28713e+007
421685
1.10976e+009
4.04616e+008
3.3328e+007
7.74902e+006
4.10859e+006
1.69895e+008
1.34197e+009
2.30765e+008
9.39681e+007
8.38826e+007
3.06175e+007
4.48826e+009
3.06417e+010
5.30019e+007
1.58757e+007
3.31917e+012
5.23202e+006
5.21357e+007
2.55703e+007
4.24507e+008
1.71455e+007
7.6998e+009
1.28119e+006
2.40646e+009
8.58247e+009
2.38749e+009
5.61396e+009
5.39729e+007
5.70083e+007
1.41014e+006
3.72332e+010
5.44356e+006
5.63006e+006
4.48234e+007
1.26063e+008
3.84505e+018
7.19498e+007
1.52818e+007
2.17636e+006
3.33722e+007
4.17455e+010
8.64461e+010
8.5492e+008
2.00665e+010
270218
2.74395e+006
230297
8.99185e+010
833381
4.05661e+009
1.69985e+008
1.52681e+013
4.34427e+008
2.30769e+006
116374
7.65679e+012
4.56413e+011
3.97662e+006
2.65033e+010
5.89491e+007
1.20561e+009
4.64183e+010
1.38969e+013
1.50783e+014
2.14989e+011
2.07494e+007
1.27911e+006
2.30741e+008
4.58219e+006
9.64291e+008
2.12448e+008
1.98238e+010
7.61972e+008
1.23045e+007
1.19642e+016
2.99922e+007
1.17521e+007
5.56675e+006
1.48677e+007
2.71484e+007
3.7386e+008
2.43962e+006
2.20543e+010
5.75036e+007
561873
4.80516e+007
8.08145e+015
1.37993e+010
4.11966e+006
1.97831e+006
2.36093e+007
371104
5.34359e+010
2.35288e+007
1.404e+013
1.54581e+007
4.92315e+006
2.97814e+009
4.21206e+007
2.16635e+008
1.21538e+013
3.65487e+009
2.12469e+010
1.24292e+013
3.69001e+013
9.8479e+006
2.4807e+006
5.87027e+010
5.63264e+007
6.16324e+007
1.12271e+010
2.75074e+011
6.61604e+007
6.7078e+007
7.15783e+007
2.18442e+009
3.80465e+007
3.46089e+006
1.65776e+007
1.80968e+009
9.04243e+006
5.45286e+007
7.88838e+010
6.36066e+006
5.69443e+007
1.63603e+008
215121
1.91727e+006
344548
2.25685e+010
9.78166e+006
8.87821e+011
8.2139e+014
1.24581e+008
3.15425e+010
8.24936e+009
8.02836e+008
1.25005e+009
4.56044e+006
2.86132e+008
4.29761e+007
1.22449e+007
4.30632e+007
2.71691e+009
4.79412e+007
1.10012e+008
128266
1.62501e+006
2.43761e+008
1.46914e+009
1.24017e+007
3.55926e+008
1.58946e+009
4.53519e+007
1.11501e+008
7.8089e+012
1.74447e+009
1.69312e+006
2.01615e+008
1.56426e+006
2.10418e+006
4.29109e+011
8.1106e+009
1.17215e+017
4.90663e+014
1.06752e+009
2.25007e+009
45997.9
4.9229e+008
4.0187e+008
5.40393e+009
1.03912e+013
4.10128e+007
2.21971e+006
2.51157e+006
3.03184e+018
4.65702e+006
3.68085e+007
5.30665e+009
9.51981e+010
6.84686e+008
1.06637e+006
4.41983e+006
6.93286e+007
5.3456e+009
5.67433e+009
1.92835e+008
2.13583e+006
7.31627e+010
3.04867e+007
7.15105e+011
1.00618e+010
1.12793e+008
4.31846e+007
9.17251e+007
6.2783e+006
1.13843e+008
9.33468e+006
4.75168e+011
1.91301e+008
2.08934e+008
2.40836e+008
1.11621e+010
2.26729e+007
2.18847e+007
1.54674e+008
8.63992e+008
561792
9.47583e+008
4.84599e+011
1.32626e+009
4.68197e+007
8.55102e+006
4.0028e+006
2.08442e+007
4.76543e+010
1.54726e+009
3.43446e+008
1.78694e+011
3.44482e+007
3.22479e+008
2.91755e+006
2.37133e+007
1.82104e+007
1.1299e+009
1.79325e+006
2.54751e+007
3.38145e+009
1.10783e+009
1.41085e+006
1.81888e+011
1.92171e+008
2.73847e+007
1.29555e+010
5.09078e+006
1.337e+008
1.16494e+008
6.74872e+009
1.53454e+007
2.69616e+008
4.5212e+011
2.79763e+015
8.05292e+006
2.12268e+008
6.77841e+007
5.51279e+009
2.03041e+009
1.06857e+006
206301
770926
5.22092e+006
6.62346e+008
4.52064e+006
2.91453e+006
6.12682e+013
7.53839e+007
1.07719e+014
3.4902e+007
3.73517e+008
7.73665e+009
1.39768e+008
289544
2.23796e+008
2.48591e+007
2.77054e+006
1.76604e+009
3.99291e+007
1.98818e+011
947783
5.83053e+007
9.86474e+006
4.48979e+011
4.67541e+006
2.44453e+006
1.6252e+007
3.93269e+007
217901
4.2521e+007
1.21566e+008
1.19452e+009
1.48128e+009
3.78141e+006
1.78974e+007
1.7737e+012
3.54993e+008
456640
1.81514e+010
1.22624e+008
4.08337e+006
1.30343e+007
8.37939e+006
6.46544e+007
3.42407e+008
763794
7.48738e+010
8.88018e+006
7.23563e+006
4.30515e+009
1.82906e+008
1.13033e+011
203700
1.00807e+008
3.88152e+008
8.00966e+007
5.00429e+008
2.46848e+008
5.58442e+010
4.63476e+007
824541
3.57302e+007
2.54394e+006
6.58345e+006
2.36646e+007
1.23911e+007
1.09711e+006
1.16506e+009
2.33434e+009
2.36804e+007
1.4592e+007
7.75758e+010
3.14189e+009
5.46792e+006
1.05256e+008
2.96047e+008
8.80801e+011
1.52092e+008
5.99945e+008
38908.2
69788.8
5.55944e+006
7.90335e+006
9.62885e+008
2.83007e+008
2.59305e+009
2.20034e+009
7.74503e+009
3.3722e+007
6.67307e+011
2.6533e+010
3.84431e+009
3.21897e+007
1.44637e+011
5.33129e+006
3.22122e+009
4.91503e+006
3.07017e+006
7.70793e+006
6.62659e+010
1.57054e+008
1.22796e+008
1.90343e+009
1.37139e+010
3.05415e+008
1.40859e+009
7.68101e+008
8.36036e+013
808493
4.96302e+007
4.86119e+007
3.03425e+009
2.78705e+007
1.94454e+006
5.91028e+009
5.67971e+014
1.59711e+011
2.3338e+007
1.58868e+008
1.73303e+007
4.0609e+008
3.43849e+009
2.06073e+008
1.55579e+010
2.37927e+012
8.59502e+008
1.0632e+007
4.94191e+008
2.05627e+007
1.55084e+006
1.72041e+007
1.99565e+006
3.86009e+010
1.39146e+008
2.34645e+008
4.46477e+010
8.13937e+011
2.90311e+010
9.82925e+008
9.11579e+011
1.15961e+011
2.90576e+008
322896
5.66004e+006
1.05189e+009
200066
4.11231e+010
4.62459e+006
6.17954e+014
1.01376e+011
1.31326e+006
6.85469e+006
1.11018e+010
5.84013e+006
6.62665e+006
6.74184e+009
252075
1.00671e+007
5.8754e+007
2.30036e+011
1.12011e+008
4.88038e+008
5.2593e+007
1.65006e+008
2.10671e+009
432265
3.65652e+007
1.63837e+010
3.71783e+008
3.79454e+006
2.10875e+007
5.28051e+007
1.77705e+008
4.67446e+009
8.47248e+007
1.99312e+010
228343
2.23365e+008
3.77159e+010
2.37932e+007
6.36415e+007
3.76338e+009
1.54709e+007
2.64833e+008
5.56455e+011
5.23393e+006
4.71958e+008
1.65421e+010
3.55175e+010
4.67433e+010
6.96938e+006
1.10042e+010
1.22331e+006
9.17561e+008
2.26328e+006
2.64013e+006
1.13903e+008
2.16379e+006
1.14332e+009
3.18835e+006
2.09565e+008
6.3534e+008
7.92706e+009
6.04717e+006
2.0341e+007
2.03675e+013
9.33897e+012
9.61032e+009
3.49349e+006
3.43483e+008
7.03991e+010
129526
5.39768e+009
1.6603e+011
261687
2.16433e+008
958414
3.88388e+006
3.47525e+008
6.62786e+007
2.43279e+009
2.80123e+007
1.8278e+008
2.41951e+007
2.42919e+009
2.46858e+012
1.21588e+008
6.83718e+006
3.40116e+009
4.28724e+009
2.94589e+008
1.77475e+006
2.93812e+017
1.55572e+008
1.72158e+008
1.7365e+009
5.62713e+007
2.73849e+009
5.40252e+008
4.51628e+008
1.11574e+011
3.23663e+006
1.46948e+008
4.23449e+006
1.66118e+010
2.14983e+006
5.25435e+007
1.00108e+008
7.707e+009
1.3948e+009
1.35429e+008
1.00691e+008
1.58144e+008
2.1021e+008
6.29792e+012
1.35509e+009
1.56961e+007
4.2995e+014
2.45619e+007
9.89348e+006
5.06671e+006
1.19039e+007
9.23504e+008
2.22286e+010
2.01271e+008
6.74354e+007
1.82714e+006
3.98741e+007
9.36183e+008
3.79345e+007
1.17429e+008
7.77941e+006
3.9001e+009
2.1158e+008
9.14668e+008
3.5104e+006
7.81893e+007
6.7446e+009
1.28965e+008
3.01973e+009
1.26172e+008
4.56285e+007
4.56803e+007
3.38198e+010
7.13333e+008
8.33769e+007
230358
3.30641e+008
2.86301e+010
1.79927e+009
1.18901e+010
1.55846e+007
577991
9.30051e+006
3.6865e+008
5.48294e+006
1.36833e+007
1.13527e+006
1.26816e+011
2.52143e+007
1.22197e+009
872878
1.26918e+014
1.25013e+010
367563
1.08595e+009
6.32903e+007
2.27304e+010
7.88688e+007
2.32994e+011
1.77978e+008
1.24404e+007
7.71289e+008
1.94142e+007
8.29755e+008
1.05417e+008
2.57228e+011
4.39327e+008
7.01516e+008
9.70904e+006
3.83865e+013
557330
5.81742e+007
3.00617e+006
1.41138e+008
1.47336e+011
1.44991e+019
1.50248e+012
7.90391e+010
6.87892e+006
2.37977e+009
6.06435e+007
1.65882e+010
1.98609e+009
162073
2.19408e+006
1.2444e+011
3.44641e+007
1.12613e+006
132920
1.39643e+009
2.90549e+007
7.76055e+009
2.79731e+009
6.39555e+007
3.1604e+006
4.08151e+011
2.68909e+007
2.77063e+007
2.88983e+009
2.14232e+009
3.21674e+006
1.03801e+009
2.89516e+009
1.95548e+008
3.76065e+008
3.74945e+006
7.62814e+006
1.80325e+010
6.42773e+008
4.71757e+009
40656.5
4.28945e+006
3.97574e+008
2.41555e+007
2.19099e+009
7.19438e+008
1.8767e+006
5.93594e+006
5.25897e+007
5.34228e+009
9.97316e+006
1.07458e+008
1.29859e+008
2.42018e+007
433119
6.29822e+007
2.17937e+007
2.55979e+012
2.38457e+006
5.68717e+007
6.46677e+008
7.82642e+007
2.37684e+008
1.27094e+009
1.24682e+008
5.78357e+009
2.10136e+006
1.54548e+008
1.06216e+009
6.88369e+008
4.80644e+006
6.54049e+010
1.74613e+009
3.64447e+007
1.1458e+010
9.68234e+009
9.59019e+009
2.06234e+007
4.11705e+008
2.24318e+008
1.18574e+012
1.95372e+006
1.06456e+011
3.85139e+010
2.68513e+007
2.82543e+008
3.79733e+009
3.68091e+009
3.82021e+008
4.92276e+008
3.95885e+006
1.32622e+007
5.87461e+011
1.41413e+010
3.70673e+009
1.14317e+011
