10
Cu        -0.108748           0.689179            2.6454              
Cu        1.91671             -0.759222           2.14671             
Cu        -2.27712            -0.222176           1.68799             
Au        -0.111143           -0.937374           0.763041            
Au        1.47579             1.24064             0.78264             
Au        -1.07228            1.56694             0.503931            
Cu        0.311556            0.582634            -1.32193            
Cu        0.0179437           -1.85489            -1.49129            
Cu        2.0871              -0.905095           -0.369208           
Cu        -1.93923            -0.389502           -0.809606           
