10
0         -0.108748           0.689179            2.6454              
0         1.91671             -0.759222           2.14671             
0         -2.27712            -0.222176           1.68799             
1         -0.111143           -0.937374           0.763041            
1         1.47579             1.24064             0.78264             
1         -1.07228            1.56694             0.503931            
0         0.311556            0.582634            -1.32193            
0         0.0179437           -1.85489            -1.49129            
0         2.0871              -0.905095           -0.369208           
0         -1.93923            -0.389502           -0.809606           
