16
1         0.152577            -2.40238            1.57248             
1         2.98507             0.800301            0.287166            
1         -2.17453            -1.84483            0.431929            
1         -1.99519            -0.591159           -1.88091            
1         0.0264924           -2.23367            -1.18996            
1         -1.41342            2.31176             2.11413             
1         0.0135718           0.216514            0.0379555           
1         1.47286             -0.153529           2.33182             
1         -0.953935           2.78149             -0.46624            
1         -0.343805           1.27607             -2.63029            
1         1.79778             -0.230851           -1.99374            
1         -1.27364            -0.293033           2.47183             
1         1.11551             2.40836             1.38772             
1         -2.69401            0.814015            0.32336             
1         1.60722             2.43118             -1.28409            
1         2.30264             -1.74674            0.190499            
