12
1         0.482152            1.76138             1.75663             
1         -0.60773            -0.552791           2.50648             
1         1.97392             -0.452755           1.836               
1         -1.96902            1.04454             0.933806            
0         0.450773            -2.36594            1.04394             
0         -1.92298            -1.47737            0.519868            
0         0.113849            -0.0824146          0.10583             
1         0.769729            0.137806            -2.29868            
1         -1.79536            0.0641042           -1.51509            
1         2.15039             -1.44908            -0.652596           
1         2.22461             1.19454             -0.255725           
1         -0.332245           -2.10809            -1.37831            
