12
1         -0.567684           1.6102              2.70022             
1         -0.867216           -1.08371            2.9371              
1         1.19981             -2.23302            1.66611             
1         1.57495             0.0275256           3.03671             
1         -0.701547           2.24186             0.0571058           
1         -2.29259            0.284657            1.07037             
1         -1.1862             -2.11697            0.440385            
1         1.67542             2.0445              1.28998             
0         0.247297            -0.0153714          0.870034            
1         -1.08381            -0.0616589          -1.33955            
1         1.06844             -1.61314            -0.927695           
1         1.36239             1.03052             -1.16016            
