15
1         -0.982418           -2.14684            0.924026            
1         -0.199792           0.346419            0.42807             
0         -0.0463458          0.419803            -2.15581            
0         0.567257            -1.70649            -1.02298            
1         0.176038            0.395664            -4.71777            
1         -2.22464            0.501896            -3.49476            
1         1.87044             -0.994989           -3.14947            
1         -0.566124           2.63337             -3.35099            
1         -0.698494           -1.7969             -3.32471            
1         1.97169             1.69723             -3.15356            
1         -2.0787             -0.890915           -1.13713            
1         -1.91186            1.84619             -1.14104            
1         2.17638             0.319927            -0.847168           
1         0.679586            2.55991             -0.928378           
1         -1.27709            -3.41293            -1.29285            
