28
Au        0.155732            -0.841793           7.71232             
Au        -1.6615             0.854181            6.69656             
Au        -2.20836            -1.78326            6.60614             
Au        1.0829              1.26343             6.12862             
Au        0.0740668           -3.06004            6.18939             
Au        2.1557              -1.21239            5.83725             
Cu        -0.363818           -0.748954           5.26859             
Au        -0.836208           1.64307             4.20191             
Au        3.43978             0.975569            4.71295             
Au        -2.78948            -0.302462           4.41685             
Au        1.64359             2.68338             3.54856             
Cu        3.23856             -1.27231            3.46847             
Cu        -1.62911            -2.65361            4.14496             
Cu        1.30766             0.160957            3.8185              
Au        0.941958            -2.45967            3.75641             
Cu        -0.797614           -0.697892           2.85677             
Au        -0.6292             3.46394             2.14903             
Au        -2.31494            1.20366             1.97228             
Au        2.93426             0.871263            1.99308             
Au        1.68233             2.97799             0.788219            
Au        -2.94877            -1.56662            2.05393             
Au        -0.629194           -2.87294            1.587               
Cu        1.39395             -1.17723            1.61272             
Cu        0.324147            1.16824             1.83239             
Au        -1.06841            -0.503517           0.290675            
Au        0.752552            -2.12703            -0.594774           
Au        1.43562             0.480738            -0.34686            
Au        -0.737365           2.18223             -0.192119           
