28
1         0.155732            -0.841793           7.71232             
1         -1.6615             0.854181            6.69656             
1         -2.20836            -1.78326            6.60614             
1         1.0829              1.26343             6.12862             
1         0.0740668           -3.06004            6.18939             
1         2.1557              -1.21239            5.83725             
0         -0.363818           -0.748954           5.26859             
1         -0.836208           1.64307             4.20191             
1         3.43978             0.975569            4.71295             
1         -2.78948            -0.302462           4.41685             
1         1.64359             2.68338             3.54856             
0         3.23856             -1.27231            3.46847             
0         -1.62911            -2.65361            4.14496             
0         1.30766             0.160957            3.8185              
1         0.941958            -2.45967            3.75641             
0         -0.797614           -0.697892           2.85677             
1         -0.6292             3.46394             2.14903             
1         -2.31494            1.20366             1.97228             
1         2.93426             0.871263            1.99308             
1         1.68233             2.97799             0.788219            
1         -2.94877            -1.56662            2.05393             
1         -0.629194           -2.87294            1.587               
0         1.39395             -1.17723            1.61272             
0         0.324147            1.16824             1.83239             
1         -1.06841            -0.503517           0.290675            
1         0.752552            -2.12703            -0.594774           
1         1.43562             0.480738            -0.34686            
1         -0.737365           2.18223             -0.192119           
