10
Cu        0.117795            -1.0077             2.17184             
Cu        -0.670066           1.40781             2.19638             
Cu        1.40536             -0.72632            -1.6606             
Cu        0.684725            1.70389             -1.83617            
Cu        -1.25144            1.96973             -0.212409           
Cu        2.12546             -1.42903            0.672569            
Au        -1.02349            -0.0679678          -1.67139            
Au        -0.137882           -1.99374            -0.129294           
Au        0.7282              0.572372            0.350084            
Au        -1.85627            -0.249962           0.80738             
