10
0         0.117795            -1.0077             2.17184             
0         -0.670066           1.40781             2.19638             
0         1.40536             -0.72632            -1.6606             
0         0.684725            1.70389             -1.83617            
0         -1.25144            1.96973             -0.212409           
0         2.12546             -1.42903            0.672569            
1         -1.02349            -0.0679678          -1.67139            
1         -0.137882           -1.99374            -0.129294           
1         0.7282              0.572372            0.350084            
1         -1.85627            -0.249962           0.80738             
