16
1         -0.0791946          3.54346             1.02748             
0         -2.61939            -0.731              0.156186            
0         -0.205018           -0.31645            0.167056            
1         -1.01472            -2.59894            0.903141            
1         0.845468            1.82195             -0.625028           
0         -1.04772            -1.88083            -1.55129            
1         -1.49283            0.624922            -1.7356             
1         -1.75453            1.60849             0.759515            
1         -1.36088            -0.451473           2.41461             
0         0.586344            1.21979             1.88183             
1         1.08217             -1.37795            2.04356             
0         2.26221             -0.0817724          0.213007            
0         -1.21817            3.08118             -1.21038            
0         0.171628            1.91432             -2.9984             
1         1.21375             -2.29457            -0.439288           
0         0.912524            -0.303787           -2.03926            
