28
0         0.791372            0.0703986           3.97499             
1         2.69906             -1.29809            -0.633388           
1         -1.03763            3.68935             1.71285             
0         -1.56518            -0.927415           4.08696             
1         -1.13116            1.09211             -1.87762            
1         2.65344             -2.9621             1.60361             
0         0.550641            0.0974796           -0.246896           
1         0.762198            1.7411              2.06639             
1         2.85517             1.33144             0.34845             
0         1.80197             -0.591645           1.72273             
1         1.55169             0.810275            -2.43031            
0         -3.03558            -0.0535862          1.90211             
1         -3.34615            2.50396             1.71578             
1         3.16326             -1.13176            -3.21553            
1         -1.69008            3.46909             -0.824761           
1         3.12783             1.03028             3.15685             
1         -1.5691             1.44781             3.30493             
1         4.22408             0.769435            -1.84361            
1         4.29984             -0.791675           1.56415             
1         -1.79032            -0.939073           -0.238909           
1         2.74361             3.05114             -1.75902            
1         0.336079            -2.35856            0.483608            
0         -1.41227            1.41663             0.637459            
0         0.654758            2.59358             -0.323853           
0         0.591619            -2.34703            3.08351             
1         2.8838              -1.50192            3.80707             
0         -0.615599           -0.509566           1.93088             
1         0.241659            3.1908              -2.71901            
