16
Au        1.69695             0.24508             3.81847             
Au        -0.951606           -0.215369           3.70066             
Au        -0.00257981         2.30563             3.44516             
Au        0.757678            -1.93604            2.44326             
Au        2.28445             2.2168              2.01855             
Au        2.85173             -0.332414           1.48697             
Cu        0.378854            0.485227            1.57551             
Au        -2.01779            1.47799             1.88075             
Au        -1.62502            -1.15549            1.22241             
Au        -0.0100159          2.9447              0.815927            
Au        -0.474669           -3.4098             0.50976             
Au        0.510136            -0.10461            -2.50743            
Au        1.71896             1.29015             -0.501821           
Au        1.03674             -1.35111            -0.221385           
Au        -1.03116            0.837596            -0.597014           
Au        -1.31537            -1.75325            -1.42962            
