24
1         0.675161            0.789082            6.37223             
1         0.494566            -1.63388            5.36776             
1         -1.7448             0.0225265           5.20392             
1         2.66446             -0.150355           4.77462             
1         -0.687829           2.59951             5.03921             
1         1.95796             2.37921             4.5783              
0         0.279218            0.475094            3.7513              
1         -1.14154            -1.84127            3.26994             
1         1.58136             -1.62621            2.8189              
1         -3.48418            -0.631543           3.03595             
1         -2.11145            1.6313              3.00043             
1         2.31067             0.923181            2.21412             
1         0.348429            2.7881              2.47631             
1         -2.51088            -1.95886            0.84078             
1         0.0541083           -2.8667             1.02446             
1         -0.558804           0.0487469           1.27357             
1         1.77618             -0.861958           0.150746            
1         -3.24714            0.677206            0.63617             
1         -1.52646            2.79232             0.585254            
1         -1.31937            1.03905             -1.39915            
1         -0.592708           -1.56268            -1.19721            
1         1.11681             0.249497            -2.16964            
1         -3.16121            -0.89428            -1.51148            
1         1.01575             1.86069             -0.0605652          
