15
Au        -0.518124           0.49521             0.528257            
Cu        0.982845            -1.3588             -3.04951            
Cu        -1.52713            -1.95074            -2.7723             
Cu        -0.667522           0.227857            -1.99144            
Cu        1.59638             0.230327            -0.954913           
Au        -0.790123           -0.169964           -4.48431            
Au        1.24022             1.21202             -3.36388            
Au        -1.29349            2.24133             -3.40801            
Au        3.2718              -0.305833           -2.78276            
Au        -2.98792            0.152819            -3.04057            
Au        0.228044            2.44207             -1.16735            
Au        2.54204             -2.1127             -1.19662            
Au        0.0166325           -1.84984            -0.700248           
Au        -2.38826            1.78299             -0.948981           
Au        -2.49838            -0.908703           -0.629745           
